group	x	y	clickSelects
110	-2745403200	-4.1	110200
110	-2742724800	-1	110200
110	-2740305600	-3.2	110200
110	-2737627200	3.1	110200
110	-2735035200	11	110200
110	-2732356800	14	110200
110	-2729764800	14.2	110200
110	-2727086400	13.4	110200
110	-2724408000	11.2	110200
110	-2721816000	6.5	110200
110	-2719137600	1.1	110200
110	-2716545600	-2.1	110200
110	-2713867200	-0.2	110200
110	-2711188800	-1.4	110200
110	-2708683200	1.5	110200
110	-2706004800	3.8	110200
110	-2703412800	10.9	110200
110	-2700734400	11.2	110200
110	-2698142400	15.5	110200
110	-2695464000	13.7	110200
110	-2692785600	10.2	110200
110	-2690193600	5.8	110200
110	-2687515200	-0.2	110200
110	-2684923200	-0.3	110200
110	-2682244800	-7.9	110200
110	-2679566400	-2	110200
110	-2677147200	1	110200
110	-2674468800	6.7	110200
110	-2671876800	8.8	110200
110	-2669198400	14.8	110200
110	-2666606400	16.1	110200
110	-2663928000	13.5	110200
110	-2661249600	12.2	110200
110	-2658657600	5.7	110200
110	-2655979200	1.6	110200
110	-2653387200	-3.1	110200
110	-2650708800	-4.5	110200
110	-2648030400	-5	110200
110	-2645611200	-3	110200
110	-2642932800	6.8	110200
110	-2640340800	11.4	110200
110	-2637662400	12.7	110200
110	-2635070400	15.5	110200
110	-2632392000	15.5	110200
110	-2629713600	12.5	110200
110	-2627121600	7.4	110200
110	-2624443200	1.7	110200
110	-2621851200	-1.3	110200
110	-2619172800	-6.6	110200
110	-2616494400	-4.8	110200
110	-2614075200	-0.9	110200
110	-2611396800	5.6	110200
110	-2608804800	10.1	110200
110	-2606126400	13.7	110200
110	-2603534400	18.2	110200
110	-2600856000	14.6	110200
110	-2598177600	11.8	110200
110	-2595585600	3.4	110200
110	-2592907200	1.2	110200
110	-2590315200	-3.3	110200
110	-2587636800	-5	110200
110	-2584958400	-4.9	110200
110	-2582452800	0	110200
110	-2579774400	4.6	110200
110	-2577182400	11.8	110200
110	-2574504000	15.1	110200
110	-2571912000	14.6	110200
110	-2569233600	14.7	110200
110	-2566555200	10.9	110200
110	-2563963200	3.7	110200
110	-2561284800	-1.1	110200
110	-2558692800	-2.4	110200
110	-2556014400	-4.8	110200
110	-2553336000	-4	110200
110	-2550916800	-1.9	110200
110	-2548238400	5.2	110200
110	-2545646400	14.3	110200
110	-2542968000	16.8	110200
110	-2540376000	16.1	110200
110	-2537697600	14.7	110200
110	-2535019200	9.6	110200
110	-2532427200	6.6	110200
110	-2529748800	0	110200
110	-2527156800	-4.5	110200
110	-2524478400	-0.5	110200
110	-2521800000	-4.7	110200
110	-2519380800	0.6	110200
110	-2516702400	4.7	110200
110	-2514110400	12.1	110200
110	-2511432000	12.1	110200
110	-2508840000	15.7	110200
110	-2506161600	16.9	110200
110	-2503483200	10.4	110200
110	-2500891200	4.8	110200
110	-2498212800	0.6	110200
110	-2495620800	-6.8	110200
110	-2492942400	-7.8	110200
110	-2490264000	-5.8	110200
110	-2487844800	0.7	110200
110	-2485166400	3.7	110200
110	-2482574400	11.9	110200
110	-2479896000	14.7	110200
110	-2477304000	15.9	110200
110	-2474625600	13.3	110200
110	-2471947200	11	110200
110	-2469355200	7.1	110200
110	-2466676800	-0.7	110200
110	-2464084800	-0.7	110200
110	-2461406400	-4.3	110200
110	-2458728000	-1.2	110200
110	-2456222400	-1.8	110200
110	-2453544000	6.1	110200
110	-2450952000	10.1	110200
110	-2448273600	14.6	110200
110	-2445681600	14.2	110200
110	-2443003200	16.9	110200
110	-2440324800	11.3	110200
110	-2437732800	5	110200
110	-2435054400	-1.6	110200
110	-2432462400	-5.3	110200
110	-2429784000	-9.7	110200
110	-2427105600	-0.7	110200
110	-2424686400	1.4	110200
110	-2422008000	5.7	110200
110	-2419416000	9.7	110200
110	-2416737600	13.7	110200
110	-2414145600	16.2	110200
110	-2411467200	15	110200
110	-2408788800	11.3	110200
110	-2406196800	6.7	110200
110	-2403518400	0.4	110200
110	-2400926400	-3.3	110200
110	-2398248000	-6.8	110200
110	-2395569600	-1.7	110200
110	-2393150400	2.1	110200
110	-2390472000	7.2	110200
110	-2387880000	10.4	110200
110	-2385201600	13	110200
110	-2382609600	16.9	110200
110	-2379931200	15.2	110200
110	-2377252800	9.3	110200
110	-2374660800	7.1	110200
110	-2371982400	1.3	110200
110	-2369390400	-2.3	110200
110	-2366712000	-6.4	110200
110	-2364033600	-9	110200
110	-2361614400	-0.7	110200
110	-2358936000	5.1	110200
110	-2356344000	9.7	110200
110	-2353665600	14.4	110200
110	-2351073600	17.5	110200
110	-2348395200	14.5	110200
110	-2345716800	12.2	110200
110	-2343124800	5.4	110200
110	-2340446400	1.8	110200
110	-2337854400	-2.5	110200
110	-2335176000	-5.5	110200
110	-2332497600	-3.8	110200
110	-2329992000	1.9	110200
110	-2327313600	3.5	110200
110	-2324721600	9	110200
110	-2322043200	14.3	110200
110	-2319451200	16.6	110200
110	-2316772800	13.2	110200
110	-2314094400	11.8	110200
110	-2311502400	7.2	110200
110	-2308824000	0	110200
110	-2306232000	-2.6	110200
110	-2303553600	-4.1	110200
110	-2300875200	-0.6	110200
110	-2298456000	3.3	110200
110	-2295777600	6.3	110200
110	-2293185600	8.8	110200
110	-2290507200	14.9	110200
110	-2287915200	15.9	110200
110	-2285236800	15.2	110200
110	-2282558400	10.9	110200
110	-2279966400	4.8	110200
110	-2277288000	-1.2	110200
110	-2274696000	-2.8	110200
110	-2272017600	-1.7	110200
110	-2269339200	-1	110200
110	-2266920000	1.5	110200
110	-2264241600	6.4	110200
110	-2261649600	11.3	110200
110	-2258971200	13.8	110200
110	-2256379200	13.8	110200
110	-2253700800	16.3	110200
110	-2251022400	11.2	110200
110	-2248430400	7.2	110200
110	-2245752000	3.3	110200
110	-2243160000	-0.4	110200
110	-2240481600	-0.6	110200
110	-2237803200	-2	110200
110	-2235384000	0.2	110200
110	-2232705600	5.3	110200
110	-2230113600	9.4	110200
110	-2227435200	13	110200
110	-2224843200	14.6	110200
110	-2222164800	13.7	110200
110	-2219486400	10.1	110200
110	-2216894400	4.5	110200
110	-2214216000	3.3	110200
110	-2211624000	-7.1	110200
110	-2208945600	-2.2	110200
110	-2206267200	-0.3	110200
110	-2203848000	-1.6	110200
110	-2201169600	3.9	110200
110	-2198577600	10.2	110200
110	-2195899200	15.6	110200
110	-2193307200	17.1	110200
110	-2190628800	14.3	110200
110	-2187950400	11.6	110200
110	-2185358400	6	110200
110	-2182680000	3.5	110200
110	-2180088000	-0.5	110200
110	-2177409600	-8	110200
110	-2174731200	-7.5	110200
110	-2172312000	0	110200
110	-2169633600	5.3	110200
110	-2167041600	10.1	110200
110	-2164363200	13.9	110200
110	-2161771200	15.8	110200
110	-2159092800	13.8	110200
110	-2156414400	9.6	110200
110	-2153822400	7.3	110200
110	-2151144000	-0.5	110200
110	-2148552000	-0.4	110200
110	-2145873600	0.7	110200
110	-2143195200	-2.9	110200
110	-2140776000	0.9	110200
110	-2138097600	5.1	110200
110	-2135505600	6	110200
110	-2132827200	11.9	110200
110	-2130235200	14	110200
110	-2127556800	13.8	110200
110	-2124878400	10.5	110200
110	-2122286400	5.1	110200
110	-2119608000	-1.9	110200
110	-2117016000	-4.4	110200
110	-2114337600	-4.3	110200
110	-2111659200	0.6	110200
110	-2109240000	2.6	110200
110	-2106561600	2.9	110200
110	-2103969600	10.9	110200
110	-2101291200	12.9	110200
110	-2098699200	15.4	110200
110	-2096020800	14.8	110200
110	-2093342400	10.4	110200
110	-2090750400	7.1	110200
110	-2088072000	2.8	110200
110	-2085480000	-3.1	110200
110	-2082801600	-3.9	110200
110	-2080123200	-1.4	110200
110	-2077617600	1.6	110200
110	-2074939200	6.7	110200
110	-2072347200	10.4	110200
110	-2069668800	14.7	110200
110	-2067076800	17.4	110200
110	-2064398400	15.9	110200
110	-2061720000	9.7	110200
110	-2059128000	6	110200
110	-2056449600	0.5	110200
110	-2053857600	-1.5	110200
110	-2051179200	-6.1	110200
110	-2048500800	-1.3	110200
110	-2046081600	2.1	110200
110	-2043403200	3.8	110200
110	-2040811200	10	110200
110	-2038132800	15.3	110200
110	-2035540800	17.6	110200
110	-2032862400	15.5	110200
110	-2030184000	11.7	110200
110	-2027592000	2.5	110200
110	-2024913600	1.2	110200
110	-2022321600	-0.7	110200
110	-2019643200	-1.9	110200
110	-2016964800	-2.2	110200
110	-2014545600	0.8	110200
110	-2011867200	6.1	110200
110	-2009275200	11.3	110200
110	-2006596800	13	110200
110	-2004004800	15.8	110200
110	-2001326400	14.4	110200
110	-1998648000	9.9	110200
110	-1996056000	6.7	110200
110	-1993377600	3.9	110200
110	-1990785600	-4.2	110200
110	-1988107200	-3.1	110200
110	-1985428800	-3.3	110200
110	-1983009600	-0.2	110200
110	-1980331200	4	110200
110	-1977739200	12.5	110200
110	-1975060800	14.6	110200
110	-1972468800	14	110200
110	-1969790400	14.8	110200
110	-1967112000	10.3	110200
110	-1964520000	9.7	110200
110	-1961841600	0.5	110200
110	-1959249600	-0.9	110200
110	-1956571200	-4.1	110200
110	-1953892800	-0.6	110200
110	-1951387200	0.2	110200
110	-1948708800	4.8	110200
110	-1946116800	13.7	110200
110	-1943438400	16.1	110200
110	-1940846400	15.7	110200
110	-1938168000	13.1	110200
110	-1935489600	9.7	110200
110	-1932897600	6.1	110200
110	-1930219200	-2.2	110200
110	-1927627200	-3.6	110200
110	-1924948800	-5.3	110200
110	-1922270400	-5.2	110200
110	-1919851200	-1.5	110200
110	-1917172800	6	110200
110	-1914580800	8.7	110200
110	-1911902400	13.5	110200
110	-1909310400	13.4	110200
110	-1906632000	15.6	110200
110	-1903953600	6.8	110200
110	-1901361600	8.8	110200
110	-1898683200	0.4	110200
110	-1896091200	-1	110200
110	-1893412800	-2.2	110200
110	-1890734400	-0.7	110200
110	-1888315200	1.5	110200
110	-1885636800	5.2	110200
110	-1883044800	10.8	110200
110	-1880366400	15	110200
110	-1877774400	14.5	110200
110	-1875096000	14.1	110200
110	-1872417600	9.8	110200
110	-1869825600	6.9	110200
110	-1867147200	0.7	110200
110	-1864555200	0.5	110200
110	-1861876800	-3.3	110200
110	-1859198400	-2	110200
110	-1856779200	1.7	110200
110	-1854100800	5	110200
110	-1851508800	11.4	110200
110	-1848830400	14.1	110200
110	-1846238400	18.4	110200
110	-1843560000	17.6	110200
110	-1840881600	12.6	110200
110	-1838289600	5.9	110200
110	-1835611200	2.8	110200
110	-1833019200	-0.2	110200
110	-1830340800	-6.1	110200
110	-1827662400	0	110200
110	-1825156800	3.7	110200
110	-1822478400	4.2	110200
110	-1819886400	11.2	110200
110	-1817208000	14.4	110200
110	-1814616000	16.1	110200
110	-1811937600	12.6	110200
110	-1809259200	7.2	110200
110	-1806667200	3.5	110200
110	-1803988800	-1.3	110200
110	-1801396800	0.3	110200
110	-1798718400	-4.6	110200
110	-1796040000	-2.7	110200
110	-1793620800	3.4	110200
110	-1790942400	5.7	110200
110	-1788350400	10.7	110200
110	-1785672000	13.6	110200
110	-1783080000	12.1	110200
110	-1780401600	13.4	110200
110	-1777723200	10.9	110200
110	-1775131200	6.8	110200
110	-1772452800	3.9	110200
110	-1769860800	-0.2	110200
110	-1767182400	-6.3	110200
110	-1764504000	-2.4	110200
110	-1762084800	2.7	110200
110	-1759406400	7.7	110200
110	-1756814400	10.3	110200
110	-1754136000	13.9	110200
110	-1751544000	15.2	110200
110	-1748865600	15.5	110200
110	-1746187200	9.8	110200
110	-1743595200	5.4	110200
110	-1740916800	0.9	110200
110	-1738324800	-1	110200
110	-1735646400	-2	110200
110	-1732968000	-1.8	110200
110	-1730548800	0.5	110200
110	-1727870400	4.9	110200
110	-1725278400	11.4	110200
110	-1722600000	15.9	110200
110	-1720008000	14.4	110200
110	-1717329600	12.3	110200
110	-1714651200	8.3	110200
110	-1712059200	4.8	110200
110	-1709380800	-1.5	110200
110	-1706788800	0.7	110200
110	-1704110400	1.2	110200
110	-1701432000	-2.7	110200
110	-1698926400	3.4	110200
110	-1696248000	5.4	110200
110	-1693656000	11.6	110200
110	-1690977600	12	110200
110	-1688385600	15.3	110200
110	-1685707200	13.8	110200
110	-1683028800	9.5	110200
110	-1680436800	5.3	110200
110	-1677758400	2.6	110200
110	-1675166400	0.7	110200
110	-1672488000	-4.8	110200
110	-1669809600	-5.8	110200
110	-1667390400	-1.3	110200
110	-1664712000	2.4	110200
110	-1662120000	12.4	110200
110	-1659441600	17.2	110200
110	-1656849600	15.8	110200
110	-1654171200	15.3	110200
110	-1651492800	12.2	110200
110	-1648900800	5.3	110200
110	-1646222400	2.1	110200
110	-1643630400	-4.4	110200
110	-1640952000	-2.8	110200
110	-1638273600	-1.5	110200
110	-1635854400	1.7	110200
110	-1633176000	7.7	110200
110	-1630584000	11.3	110200
110	-1627905600	12	110200
110	-1625313600	14.2	110200
110	-1622635200	14.9	110200
110	-1619956800	11.7	110200
110	-1617364800	7	110200
110	-1614686400	0.7	110200
110	-1612094400	0.9	110200
110	-1609416000	-0.5	110200
110	-1606737600	-3.7	110200
110	-1604318400	1.2	110200
110	-1601640000	3.9	110200
110	-1599048000	8	110200
110	-1596369600	13.2	110200
110	-1593777600	13.1	110200
110	-1591099200	14	110200
110	-1588420800	11.6	110200
110	-1585828800	4.7	110200
110	-1583150400	-0.6	110200
110	-1580558400	-1	110200
110	-1577880000	0.1	110200
110	-1575201600	-0.1	110200
110	-1572696000	3.1	110200
110	-1570017600	8.3	110200
110	-1567425600	12.8	110200
110	-1564747200	12.7	110200
110	-1562155200	16	110200
110	-1559476800	13	110200
110	-1556798400	11.2	110200
110	-1554206400	3.6	110200
110	-1551528000	-2.9	110200
110	-1548936000	-1.3	110200
110	-1546257600	2.2	110200
110	-1543579200	-2	110200
110	-1541160000	1.5	110200
110	-1538481600	4.7	110200
110	-1535889600	12	110200
110	-1533211200	12.5	110200
110	-1530619200	16.5	110200
110	-1527940800	14.8	110200
110	-1525262400	10.3	110200
110	-1522670400	7.3	110200
110	-1519992000	-1.3	110200
110	-1517400000	-2.2	110200
110	-1514721600	-5.4	110200
110	-1512043200	-4	110200
110	-1509624000	2.4	110200
110	-1506945600	4.5	110200
110	-1504353600	11.6	110200
110	-1501675200	14.9	110200
110	-1499083200	15.3	110200
110	-1496404800	14.1	110200
110	-1493726400	9.5	110200
110	-1491134400	3.8	110200
110	-1488456000	0.1	110200
110	-1485864000	-0.8	110200
110	-1483185600	-1.6	110200
110	-1480507200	-1.7	110200
110	-1478088000	1.8	110200
110	-1475409600	4.4	110200
110	-1472817600	11.3	110200
110	-1470139200	10.9	110200
110	-1467547200	16.4	110200
110	-1464868800	14.5	110200
110	-1462190400	11	110200
110	-1459598400	8.3	110200
110	-1456920000	1.9	110200
110	-1454328000	-3.7	110200
110	-1451649600	-5.3	110200
110	-1448971200	-6	110200
110	-1446465600	-0.3	110200
110	-1443787200	4.4	110200
110	-1441195200	12.3	110200
110	-1438516800	13.7	110200
110	-1435924800	14.9	110200
110	-1433246400	13	110200
110	-1430568000	11.8	110200
110	-1427976000	6.1	110200
110	-1425297600	0.3	110200
110	-1422705600	-3.2	110200
110	-1420027200	-0.9	110200
110	-1417348800	0.3	110200
110	-1414929600	-0.9	110200
110	-1412251200	6	110200
110	-1409659200	12.3	110200
110	-1406980800	13.2	110200
110	-1404388800	15.4	110200
110	-1401710400	14.8	110200
110	-1399032000	9.9	110200
110	-1396440000	5.8	110200
110	-1393761600	0.8	110200
110	-1391169600	-3.1	110200
110	-1388491200	-3.8	110200
110	-1385812800	1.7	110200
110	-1383393600	1.8	110200
110	-1380715200	6.5	110200
110	-1378123200	10.2	110200
110	-1375444800	12.5	110200
110	-1372852800	15.7	110200
110	-1370174400	13.5	110200
110	-1367496000	11.5	110200
110	-1364904000	6.7	110200
110	-1362225600	5.4	110200
110	-1359633600	-1.3	110200
110	-1356955200	-0.6	110200
110	-1354276800	-2.8	110200
110	-1351857600	2.7	110200
110	-1349179200	5.9	110200
110	-1346587200	9.7	110200
110	-1343908800	14.7	110200
110	-1341316800	16.1	110200
110	-1338638400	15.2	110200
110	-1335960000	11.8	110200
110	-1333368000	5.1	110200
110	-1330689600	1.1	110200
110	-1328097600	-6	110200
110	-1325419200	-0.7	110200
110	-1322740800	-0.8	110200
110	-1320235200	-0.6	110200
110	-1317556800	5.9	110200
110	-1314964800	8.2	110200
110	-1312286400	13.3	110200
110	-1309694400	17.8	110200
110	-1307016000	15.5	110200
110	-1304337600	10.6	110200
110	-1301745600	6.7	110200
110	-1299067200	4.6	110200
110	-1296475200	-3.2	110200
110	-1293796800	-8.5	110200
110	-1291118400	-13.7	110200
110	-1288699200	-1.2	110200
110	-1286020800	2.9	110200
110	-1283428800	11.5	110200
110	-1280750400	13.8	110200
110	-1278158400	16.6	110200
110	-1275480000	15.2	110200
110	-1272801600	11.8	110200
110	-1270209600	7.3	110200
110	-1267531200	3.1	110200
110	-1264939200	0.3	110200
110	-1262260800	-2.5	110200
110	-1259582400	-5.2	110200
110	-1257163200	2.7	110200
110	-1254484800	6.5	110200
110	-1251892800	10.3	110200
110	-1249214400	16.4	110200
110	-1246622400	15.5	110200
110	-1243944000	14.3	110200
110	-1241265600	11.8	110200
110	-1238673600	6.8	110200
110	-1235995200	3.9	110200
110	-1233403200	-2.1	110200
110	-1230724800	-2.6	110200
110	-1228046400	-3.3	110200
110	-1225627200	-3.3	110200
110	-1222948800	3	110200
110	-1220356800	14	110200
110	-1217678400	16.7	110200
110	-1215086400	16.3	110200
110	-1212408000	14.2	110200
110	-1209729600	8	110200
110	-1207137600	4.4	110200
110	-1204459200	0.9	110200
110	-1201867200	-2.5	110200
110	-1199188800	-1.6	110200
110	-1196510400	-6.4	110200
110	-1194004800	-2.6	110200
110	-1191326400	5	110200
110	-1188734400	11.6	110200
110	-1186056000	13.1	110200
110	-1183464000	17.7	110200
110	-1180785600	15.8	110200
110	-1178107200	13.9	110200
110	-1175515200	7.2	110200
110	-1172836800	2	110200
110	-1170244800	-2.6	110200
110	-1167566400	-6.2	110200
110	-1164888000	-1.9	110200
110	-1162468800	0.8	110200
110	-1159790400	4.3	110200
110	-1157198400	9.6	110200
110	-1154520000	12.5	110200
110	-1151928000	15.7	110200
110	-1149249600	15.2	110200
110	-1146571200	10.6	110200
110	-1143979200	6.4	110200
110	-1141300800	0.8	110200
110	-1138708800	-7.4	110200
110	-1136030400	-2.7	110200
110	-1133352000	-2.5	110200
110	-1130932800	2.3	110200
110	-1128254400	7.9	110200
110	-1125662400	12.3	110200
110	-1122984000	14.3	110200
110	-1120392000	17.2	110200
110	-1117713600	15.5	110200
110	-1115035200	12.2	110200
110	-1112443200	6.9	110200
110	-1109764800	2.5	110200
110	-1107172800	3.2	110200
110	-1104494400	-4.8	110200
110	-1101816000	-1.7	110200
110	-1099396800	-0.9	110200
110	-1096718400	5.8	110200
110	-1094126400	9	110200
110	-1091448000	16.2	110200
110	-1088856000	16.2	110200
110	-1086177600	14.5	110200
110	-1083499200	11.3	110200
110	-1080907200	7.6	110200
110	-1078228800	2.5	110200
110	-1075636800	-2.3	110200
110	-1072958400	-0.6	110200
110	-1070280000	-2.4	110200
110	-1067774400	2.2	110200
110	-1065096000	5.7	110200
110	-1062504000	11.3	110200
110	-1059825600	13.9	110200
110	-1057233600	16.9	110200
110	-1054555200	13.7	110200
110	-1051876800	10.5	110200
110	-1049284800	3.9	110200
110	-1046606400	0.9	110200
110	-1044014400	-1.9	110200
110	-1041336000	-5.1	110200
110	-1038657600	-0.5	110200
110	-1036238400	2.2	110200
110	-1033560000	5.6	110200
110	-1030968000	13.1	110200
110	-1028289600	15.6	110200
110	-1025697600	15.6	110200
110	-1023019200	15.2	110200
110	-1020340800	11.4	110200
110	-1017748800	7.7	110200
110	-1015070400	1.9	110200
110	-1012478400	-2.7	110200
110	-1009800000	-1.6	110200
110	-1007121600	-1.4	110200
110	-1004702400	4.3	110200
110	-1002024000	3.1	110200
110	-999432000	9.3	110200
110	-996753600	15.5	110200
110	-994161600	15.8	110200
110	-991483200	15.7	110200
110	-988804800	10	110200
110	-986212800	7.6	110200
110	-983534400	3.8	110200
110	-980942400	-4.3	110200
110	-978264000	-1.6	110200
110	-975585600	-0.9	110200
110	-973166400	-1.2	110200
110	-970488000	7.4	110200
110	-967896000	9.8	110200
110	-965217600	14.6	110200
110	-962625600	16.3	110200
110	-959947200	15.2	110200
110	-957268800	10.1	110200
110	-954676800	5.1	110200
110	-951998400	2.9	110200
110	-949406400	-4.9	110200
110	-946728000	-12.4	110200
110	-944049600	-9	110200
110	-941544000	-0.7	110200
110	-938865600	5.6	110200
110	-936273600	9.4	110200
110	-933595200	14.6	110200
110	-931003200	15.1	110200
110	-928324800	12.8	110200
110	-925646400	11.2	110200
110	-923054400	6.6	110200
110	-920376000	3.2	110200
110	-917784000	-6.4	110200
110	-915105600	-7.1	110200
110	-912427200	-2.6	110200
110	-910008000	1.4	110200
110	-907329600	4.2	110200
110	-904737600	8.1	110200
110	-902059200	14.6	110200
110	-899467200	16.5	110200
110	-896788800	14	110200
110	-894110400	9.3	110200
110	-891518400	5.9	110200
110	-888840000	-0.7	110200
110	-886248000	-1.2	110200
110	-883569600	-11.9	110200
110	-880891200	-6.8	110200
110	-878472000	-1	110200
110	-875793600	5.1	110200
110	-873201600	11.3	110200
110	-870523200	13.7	110200
110	-867931200	15.2	110200
110	-865252800	15.1	110200
110	-862574400	13.8	110200
110	-859982400	8.8	110200
110	-857304000	0.9	110200
110	-854712000	-1.5	110200
110	-852033600	-4.9	110200
110	-849355200	0.2	110200
110	-846936000	2.5	110200
110	-844257600	7	110200
110	-841665600	10.2	110200
110	-838987200	13.3	110200
110	-836395200	14.9	110200
110	-833716800	16.4	110200
110	-831038400	12.2	110200
110	-828446400	7.7	110200
110	-825768000	0.7	110200
110	-823176000	-1.9	110200
110	-820497600	1	110200
110	-817819200	-4.1	110200
110	-815313600	-1.5	110200
110	-812635200	5.3	110200
110	-810043200	9.9	110200
110	-807364800	12.6	110200
110	-804772800	15.3	110200
110	-802094400	16.8	110200
110	-799416000	10.8	110200
110	-796824000	7.7	110200
110	-794145600	2	110200
110	-791553600	-3.9	110200
110	-788875200	-7.4	110200
110	-786196800	1.4	110200
110	-783777600	3.2	110200
110	-781099200	6.3	110200
110	-778507200	12.3	110200
110	-775828800	15.4	110200
110	-773236800	17.3	110200
110	-770558400	15.4	110200
110	-767880000	11	110200
110	-765288000	6.2	110200
110	-762609600	1.3	110200
110	-760017600	-1	110200
110	-757339200	-5.9	110200
110	-754660800	0.4	110200
110	-752241600	2.2	110200
110	-749563200	7.7	110200
110	-746971200	13.5	110200
110	-744292800	14.8	110200
110	-741700800	17.2	110200
110	-739022400	15.4	110200
110	-736344000	11.9	110200
110	-733752000	3.5	110200
110	-731073600	0.8	110200
110	-728481600	-5	110200
110	-725803200	-8.5	110200
110	-723124800	-7.7	110200
110	-720705600	0.8	110200
110	-718027200	7.8	110200
110	-715435200	12.1	110200
110	-712756800	15.2	110200
110	-710164800	17.2	110200
110	-707486400	15.4	110200
110	-704808000	13.6	110200
110	-702216000	3.7	110200
110	-699537600	4.1	110200
110	-696945600	-0.6	110200
110	-694267200	0.5	110200
110	-691588800	-2.9	110200
110	-689083200	1.6	110200
110	-686404800	7.3	110200
110	-683812800	12.9	110200
110	-681134400	13.5	110200
110	-678542400	14.5	110200
110	-675864000	14.6	110200
110	-673185600	12.3	110200
110	-670593600	6.4	110200
110	-667915200	1.5	110200
110	-665323200	-3.3	110200
110	-662644800	-1.9	110200
110	-659966400	-1.4	110200
110	-657547200	-1.2	110200
110	-654868800	7.2	110200
110	-652276800	11.3	110200
110	-649598400	13	110200
110	-647006400	15.5	110200
110	-644328000	13.6	110200
110	-641649600	12.6	110200
110	-639057600	6.7	110200
110	-636379200	2.6	110200
110	-633787200	0.9	110200
110	-631108800	-4.7	110200
110	-628430400	-1	110200
110	-626011200	2.4	110200
110	-623332800	5.8	110200
110	-620740800	12.2	110200
110	-618062400	16	110200
110	-615470400	17.5	110200
110	-612792000	15.3	110200
110	-610113600	11.3	110200
110	-607521600	4.5	110200
110	-604843200	1.4	110200
110	-602251200	-3.4	110200
110	-599572800	-1.4	110200
110	-596894400	-0.1	110200
110	-594475200	0.6	110200
110	-591796800	5	110200
110	-589204800	10.2	110200
110	-586526400	14.5	110200
110	-583934400	15.5	110200
110	-581256000	15.9	110200
110	-578577600	12.6	110200
110	-575985600	4.7	110200
110	-573307200	4.6	110200
110	-570715200	0.2	110200
110	-568036800	-2.4	110200
110	-565358400	-2.1	110200
110	-562852800	-0.8	110200
110	-560174400	8.2	110200
110	-557582400	10.3	110200
110	-554904000	14.2	110200
110	-552312000	16.9	110200
110	-549633600	16.3	110200
110	-546955200	9.1	110200
110	-544363200	5.2	110200
110	-541684800	0.5	110200
110	-539092800	-3.8	110200
110	-536414400	-2.8	110200
110	-533736000	-2.2	110200
110	-531316800	1.6	110200
110	-528638400	6.4	110200
110	-526046400	10	110200
110	-523368000	14.4	110200
110	-520776000	16.4	110200
110	-518097600	13.7	110200
110	-515419200	11.6	110200
110	-512827200	8.4	110200
110	-510148800	0.9	110200
110	-507556800	-1	110200
110	-504878400	-6.8	110200
110	-502200000	-8.8	110200
110	-499780800	2.7	110200
110	-497102400	3.9	110200
110	-494510400	10.4	110200
110	-491832000	15.5	110200
110	-489240000	14	110200
110	-486561600	14.7	110200
110	-483883200	12.4	110200
110	-481291200	6.7	110200
110	-478612800	0.7	110200
110	-476020800	0.7	110200
110	-473342400	-4.4	110200
110	-470664000	-2.5	110200
110	-468244800	-1.6	110200
110	-465566400	4.3	110200
110	-462974400	9.3	110200
110	-460296000	13.1	110200
110	-457704000	15.6	110200
110	-455025600	14.3	110200
110	-452347200	11.7	110200
110	-449755200	6.2	110200
110	-447076800	2.1	110200
110	-444484800	1.4	110200
110	-441806400	-2.3	110200
110	-439128000	-12.4	110200
110	-436622400	-0.3	110200
110	-433944000	5.4	110200
110	-431352000	10.4	110200
110	-428673600	13.1	110200
110	-426081600	16	110200
110	-423403200	14.5	110200
110	-420724800	11.9	110200
110	-418132800	6.1	110200
110	-415454400	-0.3	110200
110	-412862400	-0.7	110200
110	-410184000	-3.2	110200
110	-407505600	1.6	110200
110	-405086400	4.3	110200
110	-402408000	5.5	110200
110	-399816000	8.2	110200
110	-397137600	15.8	110200
110	-394545600	16.6	110200
110	-391867200	14	110200
110	-389188800	10.6	110200
110	-386596800	6	110200
110	-383918400	3.1	110200
110	-381326400	-1.3	110200
110	-378648000	-3.5	110200
110	-375969600	0.5	110200
110	-373550400	-2.8	110200
110	-370872000	3.4	110200
110	-368280000	13.8	110200
110	-365601600	13.2	110200
110	-363009600	16.6	110200
110	-360331200	15.7	110200
110	-357652800	11.9	110200
110	-355060800	7.8	110200
110	-352382400	3.4	110200
110	-349790400	-1.6	110200
110	-347112000	-1.8	110200
110	-344433600	-3	110200
110	-342014400	2.8	110200
110	-339336000	7.1	110200
110	-336744000	10.2	110200
110	-334065600	13.8	110200
110	-331473600	16.7	110200
110	-328795200	14.6	110200
110	-326116800	10.2	110200
110	-323524800	5.9	110200
110	-320846400	1.9	110200
110	-318254400	0.2	110200
110	-315576000	-3.9	110200
110	-312897600	-3.9	110200
110	-310392000	1.3	110200
110	-307713600	5.5	110200
110	-305121600	10.4	110200
110	-302443200	14.1	110200
110	-299851200	14.6	110200
110	-297172800	14.9	110200
110	-294494400	10.5	110200
110	-291902400	7.6	110200
110	-289224000	3.6	110200
110	-286632000	-0.1	110200
110	-283953600	-5.4	110200
110	-281275200	1.6	110200
110	-278856000	4.7	110200
110	-276177600	9.3	110200
110	-273585600	9.7	110200
110	-270907200	15.5	110200
110	-268315200	14.6	110200
110	-265636800	15	110200
110	-262958400	13.5	110200
110	-260366400	7.9	110200
110	-257688000	1.7	110200
110	-255096000	-4	110200
110	-252417600	-2.4	110200
110	-249739200	-2.4	110200
110	-247320000	-2.1	110200
110	-244641600	7.2	110200
110	-242049600	8.6	110200
110	-239371200	13.4	110200
110	-236779200	14.8	110200
110	-234100800	15.9	110200
110	-231422400	10.8	110200
110	-228830400	6.4	110200
110	-226152000	1.4	110200
110	-223560000	-6.9	110200
110	-220881600	-9	110200
110	-218203200	-8.5	110200
110	-215784000	-0.8	110200
110	-213105600	6.9	110200
110	-210513600	10.3	110200
110	-207835200	15	110200
110	-205243200	16.3	110200
110	-202564800	15.5	110200
110	-199886400	12.6	110200
110	-197294400	6.4	110200
110	-194616000	4.8	110200
110	-192024000	-6.8	110200
110	-189345600	-6.8	110200
110	-186667200	-3	110200
110	-184161600	-3	110200
110	-181483200	6.9	110200
110	-178891200	10.7	110200
110	-176212800	15.5	110200
110	-173620800	15.4	110200
110	-170942400	13.8	110200
110	-168264000	10.9	110200
110	-165672000	5.4	110200
110	-162993600	3.9	110200
110	-160401600	-2.7	110200
110	-157723200	-1.6	110200
110	-155044800	-5.7	110200
110	-152625600	-1.2	110200
110	-149947200	6	110200
110	-147355200	9.8	110200
110	-144676800	14	110200
110	-142084800	14.6	110200
110	-139406400	12.9	110200
110	-136728000	11.4	110200
110	-134136000	5.2	110200
110	-131457600	-0.5	110200
110	-128865600	0.9	110200
110	-126187200	-6.1	110200
110	-123508800	3.2	110200
110	-121089600	1.4	110200
110	-118411200	7.3	110200
110	-115819200	10.4	110200
110	-113140800	14.8	110200
110	-110548800	14.6	110200
110	-107870400	14.1	110200
110	-105192000	11.4	110200
110	-102600000	10.4	110200
110	-99921600	0.9	110200
110	-97329600	-0.7	110200
110	-94651200	-2.7	110200
110	-91972800	-0.2	110200
110	-89553600	3.2	110200
110	-86875200	5.4	110200
110	-84283200	10.2	110200
110	-81604800	13.6	110200
110	-79012800	16.5	110200
110	-76334400	14.3	110200
110	-73656000	12	110200
110	-71064000	8.4	110200
110	-68385600	1.3	110200
110	-65793600	-1.6	110200
110	-63115200	-3.7	110200
110	-60436800	-0.9	110200
110	-57931200	2.1	110200
110	-55252800	6.5	110200
110	-52660800	10.4	110200
110	-49982400	14.4	110200
110	-47390400	14.8	110200
110	-44712000	14.2	110200
110	-42033600	11	110200
110	-39441600	7.3	110200
110	-36763200	2.5	110200
110	-34171200	-5	110200
110	-31492800	-3.2	110200
110	-28814400	-4	110200
110	-26395200	-1.2	110200
110	-23716800	4.8	110200
110	-21124800	12.1	110200
110	-18446400	12.9	110200
110	-15854400	15.9	110200
110	-13176000	13.6	110200
110	-10497600	12.1	110200
110	-7905600	7.1	110200
110	-5227200	3.6	110200
110	-2635200	-6.1	110200
110	43200	-4.4	110200
110	2721600	-2.4	110200
110	5140800	-0.1	110200
110	7819200	5.1	110200
110	10411200	9.3	110200
110	13089600	14.9	110200
110	15681600	15.6	110200
110	18360000	15.2	110200
110	21038400	11	110200
110	23630400	7	110200
110	26308800	4.4	110200
110	28900800	-1.8	110200
110	31579200	-6.4	110200
110	34257600	-0.8	110200
110	36676800	-1.5	110200
110	39355200	6.9	110200
110	41947200	12.3	110200
110	44625600	13.4	110200
110	47217600	16.2	110200
110	49896000	17.3	110200
110	52574400	9.5	110200
110	55166400	5.5	110200
110	57844800	1.8	110200
110	60436800	1.5	110200
110	63115200	-4.4	110200
110	65793600	-0.4	110200
110	68299200	3.2	110200
110	70977600	6.4	110200
110	73569600	11	110200
110	76248000	15	110200
110	78840000	16.6	110200
110	81518400	15.1	110200
110	84196800	8.9	110200
110	86788800	3.7	110200
110	89467200	2.4	110200
110	92059200	-3.1	110200
110	94737600	-2.8	110200
110	97416000	-0.4	110200
110	99835200	1.5	110200
110	102513600	4.3	110200
110	105105600	11.5	110200
110	107784000	14.5	110200
110	110376000	16.3	110200
110	113054400	15.3	110200
110	115732800	12	110200
110	118324800	4.9	110200
110	121003200	0.5	110200
110	123595200	-2.4	110200
110	126273600	0.2	110200
110	128952000	1.6	110200
110	131371200	4.2	110200
110	134049600	5.6	110200
110	136641600	10.3	110200
110	139320000	12.9	110200
110	141912000	15	110200
110	144590400	16.9	110200
110	147268800	11.6	110200
110	149860800	3.5	110200
110	152539200	1.6	110200
110	155131200	2.7	110200
110	157809600	1	110200
110	160488000	-2	110200
110	162907200	2.1	110200
110	165585600	5.5	110200
110	168177600	12.2	110200
110	170856000	13.8	110200
110	173448000	16.3	110200
110	176126400	15.7	110200
110	178804800	14.1	110200
110	181396800	6.4	110200
110	184075200	0.8	110200
110	186667200	-2.1	110200
110	189345600	-0.6	110200
110	192024000	-1.8	110200
110	194529600	-1.4	110200
110	197208000	5.6	110200
110	199800000	11	110200
110	202478400	14.9	110200
110	205070400	16.5	110200
110	207748800	12.5	110200
110	210427200	10.7	110200
110	213019200	8	110200
110	215697600	3.5	110200
110	218289600	-3.4	110200
110	220968000	-2.6	110200
110	223646400	-0.2	110200
110	226065600	4.1	110200
110	228744000	5	110200
110	231336000	11.7	110200
110	234014400	15.7	110200
110	236606400	16.1	110200
110	239284800	14.9	110200
110	241963200	10	110200
110	244555200	7.5	110200
110	247233600	3.5	110200
110	249825600	-2.1	110200
110	252504000	-1.8	110200
110	255182400	-4.6	110200
110	257601600	3.1	110200
110	260280000	5.2	110200
110	262872000	10.3	110200
110	265550400	13.7	110200
110	268142400	14.4	110200
110	270820800	13.7	110200
110	273499200	11.8	110200
110	276091200	7.2	110200
110	278769600	0.2	110200
110	281361600	-1.3	110200
110	284040000	-6.7	110200
110	286718400	-2	110200
110	289137600	2.3	110200
110	291816000	4.4	110200
110	294408000	10.9	110200
110	297086400	16.1	110200
110	299678400	14.1	110200
110	302356800	14	110200
110	305035200	11	110200
110	307627200	5	110200
110	310305600	1.8	110200
110	312897600	2.4	110200
110	315576000	-5.8	110200
110	318254400	0.3	110200
110	320760000	1.1	110200
110	323438400	3.6	110200
110	326030400	8.6	110200
110	328708800	14.4	110200
110	331300800	14.8	110200
110	333979200	15.4	110200
110	336657600	11.5	110200
110	339249600	5.2	110200
110	341928000	0.4	110200
110	344520000	-2	110200
110	347198400	-5	110200
110	349876800	-2.3	110200
110	352296000	4.7	110200
110	354974400	5.6	110200
110	357566400	11.6	110200
110	360244800	15.3	110200
110	362836800	15.7	110200
110	365515200	15.1	110200
110	368193600	11.7	110200
110	370785600	7.2	110200
110	373464000	3	110200
110	376056000	-3.4	110200
110	378734400	-6	110200
110	381412800	-3.9	110200
110	383832000	2.2	110200
110	386510400	3.8	110200
110	389102400	11.2	110200
110	391780800	14.8	110200
110	394372800	16.8	110200
110	397051200	15.7	110200
110	399729600	13.2	110200
110	402321600	7	110200
110	4.05e+08	2.2	110200
110	407592000	0.4	110200
110	410270400	2.2	110200
110	412948800	-5	110200
110	415368000	2.5	110200
110	418046400	8	110200
110	420638400	11.8	110200
110	423316800	14.2	110200
110	425908800	19.3	110200
110	428587200	16.6	110200
110	431265600	11.2	110200
110	433857600	6.3	110200
110	436536000	-0.3	110200
110	439128000	-3	110200
110	441806400	-1.8	110200
110	444484800	-2.5	110200
110	446990400	-0.3	110200
110	449668800	4.8	110200
110	452260800	10.3	110200
110	454939200	13.5	110200
110	457531200	14.7	110200
110	460209600	14.6	110200
110	462888000	11.1	110200
110	465480000	7	110200
110	468158400	2.9	110200
110	470750400	-1.7	110200
110	473428800	-9.2	110200
110	476107200	-5.9	110200
110	478526400	1.1	110200
110	481204800	5.7	110200
110	483796800	12.3	110200
110	486475200	13.1	110200
110	489067200	16.2	110200
110	491745600	15.5	110200
110	494424000	11.8	110200
110	497016000	6.1	110200
110	499694400	-0.8	110200
110	502286400	1	110200
110	504964800	-2.3	110200
110	507643200	-8.7	110200
110	510062400	0.9	110200
110	512740800	6.9	110200
110	515332800	13.4	110200
110	518011200	14.5	110200
110	520603200	15.3	110200
110	523281600	15.8	110200
110	525960000	10.3	110200
110	528552000	6.1	110200
110	531230400	1.9	110200
110	533822400	-1.9	110200
110	536500800	-7.8	110200
110	539179200	-3.7	110200
110	541598400	-4.6	110200
110	544276800	6.7	110200
110	546868800	9.6	110200
110	549547200	14.2	110200
110	552139200	16.7	110200
110	554817600	14.1	110200
110	557496000	13.5	110200
110	560088000	7.1	110200
110	562766400	2.4	110200
110	565358400	-0.1	110200
110	568036800	0.5	110200
110	570715200	0	110200
110	573220800	0.6	110200
110	575899200	6.2	110200
110	578491200	12.1	110200
110	581169600	14.3	110200
110	583761600	17.2	110200
110	586440000	15.7	110200
110	589118400	11.9	110200
110	591710400	7.7	110200
110	594388800	-1	110200
110	596980800	0.4	110200
110	599659200	-1.1	110200
110	602337600	1.5	110200
110	604756800	4.7	110200
110	607435200	6.9	110200
110	610027200	11.2	110200
110	612705600	13.4	110200
110	615297600	16.5	110200
110	617976000	15.7	110200
110	620654400	11.7	110200
110	623246400	7.1	110200
110	625924800	-0.1	110200
110	628516800	-2.4	110200
110	631195200	-1.4	110200
110	633873600	1.9	110200
110	636292800	5	110200
110	638971200	5.5	110200
110	641563200	11.7	110200
110	644241600	14.6	110200
110	646833600	15.3	110200
110	649512000	16.1	110200
110	652190400	9.9	110200
110	654782400	6.9	110200
110	657460800	2.9	110200
110	660052800	-2.8	110200
110	662731200	-1.9	110200
110	665409600	-6.3	110200
110	667828800	3.9	110200
110	670507200	5.2	110200
110	673099200	8.2	110200
110	675777600	13.8	110200
110	678369600	17.5	110200
110	681048000	16.3	110200
110	683726400	13.4	110200
110	686318400	5.7	110200
110	688996800	1.4	110200
110	691588800	-3.8	110200
110	694267200	-0.8	110200
110	696945600	0.5	110200
110	699451200	2.6	110200
110	702129600	6.1	110200
110	704721600	12	110200
110	707400000	15.7	110200
110	709992000	17.4	110200
110	712670400	19.6	110200
110	715348800	11.3	110200
110	717940800	5.6	110200
110	720619200	2.9	110200
110	723211200	-2.4	110200
110	725889600	-0.9	110200
110	728568000	-4.7	110200
110	730987200	0.5	110200
110	733665600	7	110200
110	736257600	13.4	110200
110	738936000	15.2	110200
110	741528000	15.4	110200
110	744206400	15.6	110200
110	746884800	10.7	110200
110	749476800	7.2	110200
110	752155200	-1.1	110200
110	754747200	1	110200
110	757425600	1.4	110200
110	760104000	-2.1	110200
110	762523200	5.3	110200
110	765201600	6.6	110200
110	767793600	11.7	110200
110	770472000	15.7	110200
110	773064000	19.3	110200
110	775742400	18	110200
110	778420800	13.7	110200
110	781012800	4.9	110200
110	783691200	4.4	110200
110	786283200	-0.4	110200
110	788961600	-2.2	110200
110	791640000	2.6	110200
110	794059200	1.4	110200
110	796737600	7.6	110200
110	799329600	11.2	110200
110	802008000	13.9	110200
110	804600000	18.6	110200
110	807278400	15.2	110200
110	809956800	10.6	110200
110	812548800	8.4	110200
110	815227200	-0.2	110200
110	817819200	-2.8	110200
110	820497600	-5.3	110200
110	823176000	-6	110200
110	825681600	-1.7	110200
110	828360000	5.3	110200
110	830952000	12.1	110200
110	833630400	15.3	110200
110	836222400	15.1	110200
110	838900800	14.8	110200
110	841579200	9.3	110200
110	844171200	7.7	110200
110	846849600	3.1	110200
110	849441600	-6.1	110200
110	852120000	-5.3	110200
110	854798400	0.4	110200
110	857217600	2.8	110200
110	859896000	4.1	110200
110	862488000	12.1	110200
110	865166400	15.3	110200
110	867758400	16	110200
110	870436800	15.8	110200
110	873115200	11.8	110200
110	875707200	4.3	110200
110	878385600	1.5	110200
110	880977600	-0.1	110200
110	883656000	-1.2	110200
110	886334400	0.6	110200
110	888753600	2.1	110200
110	891432000	7.6	110200
110	894024000	11.9	110200
110	896702400	16.2	110200
110	899294400	16.7	110200
110	901972800	15.9	110200
110	904651200	11.4	110200
110	907243200	8	110200
110	909921600	0	110200
110	912513600	-2.7	110200
110	915192000	-1.4	110200
110	917870400	-2	110200
110	920289600	3.2	110200
110	922968000	7.3	110200
110	925560000	12.5	110200
110	928238400	14.8	110200
110	930830400	17.3	110200
110	933508800	14.9	110200
110	936187200	13.8	110200
110	938779200	6.9	110200
110	941457600	0.8	110200
110	944049600	-1.4	110200
110	946728000	-3.7	110200
110	949406400	1.5	110200
110	951912000	3.3	110200
110	954590400	9.2	110200
110	957182400	13.9	110200
110	959860800	16.2	110200
110	962452800	15.3	110200
110	965131200	16.5	110200
110	967809600	11.3	110200
110	970401600	9.5	110200
110	973080000	3.7	110200
110	975672000	-0.6	110200
110	978350400	-2.9	110200
110	981028800	-0.6	110200
110	983448000	3.7	110200
110	986126400	5.8	110200
110	988718400	13.1	110200
110	991396800	13.6	110200
110	993988800	17	110200
110	996667200	16.6	110200
110	999345600	10.3	110200
110	1001937600	10	110200
110	1004616000	1.3	110200
110	1007208000	-4	110200
110	1009886400	-2.3	110200
110	1012564800	3	110200
110	1014984000	3	110200
110	1017662400	6.7	110200
110	1020254400	14.2	110200
110	1022932800	16.7	110200
110	1025524800	17.6	110200
110	1028203200	16.6	110200
110	1030881600	10.5	110200
110	1033473600	6.1	110200
110	1036152000	3.9	110200
110	1038744000	-2.5	110200
110	1041422400	-2.9	110200
110	1044100800	-5.3	110200
110	1046520000	2.5	110200
110	1049198400	5.5	110200
110	1051790400	14	110200
110	1054468800	18.4	110200
110	1057060800	17.6	110200
110	1059739200	18.3	110200
110	1062417600	10.3	110200
110	1065009600	3.8	110200
110	1067688000	3.4	110200
110	1070280000	-2.1	110200
110	1072958400	-4.8	110200
110	1075636800	0.2	110200
110	1078142400	0.8	110200
110	1080820800	7.2	110200
110	1083412800	10.5	110200
110	1086091200	14.5	110200
110	1088683200	16.3	110200
110	1091361600	16.4	110200
110	1094040000	10.5	110200
110	1096632000	7.9	110200
110	1099310400	3	110200
110	1101902400	-1.2	110200
110	1104580800	-1.1	110200
110	1107259200	-4.3	110200
110	1109678400	-0.6	110200
110	1112356800	7.1	110200
110	1114948800	11.9	110200
110	1117627200	15.3	110200
110	1120219200	16.9	110200
110	1122897600	14.6	110200
110	1125576000	12.1	110200
110	1128168000	6.9	110200
110	1130846400	1.2	110200
110	1133438400	-2.6	110200
110	1136116800	-7.4	110200
110	1138795200	-3.8	110200
110	1141214400	-1	110200
110	1143892800	7	110200
110	1146484800	11.6	110200
110	1149163200	15.6	110200
110	1151755200	18.9	110200
110	1154433600	14	110200
110	1157112000	13.2	110200
110	1159704000	8.2	110200
110	1162382400	4.9	110200
110	1164974400	0.8	110200
110	1167652800	2.8	110200
110	1170331200	2.5	110200
110	1172750400	3.7	110200
110	1175428800	8.6	110200
110	1178020800	13.2	110200
110	1180699200	17.6	110200
110	1183291200	18	110200
110	1185969600	16	110200
110	1188648000	10.1	110200
110	1191240000	5.9	110200
110	1193918400	1.1	110200
110	1196510400	-1.8	110200
110	1199188800	0.4	110200
110	1201867200	1	110200
110	1204372800	2.6	110200
110	1207051200	7	110200
110	1209643200	12.3	110200
110	1212321600	17	110200
110	1214913600	16.8	110200
110	1217592000	16.1	110200
110	1220270400	10.6	110200
110	1222862400	7.1	110200
110	1225540800	3.5	110200
110	1228132800	0.1	110200
111	-4828161600	-0.7	110207
111	-4825483200	1.3	110207
111	-4823064000	1.3	110207
111	-4820385600	1.5	110207
111	-4817793600	10.6	110207
111	-4815115200	15.3	110207
111	-4812523200	14.5	110207
111	-4809844800	13.8	110207
111	-4807166400	11.4	110207
111	-4804574400	3.8	110207
111	-4801896000	3	110207
111	-4799304000	-2.1	110207
111	-4796625600	-0.5	110207
111	-4793947200	-1.8	110207
111	-4791528000	-1.1	110207
111	-4788849600	13.1	110207
111	-4786257600	11.4	110207
111	-4783579200	13.6	110207
111	-4780987200	13	110207
111	-4778308800	13.5	110207
111	-4775630400	9	110207
111	-4773038400	6.4	110207
111	-4770360000	2	110207
111	-4767768000	-4.6	110207
111	-4765089600	-2.8	110207
111	-4762411200	-0.8	110207
111	-4759992000	2	110207
111	-4757313600	6.4	110207
111	-4754721600	9.2	110207
111	-4752043200	14	110207
111	-4749451200	16.1	110207
111	-4746772800	15	110207
111	-4744094400	11.9	110207
111	-4741502400	9.7	110207
111	-4738824000	2.1	110207
111	-4736232000	-3.7	110207
112	-2335176000	-5.2	110220
112	-2332497600	-1.5	110220
112	-2329992000	4.8	110220
112	-2327313600	5.6	110220
112	-2324721600	11.6	110220
112	-2322043200	17.1	110220
112	-2319451200	18.6	110220
112	-2316772800	14.7	110220
112	-2314094400	13.4	110220
112	-2311502400	9.5	110220
112	-2308824000	1	110220
112	-2306232000	-1.5	110220
112	-2303553600	-2.9	110220
112	-2300875200	0	110220
112	-2298456000	5.2	110220
112	-2295777600	7.9	110220
112	-2293185600	11.6	110220
112	-2290507200	18.3	110220
112	-2287915200	17.7	110220
112	-2285236800	17.9	110220
112	-2282558400	13.3	110220
112	-2279966400	7.2	110220
112	-2277288000	0.5	110220
112	-2274696000	-1.2	110220
112	-2272017600	-0.8	110220
112	-2269339200	0.7	110220
112	-2266920000	4	110220
112	-2264241600	9.4	110220
112	-2261649600	13.4	110220
112	-2258971200	16.1	110220
112	-2256379200	16.4	110220
112	-2253700800	18.7	110220
112	-2251022400	14.1	110220
112	-2248430400	9	110220
112	-2245752000	5	110220
112	-2243160000	1	110220
112	-2240481600	0.8	110220
112	-2237803200	-0.2	110220
112	-2235384000	2.6	110220
112	-2232705600	8.3	110220
112	-2230113600	12.2	110220
112	-2227435200	15.7	110220
112	-2224843200	17.5	110220
112	-2222164800	16.9	110220
112	-2219486400	13.1	110220
112	-2216894400	6.7	110220
112	-2214216000	5	110220
112	-2211624000	-5.5	110220
112	-2208945600	-1.3	110220
112	-2206267200	1.4	110220
112	-2203848000	-0.3	110220
112	-2201169600	6.7	110220
112	-2198577600	11.7	110220
112	-2195899200	16.9	110220
112	-2193307200	19.9	110220
112	-2190628800	17.3	110220
112	-2187950400	15.2	110220
112	-2185358400	8.3	110220
112	-2182680000	5.3	110220
112	-2180088000	0.1	110220
112	-2177409600	-5.5	110220
112	-2174731200	-5.1	110220
112	-2172312000	2.2	110220
112	-2169633600	8.9	110220
112	-2167041600	14	110220
112	-2164363200	17.9	110220
112	-2161771200	19.3	110220
112	-2159092800	17.8	110220
112	-2156414400	12.7	110220
112	-2153822400	9.4	110220
112	-2151144000	1.6	110220
112	-2148552000	1.3	110220
112	-2145873600	1.8	110220
112	-2143195200	-1.3	110220
112	-2140776000	3.1	110220
112	-2138097600	7.8	110220
112	-2135505600	8.9	110220
112	-2132827200	15.6	110220
112	-2130235200	16.1	110220
112	-2127556800	16.7	110220
112	-2124878400	13.3	110220
112	-2122286400	6.9	110220
112	-2119608000	-0.1	110220
112	-2117016000	-3.2	110220
112	-2114337600	-3.1	110220
112	-2111659200	2.7	110220
112	-2109240000	6	110220
112	-2106561600	5.8	110220
112	-2103969600	13.4	110220
112	-2101291200	15.8	110220
112	-2098699200	17.6	110220
112	-2096020800	17	110220
112	-2093342400	13.6	110220
112	-2090750400	9	110220
112	-2088072000	4.5	110220
112	-2085480000	-0.9	110220
112	-2082801600	-2.5	110220
112	-2080123200	0.6	110220
112	-2077617600	2.9	110220
112	-2074939200	9.1	110220
112	-2072347200	12.8	110220
112	-2069668800	17.5	110220
112	-2067076800	21.1	110220
112	-2064398400	19.8	110220
112	-2061720000	12.1	110220
112	-2059128000	7.9	110220
112	-2056449600	1.7	110220
112	-2053857600	0.5	110220
112	-2051179200	-4.1	110220
112	-2048500800	0	110220
112	-2046081600	4	110220
112	-2043403200	6.3	110220
112	-2040811200	13.1	110220
112	-2038132800	17.5	110220
112	-2035540800	20.4	110220
112	-2032862400	18.3	110220
112	-2030184000	15.1	110220
112	-2027592000	4.3	110220
112	-2024913600	2.9	110220
112	-2022321600	0.9	110220
112	-2019643200	-1.1	110220
112	-2016964800	-0.2	110220
112	-2014545600	3	110220
112	-2011867200	10	110220
112	-2009275200	14.6	110220
112	-2006596800	15.1	110220
112	-2004004800	18.1	110220
112	-2001326400	17.6	110220
112	-1998648000	12.4	110220
112	-1996056000	8.1	110220
112	-1993377600	6	110220
112	-1990785600	-2.4	110220
112	-1988107200	-1.9	110220
112	-1985428800	-2	110220
112	-1983009600	1.7	110220
112	-1980331200	5.7	110220
112	-1977739200	15	110220
112	-1975060800	16.9	110220
112	-1972468800	15.9	110220
112	-1969790400	16.8	110220
112	-1967112000	13.5	110220
112	-1964520000	12.8	110220
112	-1961841600	1.5	110220
112	-1959249600	0.8	110220
112	-1956571200	-4.3	110220
112	-1953892800	0.7	110220
112	-1951387200	2.1	110220
112	-1948708800	7.1	110220
112	-1946116800	15.8	110220
112	-1943438400	19.6	110220
112	-1940846400	18.8	110220
112	-1938168000	16.6	110220
112	-1935489600	12.4	110220
112	-1932897600	8.6	110220
112	-1930219200	-0.8	110220
112	-1927627200	-2.5	110220
112	-1924948800	-3.9	110220
112	-1922270400	-3.5	110220
112	-1919851200	1.7	110220
112	-1917172800	9.3	110220
112	-1914580800	11.4	110220
112	-1911902400	16.1	110220
112	-1909310400	16.8	110220
112	-1906632000	18.7	110220
112	-1903953600	14.7	110220
112	-1901361600	10.4	110220
112	-1898683200	2.4	110220
112	-1896091200	0	110220
112	-1893412800	-0.4	110220
112	-1890734400	1.8	110220
112	-1888315200	4.1	110220
112	-1885636800	8.3	110220
112	-1883044800	12.9	110220
112	-1880366400	17.6	110220
112	-1877774400	17.4	110220
112	-1875096000	17.6	110220
112	-1872417600	12.2	110220
112	-1869825600	8.7	110220
112	-1867147200	2.3	110220
112	-1864555200	2.6	110220
112	-1861876800	-1.9	110220
112	-1859198400	-0.2	110220
112	-1856779200	4.1	110220
112	-1854100800	8.7	110220
112	-1851508800	13.5	110220
112	-1848830400	16.8	110220
112	-1846238400	21.6	110220
112	-1843560000	20.4	110220
112	-1840881600	15.4	110220
112	-1838289600	7.8	110220
112	-1835611200	4.2	110220
112	-1833019200	1.4	110220
112	-1830340800	-4.6	110220
112	-1827662400	1.3	110220
112	-1825156800	6	110220
112	-1822478400	7.3	110220
112	-1819886400	13.5	110220
112	-1817208000	17.9	110220
112	-1814616000	18.7	110220
112	-1811937600	15.6	110220
112	-1809259200	9.3	110220
112	-1806667200	5.3	110220
112	-1803988800	-0.1	110220
112	-1801396800	1.5	110220
112	-1798718400	-3.2	110220
112	-1796040000	-1.6	110220
112	-1793620800	5.2	110220
112	-1790942400	8.1	110220
112	-1788350400	12.6	110220
112	-1785672000	16.4	110220
112	-1783080000	15.2	110220
112	-1780401600	16.2	110220
112	-1777723200	13.3	110220
112	-1775131200	7.9	110220
112	-1772452800	4.8	110220
112	-1769860800	1.2	110220
112	-1767182400	-5.6	110220
112	-1764504000	-2.3	110220
112	-1762084800	4.1	110220
112	-1759406400	10.1	110220
112	-1756814400	13.1	110220
112	-1754136000	16.3	110220
112	-1751544000	17.7	110220
112	-1748865600	17.2	110220
112	-1746187200	12.2	110220
112	-1743595200	7.6	110220
112	-1740916800	1.9	110220
112	-1738324800	0.3	110220
112	-1735646400	-0.2	110220
112	-1732968000	-0.9	110220
112	-1730548800	1.3	110220
112	-1727870400	7.9	110220
112	-1725278400	13.7	110220
112	-1722600000	18.7	110220
112	-1720008000	17.5	110220
112	-1717329600	15.5	110220
112	-1714651200	11.3	110220
112	-1712059200	6.6	110220
112	-1709380800	0.2	110220
112	-1706788800	2.3	110220
112	-1704110400	2.6	110220
112	-1701432000	-0.9	110220
112	-1698926400	5.8	110220
112	-1696248000	8.4	110220
112	-1693656000	14.4	110220
112	-1690977600	14.8	110220
112	-1688385600	18.2	110220
112	-1685707200	17	110220
112	-1683028800	12.5	110220
112	-1680436800	7.5	110220
112	-1677758400	4.3	110220
112	-1675166400	2.3	110220
112	-1672488000	-3.6	110220
112	-1669809600	-6.1	110220
112	-1667390400	0.3	110220
112	-1664712000	5.4	110220
112	-1662120000	15.3	110220
112	-1659441600	19.9	110220
112	-1656849600	19.7	110220
112	-1654171200	18.5	110220
112	-1651492800	15.2	110220
112	-1648900800	7.5	110220
112	-1646222400	3.8	110220
112	-1643630400	-2.8	110220
112	-1640952000	-1.4	110220
112	-1638273600	0.1	110220
112	-1635854400	4	110220
112	-1633176000	10.8	110220
112	-1630584000	15.1	110220
112	-1627905600	15.2	110220
112	-1625313600	17.7	110220
112	-1622635200	17	110220
112	-1619956800	14.2	110220
112	-1617364800	8.6	110220
112	-1614686400	1.9	110220
112	-1612094400	0.5	110220
112	-1609416000	0.8	110220
112	-1606737600	-1.8	110220
112	-1604318400	3.4	110220
112	-1601640000	7	110220
112	-1599048000	9.3	110220
112	-1596369600	16	110220
112	-1593777600	14.9	110220
112	-1591099200	17.6	110220
112	-1588420800	14.6	110220
112	-1585828800	6.4	110220
112	-1583150400	0.3	110220
112	-1580558400	-0.3	110220
112	-1577880000	1.2	110220
112	-1575201600	1.1	110220
112	-1572696000	5.9	110220
112	-1570017600	11.6	110220
112	-1567425600	15.2	110220
112	-1564747200	15.3	110220
112	-1562155200	19	110220
112	-1559476800	16.2	110220
112	-1556798400	14.2	110220
112	-1554206400	5.9	110220
112	-1551528000	-1.4	110220
112	-1548936000	-0.3	110220
112	-1546257600	3.2	110220
112	-1543579200	0.1	110220
112	-1541160000	5.2	110220
112	-1538481600	8.1	110220
112	-1535889600	15	110220
112	-1533211200	16.2	110220
112	-1530619200	19.4	110220
112	-1527940800	18.7	110220
112	-1525262400	13.3	110220
112	-1522670400	9.8	110220
112	-1519992000	0.3	110220
112	-1517400000	-0.8	110220
112	-1514721600	-4	110220
112	-1512043200	-3.5	110220
112	-1509624000	4	110220
112	-1506945600	6.8	110220
112	-1504353600	13.9	110220
112	-1501675200	17.3	110220
112	-1499083200	17.7	110220
112	-1496404800	16.4	110220
112	-1493726400	11.4	110220
112	-1491134400	5.4	110220
112	-1488456000	1.5	110220
112	-1485864000	-0.1	110220
112	-1483185600	0.2	110220
112	-1480507200	-1	110220
112	-1478088000	4.4	110220
112	-1475409600	6.9	110220
112	-1472817600	14	110220
112	-1470139200	12.9	110220
112	-1467547200	19.3	110220
112	-1464868800	17.1	110220
112	-1462190400	12.9	110220
112	-1459598400	10.1	110220
112	-1456920000	3.7	110220
112	-1454328000	-1.7	110220
112	-1451649600	-3.5	110220
112	-1448971200	-3.7	110220
112	-1446465600	1.8	110220
112	-1443787200	7.2	110220
112	-1441195200	14.6	110220
112	-1438516800	15.3	110220
112	-1435924800	17.8	110220
112	-1433246400	15.9	110220
112	-1430568000	14.5	110220
112	-1427976000	9.5	110220
112	-1425297600	2	110220
112	-1422705600	-1	110220
112	-1420027200	0.5	110220
112	-1417348800	2.8	110220
112	-1414929600	2	110220
112	-1412251200	8.8	110220
112	-1409659200	14.7	110220
112	-1406980800	15.5	110220
112	-1404388800	18.1	110220
112	-1401710400	17.1	110220
112	-1399032000	12	110220
112	-1396440000	8	110220
112	-1393761600	2.6	110220
112	-1391169600	-2.2	110220
112	-1388491200	-2.5	110220
112	-1385812800	3.2	110220
112	-1383393600	3.7	110220
112	-1380715200	9.9	110220
112	-1378123200	12.3	110220
112	-1375444800	14.8	110220
112	-1372852800	18.2	110220
112	-1370174400	16.4	110220
112	-1367496000	14.6	110220
112	-1364904000	8.5	110220
112	-1362225600	7.8	110220
112	-1359633600	0.1	110220
112	-1356955200	1	110220
112	-1354276800	-0.9	110220
112	-1351857600	5.9	110220
112	-1349179200	8.2	110220
112	-1346587200	12.1	110220
112	-1343908800	16.9	110220
112	-1341316800	18.6	110220
112	-1338638400	18.3	110220
112	-1335960000	14.5	110220
112	-1333368000	7.8	110220
112	-1330689600	2.7	110220
112	-1328097600	-4.4	110220
112	-1325419200	-0.1	110220
112	-1322740800	0.7	110220
112	-1320235200	1.3	110220
112	-1317556800	8.9	110220
112	-1314964800	10.8	110220
112	-1312286400	15.2	110220
112	-1309694400	20.5	110220
112	-1307016000	18.2	110220
112	-1304337600	13.8	110220
112	-1301745600	8.8	110220
112	-1299067200	5.8	110220
112	-1296475200	-1.4	110220
112	-1293796800	-6.4	110220
112	-1291118400	-11.5	110220
112	-1288699200	1.1	110220
112	-1286020800	5	110220
112	-1283428800	14.1	110220
112	-1280750400	16.1	110220
112	-1278158400	18.7	110220
112	-1275480000	18	110220
112	-1272801600	14.8	110220
112	-1270209600	9.8	110220
112	-1267531200	4.8	110220
112	-1264939200	1.3	110220
112	-1262260800	-0.6	110220
112	-1259582400	-1.5	110220
112	-1257163200	5	110220
112	-1254484800	9.5	110220
112	-1251892800	12.6	110220
112	-1249214400	19.3	110220
112	-1246622400	18.5	110220
112	-1243944000	16.9	110220
112	-1241265600	14.1	110220
112	-1238673600	8.6	110220
112	-1235995200	5.1	110220
112	-1233403200	-0.9	110220
112	-1230724800	-1.2	110220
112	-1228046400	-1.7	110220
112	-1225627200	-0.1	110220
112	-1222948800	6	110220
112	-1220356800	16.7	110220
112	-1217678400	18.7	110220
112	-1215086400	19	110220
112	-1212408000	16.4	110220
112	-1209729600	10.3	110220
112	-1207137600	6.6	110220
112	-1204459200	2.4	110220
112	-1201867200	-1.2	110220
112	-1199188800	-0.3	110220
112	-1196510400	-4	110220
112	-1194004800	-0.2	110220
112	-1191326400	8.6	110220
112	-1188734400	14.3	110220
112	-1186056000	15.7	110220
112	-1183464000	19.9	110220
112	-1180785600	19.2	110220
112	-1178107200	17	110220
112	-1175515200	9	110220
112	-1172836800	3.3	110220
112	-1170244800	-1.1	110220
112	-1167566400	-5.1	110220
112	-1164888000	-0.6	110220
112	-1162468800	3.5	110220
112	-1159790400	6.7	110220
112	-1157198400	12.7	110220
112	-1154520000	14.8	110220
112	-1151928000	18.7	110220
112	-1149249600	18	110220
112	-1146571200	13.4	110220
112	-1143979200	8.3	110220
112	-1141300800	2.4	110220
112	-1138708800	-5	110220
112	-1136030400	-1.5	110220
112	-1133352000	0.4	110220
112	-1130932800	5.3	110220
112	-1128254400	11.3	110220
112	-1125662400	14.9	110220
112	-1122984000	17	110220
112	-1120392000	20.4	110220
112	-1117713600	18.2	110220
112	-1115035200	15.1	110220
112	-1112443200	8.5	110220
112	-1109764800	4.7	110220
112	-1107172800	4.4	110220
112	-1104494400	-3.5	110220
112	-1101816000	0.2	110220
112	-1099396800	1.8	110220
112	-1096718400	8	110220
112	-1094126400	11.1	110220
112	-1091448000	18.4	110220
112	-1088856000	19.1	110220
112	-1086177600	17.6	110220
112	-1083499200	13.7	110220
112	-1080907200	9.9	110220
112	-1078228800	4.2	110220
112	-1075636800	-0.5	110220
112	-1072958400	1.4	110220
112	-1070280000	0.2	110220
112	-1067774400	4.7	110220
112	-1065096000	8.5	110220
112	-1062504000	14.3	110220
112	-1059825600	17.2	110220
112	-1057233600	19.2	110220
112	-1054555200	16.6	110220
112	-1051876800	12.9	110220
112	-1049284800	5.2	110220
112	-1046606400	2.8	110220
112	-1044014400	0	110220
112	-1041336000	-4.3	110220
112	-1038657600	0.3	110220
112	-1036238400	4.5	110220
112	-1033560000	8.1	110220
112	-1030968000	16.4	110220
112	-1028289600	18.2	110220
112	-1025697600	18.4	110220
112	-1023019200	17.8	110220
112	-1020340800	13.7	110220
112	-1017748800	9.7	110220
112	-1015070400	3.5	110220
112	-1012478400	-0.9	110220
112	-1009800000	-0.8	110220
112	-1007121600	0.4	110220
112	-1004702400	7.2	110220
112	-1002024000	5.7	110220
112	-999432000	12.1	110220
112	-996753600	18.1	110220
112	-994161600	18.5	110220
112	-991483200	18.3	110220
112	-988804800	12.6	110220
112	-986212800	9.2	110220
112	-983534400	5.4	110220
112	-980942400	-2.7	110220
112	-978264000	-0.2	110220
112	-975585600	0.9	110220
112	-973166400	1.2	110220
112	-970488000	10.4	110220
112	-967896000	12.6	110220
112	-965217600	17.3	110220
112	-962625600	19.2	110220
112	-959947200	18.4	110220
112	-957268800	13.1	110220
112	-954676800	7.3	110220
112	-951998400	4.6	110220
112	-949406400	-3.3	110220
112	-946728000	-11	110220
112	-944049600	-7.2	110220
112	-941544000	1.7	110220
112	-938865600	8.6	110220
112	-936273600	12.2	110220
112	-933595200	17.3	110220
112	-931003200	18	110220
112	-928324800	16	110220
112	-925646400	14.2	110220
112	-923054400	8.8	110220
112	-920376000	4.9	110220
112	-917784000	-4.8	110220
112	-915105600	-5.7	110220
112	-912427200	-0.8	110220
112	-910008000	3.8	110220
112	-907329600	7.2	110220
112	-904737600	10.9	110220
112	-902059200	17.3	110220
112	-899467200	19.4	110220
112	-896788800	17.2	110220
112	-894110400	12.3	110220
112	-891518400	8.1	110220
112	-888840000	1	110220
112	-886248000	0.4	110220
112	-883569600	-10.5	110220
112	-880891200	-5	110220
112	-878472000	1.4	110220
112	-875793600	8.1	110220
112	-873201600	14.1	110220
112	-870523200	16.4	110220
112	-867931200	18.1	110220
112	-865252800	18.3	110220
112	-862574400	16.8	110220
112	-859982400	11	110220
112	-857304000	2.6	110220
112	-854712000	0.1	110220
112	-852033600	-3.5	110220
112	-849355200	2	110220
112	-846936000	4.9	110220
112	-844257600	10	110220
112	-841665600	13	110220
112	-838987200	16	110220
112	-836395200	17.8	110220
112	-833716800	19.6	110220
112	-831038400	15.2	110220
112	-828446400	9.9	110220
112	-825768000	2.4	110220
112	-823176000	-0.3	110220
112	-820497600	2.4	110220
112	-817819200	-2.3	110220
112	-815313600	0.9	110220
112	-812635200	8.3	110220
112	-810043200	12.7	110220
112	-807364800	15.3	110220
112	-804772800	18.2	110220
112	-802094400	20	110220
112	-799416000	13.8	110220
112	-796824000	9.9	110220
112	-794145600	3.7	110220
112	-791553600	-2.3	110220
112	-788875200	-6	110220
112	-786196800	1.7	110220
112	-783777600	5.6	110220
112	-781099200	9.3	110220
112	-778507200	15.1	110220
112	-775828800	18.1	110220
112	-773236800	20.2	110220
112	-770558400	18.5	110220
112	-767880000	14.4	110220
112	-765288000	9	110220
112	-762609600	3.3	110220
112	-760017600	0.5	110220
112	-757339200	-4.6	110220
112	-754660800	1.9	110220
112	-752241600	4.8	110220
112	-749563200	11.7	110220
112	-746971200	16.1	110220
112	-744292800	17.3	110220
112	-741700800	20.1	110220
112	-739022400	18.5	110220
112	-736344000	15.6	110220
112	-733752000	5.9	110220
112	-731073600	2.8	110220
112	-728481600	-3.3	110220
112	-725803200	-6.9	110220
112	-723124800	-6.5	110220
112	-720705600	2.3	110220
112	-718027200	10.6	110220
112	-715435200	15.1	110220
112	-712756800	18.7	110220
112	-710164800	20.3	110220
112	-707486400	18.6	110220
112	-704808000	17.7	110220
112	-702216000	7.3	110220
112	-699537600	6	110220
112	-696945600	1.4	110220
112	-694267200	1.6	110220
112	-691588800	-0.7	110220
112	-689083200	5.1	110220
112	-686404800	10.8	110220
112	-683812800	15.9	110220
112	-681134400	16.6	110220
112	-678542400	17.6	110220
112	-675864000	17.8	110220
112	-673185600	15.4	110220
112	-670593600	8.8	110220
112	-667915200	3.2	110220
112	-665323200	-2.3	110220
112	-662644800	0.4	110220
112	-659966400	1	110220
112	-657547200	1.8	110220
112	-654868800	10.8	110220
112	-652276800	14.3	110220
112	-649598400	15.6	110220
112	-647006400	18.8	110220
112	-644328000	17.7	110220
112	-641649600	15.7	110220
112	-639057600	9.8	110220
112	-636379200	4.5	110220
112	-633787200	2.1	110220
112	-631108800	-3.7	110220
112	-628430400	0.7	110220
112	-626011200	5.5	110220
112	-623332800	9	110220
112	-620740800	15.6	110220
112	-618062400	18.9	110220
112	-615470400	20.6	110220
112	-612792000	19.1	110220
112	-610113600	14.1	110220
112	-607521600	6.8	110220
112	-604843200	3.5	110220
112	-602251200	-0.8	110220
112	-599572800	0.5	110220
112	-596894400	1.9	110220
112	-594475200	2.4	110220
112	-591796800	8.6	110220
112	-589204800	12.9	110220
112	-586526400	16.8	110220
112	-583934400	18.7	110220
112	-581256000	19	110220
112	-578577600	15.7	110220
112	-575985600	7.5	110220
112	-573307200	6.3	110220
112	-570715200	0.9	110220
112	-568036800	-0.6	110220
112	-565358400	-0.1	110220
112	-562852800	0.6	110220
112	-560174400	11.7	110220
112	-557582400	12.9	110220
112	-554904000	16.5	110220
112	-552312000	20	110220
112	-549633600	20.1	110220
112	-546955200	11.8	110220
112	-544363200	7.6	110220
112	-541684800	2.3	110220
112	-539092800	-2.2	110220
112	-536414400	-1.1	110220
112	-533736000	-0.1	110220
112	-531316800	4.3	110220
112	-528638400	10.1	110220
112	-526046400	13.2	110220
112	-523368000	17.5	110220
112	-520776000	19.5	110220
112	-518097600	16.9	110220
112	-515419200	15.1	110220
112	-512827200	10.5	110220
112	-510148800	2.7	110220
112	-507556800	0.4	110220
112	-504878400	-5.4	110220
112	-502200000	-6.9	110220
112	-499780800	4.3	110220
112	-497102400	6.4	110220
112	-494510400	13.2	110220
112	-491832000	17.8	110220
112	-489240000	16.5	110220
112	-486561600	17.8	110220
112	-483883200	15.6	110220
112	-481291200	8.4	110220
112	-478612800	2.5	110220
112	-476020800	2.2	110220
112	-473342400	-3	110220
112	-470664000	-1.8	110220
112	-468244800	0.7	110220
112	-465566400	6.9	110220
112	-462974400	12.5	110220
112	-460296000	15.5	110220
112	-457704000	18.5	110220
112	-455025600	17.4	110220
112	-452347200	14.2	110220
112	-449755200	8.6	110220
112	-447076800	3.9	110220
112	-444484800	2.1	110220
112	-441806400	-1.1	110220
112	-439128000	-9.9	110220
112	-436622400	1.4	110220
112	-433944000	7.7	110220
112	-431352000	13.3	110220
112	-428673600	15.4	110220
112	-426081600	19.1	110220
112	-423403200	17.3	110220
112	-420724800	15.3	110220
112	-418132800	8.4	110220
112	-415454400	1.2	110220
112	-412862400	0.5	110220
112	-410184000	-2	110220
112	-407505600	2.3	110220
112	-405086400	5.7	110220
112	-402408000	8.6	110220
112	-399816000	11.1	110220
112	-397137600	18.4	110220
112	-394545600	19.2	110220
112	-391867200	16.5	110220
112	-389188800	12.6	110220
112	-386596800	8	110220
112	-383918400	5.1	110220
112	-381326400	0.3	110220
112	-378648000	-1.1	110220
112	-375969600	1.9	110220
112	-373550400	-0.6	110220
112	-370872000	6	110220
112	-368280000	16.5	110220
112	-365601600	16.2	110220
112	-363009600	18.8	110220
112	-360331200	18	110220
112	-357652800	14.4	110220
112	-355060800	9.7	110220
112	-352382400	4.7	110220
112	-349790400	1	110220
112	-347112000	-0.8	110220
112	-344433600	-1	110220
112	-342014400	5.9	110220
112	-339336000	9.5	110220
112	-336744000	13.6	110220
112	-334065600	16.4	110220
112	-331473600	19.3	110220
112	-328795200	17.8	110220
112	-326116800	12.7	110220
112	-323524800	8	110220
112	-320846400	4	110220
112	-318254400	1.8	110220
112	-315576000	-2.2	110220
112	-312897600	-1.6	110220
112	-310392000	3.9	110220
112	-307713600	8.7	110220
112	-305121600	13.2	110220
112	-302443200	16.8	110220
112	-299851200	17	110220
112	-297172800	17.5	110220
112	-294494400	13.1	110220
112	-291902400	9.7	110220
112	-289224000	5.4	110220
112	-286632000	1.6	110220
112	-283953600	-3.7	110220
112	-281275200	2.5	110220
112	-278856000	7	110220
112	-276177600	11.8	110220
112	-273585600	11.9	110220
112	-270907200	17.6	110220
112	-268315200	17	110220
112	-265636800	18	110220
112	-262958400	16.6	110220
112	-260366400	10.4	110220
112	-257688000	3.6	110220
112	-255096000	-2.1	110220
112	-252417600	-0.7	110220
112	-249739200	-0.5	110220
112	-247320000	0.3	110220
112	-244641600	10.1	110220
112	-242049600	11.6	110220
112	-239371200	14.9	110220
112	-236779200	16.8	110220
112	-234100800	18.8	110220
112	-231422400	12.9	110220
112	-228830400	8.8	110220
112	-226152000	3.4	110220
112	-223560000	-4.3	110220
112	-220881600	-7.2	110220
112	-218203200	-6.4	110220
112	-215784000	1.1	110220
112	-213105600	9.8	110220
112	-210513600	13.6	110220
112	-207835200	17.4	110220
112	-205243200	19.9	110220
112	-202564800	18.2	110220
112	-199886400	15.2	110220
112	-197294400	8.5	110220
112	-194616000	6.5	110220
112	-192024000	-5.1	110220
112	-189345600	-5.8	110220
112	-186667200	-0.7	110220
112	-184161600	0	110220
112	-181483200	10.2	110220
112	-178891200	13.7	110220
112	-176212800	18.4	110220
112	-173620800	18.8	110220
112	-170942400	16.8	110220
112	-168264000	14.5	110220
112	-165672000	7.7	110220
112	-162993600	5.2	110220
112	-160401600	-1.3	110220
112	-157723200	-0.3	110220
112	-155044800	-3.3	110220
112	-152625600	1.8	110220
112	-149947200	7.8	110220
112	-147355200	11.9	110220
112	-144676800	16.4	110220
112	-142084800	16.9	110220
112	-139406400	15.8	110220
112	-136728000	14.3	110220
112	-134136000	6.9	110220
112	-131457600	1	110220
112	-128865600	0.8	110220
112	-126187200	-4.4	110220
112	-123508800	5.1	110220
112	-121089600	3.9	110220
112	-118411200	10.4	110220
112	-115819200	13.7	110220
112	-113140800	17.2	110220
112	-110548800	17.4	110220
112	-107870400	17.2	110220
112	-105192000	14	110220
112	-102600000	12.5	110220
112	-99921600	3.1	110220
112	-97329600	0.7	110220
112	-94651200	-1.6	110220
112	-91972800	1.1	110220
112	-89553600	5.6	110220
112	-86875200	8.7	110220
112	-84283200	13.8	110220
112	-81604800	16.6	110220
112	-79012800	20	110220
112	-76334400	18.2	110220
112	-73656000	14.9	110220
112	-71064000	10.3	110220
112	-68385600	3.2	110220
112	-65793600	-0.1	110220
112	-63115200	-2.9	110220
112	-60436800	0.9	110220
112	-57931200	4.9	110220
112	-55252800	10.1	110220
112	-52660800	13.4	110220
112	-49982400	17.6	110220
112	-47390400	18.2	110220
112	-44712000	17.2	110220
112	-42033600	13.9	110220
112	-39441600	9.2	110220
112	-36763200	4.9	110220
112	-34171200	-3.2	110220
112	-31492800	-2.7	110220
112	-28814400	-2	110220
112	-26395200	1	110220
112	-23716800	9.2	110220
112	-21124800	16.1	110220
112	-18446400	16.2	110220
112	-15854400	19.3	110220
112	-13176000	17	110220
112	-10497600	15	110220
112	-7905600	10.1	110220
112	-5227200	5.1	110220
112	-2635200	-4.6	110220
112	43200	-3.1	110220
112	2721600	-1.8	110220
112	5140800	2	110220
112	7819200	7.9	110220
112	10411200	12.1	110220
112	13089600	17.9	110220
112	15681600	18.6	110220
112	18360000	17.8	110220
112	21038400	13.7	110220
112	23630400	8.4	110220
112	26308800	6	110220
112	28900800	-0.1	110220
112	31579200	-4	110220
112	34257600	1.7	110220
112	36676800	1.2	110220
112	39355200	9.5	110220
112	41947200	15.1	110220
112	44625600	15.8	110220
112	47217600	19.6	110220
112	49896000	20.4	110220
112	52574400	12.5	110220
112	55166400	7.7	110220
112	57844800	3.6	110220
112	60436800	3.1	110220
112	63115200	-2.9	110220
112	65793600	1.9	110220
112	68299200	5.7	110220
112	70977600	8.5	110220
112	73569600	13.4	110220
112	76248000	17.2	110220
112	78840000	19.5	110220
112	81518400	17.8	110220
112	84196800	12.1	110220
112	86788800	6.7	110220
112	89467200	3.8	110220
112	92059200	-0.7	110220
112	94737600	-1.1	110220
112	97416000	1.3	110220
112	99835200	4.7	110220
112	102513600	7.1	110220
112	105105600	14.2	110220
112	107784000	17.2	110220
112	110376000	19	110220
112	113054400	19.3	110220
112	115732800	15.2	110220
112	118324800	7.2	110220
112	121003200	1.9	110220
112	123595200	-0.5	110220
112	126273600	1.5	110220
112	128952000	3.5	110220
112	131371200	6.6	110220
112	134049600	8.9	110220
112	136641600	13.1	110220
112	139320000	15.4	110220
112	141912000	17.8	110220
112	144590400	20.1	110220
112	147268800	14.2	110220
112	149860800	5.5	110220
112	152539200	3.5	110220
112	155131200	3.7	110220
112	157809600	2.3	110220
112	160488000	-0.3	110220
112	162907200	4.4	110220
112	165585600	8.5	110220
112	168177600	14.6	110220
112	170856000	16.5	110220
112	173448000	19.5	110220
112	176126400	19.1	110220
112	178804800	16.7	110220
112	181396800	8.5	110220
112	184075200	2.2	110220
112	186667200	0.2	110220
112	189345600	0.8	110220
112	192024000	-0.9	110220
112	194529600	1.1	110220
112	197208000	9	110220
112	199800000	13.8	110220
112	202478400	17.9	110220
112	205070400	20	110220
112	207748800	16.1	110220
112	210427200	12.8	110220
112	213019200	9.6	110220
112	215697600	5.6	110220
112	218289600	-1.1	110220
112	220968000	-1.4	110220
112	223646400	1.5	110220
112	226065600	7	110220
112	228744000	7.5	110220
112	231336000	13.5	110220
112	234014400	18.1	110220
112	236606400	18.9	110220
112	239284800	17.6	110220
112	241963200	12.6	110220
112	244555200	9.9	110220
112	247233600	4.6	110220
112	249825600	-0.7	110220
112	252504000	-0.2	110220
112	255182400	-3	110220
112	257601600	5.3	110220
112	260280000	8.1	110220
112	262872000	12.7	110220
112	265550400	16.7	110220
112	268142400	17.6	110220
112	270820800	17.2	110220
112	273499200	14.3	110220
112	276091200	9.6	110220
112	278769600	1.6	110220
112	281361600	0.1	110220
112	284040000	-4.7	110220
112	286718400	-0.7	110220
112	289137600	5	110220
112	291816000	7.6	110220
112	294408000	14.6	110220
112	297086400	19.5	110220
112	299678400	17.1	110220
112	302356800	17.5	110220
112	305035200	14.4	110220
112	307627200	7.5	110220
112	310305600	3.9	110220
112	312897600	3.4	110220
112	315576000	-4.4	110220
112	318254400	1.4	110220
112	320760000	2.9	110220
112	323438400	6.5	110220
112	326030400	11.5	110220
112	328708800	16.5	110220
112	331300800	17.2	110220
112	333979200	18.2	110220
112	336657600	13.8	110220
112	339249600	7.9	110220
112	341928000	2.4	110220
112	344520000	-0.4	110220
112	347198400	-2.4	110220
112	349876800	0.2	110220
112	352296000	7.1	110220
112	354974400	8.7	110220
112	357566400	14.2	110220
112	360244800	18.5	110220
112	362836800	18.5	110220
112	365515200	19.1	110220
112	368193600	14.9	110220
112	370785600	9.1	110220
112	373464000	4.5	110220
112	376056000	-1.5	110220
112	378734400	-4.8	110220
112	381412800	-1.7	110220
112	383832000	4.7	110220
112	386510400	7.1	110220
112	389102400	14.3	110220
112	391780800	18	110220
112	394372800	20.1	110220
112	397051200	19.1	110220
112	399729600	16.9	110220
112	402321600	9.5	110220
112	4.05e+08	4.2	110220
112	407592000	1.8	110220
112	410270400	3.7	110220
112	412948800	-2.8	110220
112	415368000	5.1	110220
112	418046400	10.7	110220
112	420638400	14.5	110220
112	423316800	17.7	110220
112	425908800	22.1	110220
112	428587200	20.3	110220
112	431265600	14.9	110220
112	433857600	9.1	110220
112	436536000	1.9	110220
112	439128000	-0.9	110220
112	441806400	-0.2	110220
112	444484800	-0.3	110220
112	446990400	3.3	110220
112	449668800	8.5	110220
112	452260800	13.2	110220
112	454939200	16.3	110220
112	457531200	17.3	110220
112	460209600	18	110220
112	462888000	13.4	110220
112	465480000	9.6	110220
112	468158400	4.8	110220
112	470750400	-0.6	110220
112	473428800	-7.3	110220
112	476107200	-3.8	110220
112	478526400	3	110220
112	481204800	9.2	110220
112	483796800	15.2	110220
112	486475200	15.3	110220
112	489067200	19.6	110220
112	491745600	18.5	110220
112	494424000	14.5	110220
112	497016000	9	110220
112	499694400	0.5	110220
112	502286400	2.1	110220
112	504964800	-1	110220
112	507643200	-6.1	110220
112	510062400	2.7	110220
112	512740800	10.9	110220
112	515332800	16.7	110220
112	518011200	17.5	110220
112	520603200	18.6	110220
112	523281600	19	110220
112	525960000	13.6	110220
112	528552000	9.1	110220
112	531230400	4.3	110220
112	533822400	-0.6	110220
112	536500800	-6	110220
112	539179200	-1	110220
112	541598400	-0.8	110220
112	544276800	9.9	110220
112	546868800	12.6	110220
112	549547200	16.9	110220
112	552139200	19.9	110220
112	554817600	16.9	110220
112	557496000	16.3	110220
112	560088000	9.8	110220
112	562766400	4.3	110220
112	565358400	1.4	110220
112	568036800	1.9	110220
112	570715200	1.9	110220
112	573220800	2.5	110220
112	575899200	9.4	110220
112	578491200	15.5	110220
112	581169600	17.3	110220
112	583761600	20.3	110220
112	586440000	19.4	110220
112	589118400	14.3	110220
112	591710400	9.4	110220
112	594388800	0.6	110220
112	596980800	1.9	110220
112	599659200	0.1	110220
112	602337600	3.8	110220
112	604756800	7.1	110220
112	607435200	9.9	110220
112	610027200	14.3	110220
112	612705600	16.3	110220
112	615297600	19.8	110220
112	617976000	18.8	110220
112	620654400	15	110220
112	623246400	9.7	110220
112	625924800	2.3	110220
112	628516800	0.7	110220
112	631195200	-0.5	110220
112	633873600	4	110220
112	636292800	8.1	110220
112	638971200	8.4	110220
112	641563200	15.4	110220
112	644241600	17.7	110220
112	646833600	19	110220
112	649512000	20.4	110220
112	652190400	12.8	110220
112	654782400	9.5	110220
112	657460800	5	110220
112	660052800	-0.4	110220
112	662731200	-0.2	110220
112	665409600	-3.8	110220
112	667828800	6.2	110220
112	670507200	8.3	110220
112	673099200	11	110220
112	675777600	16.8	110220
112	678369600	21.1	110220
112	681048000	19.5	110220
112	683726400	16	110220
112	686318400	8.3	110220
112	688996800	3.6	110220
112	691588800	-1	110220
112	694267200	1.1	110220
112	696945600	2.9	110220
112	699451200	5.1	110220
112	702129600	9.7	110220
112	704721600	15.6	110220
112	707400000	19.2	110220
112	709992000	21.1	110220
112	712670400	23.6	110220
112	715348800	15.4	110220
112	717940800	7.6	110220
112	720619200	3.9	110220
112	723211200	-0.4	110220
112	725889600	0.5	110220
112	728568000	-1.9	110220
112	730987200	3.3	110220
112	733665600	10.5	110220
112	736257600	17.3	110220
112	738936000	18.3	110220
112	741528000	18.7	110220
112	744206400	19.4	110220
112	746884800	14	110220
112	749476800	9.6	110220
112	752155200	0.8	110220
112	754747200	1.8	110220
112	757425600	2.7	110220
112	760104000	0	110220
112	762523200	7.3	110220
112	765201600	9.7	110220
112	767793600	14.6	110220
112	770472000	18.9	110220
112	773064000	23.3	110220
112	775742400	21.2	110220
112	778420800	16.7	110220
112	781012800	7.1	110220
112	783691200	6.1	110220
112	786283200	1.2	110220
112	788961600	-0.7	110220
112	791640000	4.1	110220
112	794059200	3.7	110220
112	796737600	10.2	110220
112	799329600	14.4	110220
112	802008000	16.6	110220
112	804600000	21.5	110220
112	807278400	18.4	110220
112	809956800	13.6	110220
112	812548800	10.6	110220
112	815227200	1.5	110220
112	817819200	-1.2	110220
112	820497600	-4.3	110220
112	823176000	-4.1	110220
112	825681600	0.1	110220
112	828360000	9.1	110220
112	830952000	14.6	110220
112	833630400	18	110220
112	836222400	17.6	110220
112	838900800	18.2	110220
112	841579200	11.2	110220
112	844171200	10	110220
112	846849600	5.5	110220
112	849441600	-3.9	110220
112	852120000	-4.3	110220
112	854798400	2.4	110220
112	857217600	5.1	110220
112	859896000	6.4	110220
112	862488000	14.9	110220
112	865166400	17.7	110220
112	867758400	18	110220
112	870436800	20.1	110220
112	873115200	15.1	110220
112	875707200	7.3	110220
112	878385600	4	110220
112	880977600	1.3	110220
112	883656000	0.9	110220
112	886334400	4.3	110220
112	888753600	4.2	110220
112	891432000	10.7	110220
112	894024000	14.6	110220
112	896702400	18.8	110220
112	899294400	19.5	110220
112	901972800	19.8	110220
112	904651200	13.9	110220
112	907243200	9.4	110220
112	909921600	1.2	110220
112	912513600	-1.9	110220
112	915192000	-0.5	110220
112	917870400	-0.3	110220
112	920289600	5.9	110220
112	922968000	10.6	110220
112	925560000	14.9	110220
112	928238400	17.2	110220
112	930830400	20.6	110220
112	933508800	18.8	110220
112	936187200	17.3	110220
112	938779200	9.8	110220
112	941457600	2.5	110220
112	944049600	0.1	110220
112	946728000	-2	110220
112	949406400	3.6	110220
112	951912000	4.9	110220
112	954590400	12.8	110220
112	957182400	16.6	110220
112	959860800	19.5	110220
112	962452800	17.9	110220
112	965131200	20.6	110220
112	967809600	14	110220
112	970401600	11.8	110220
112	973080000	6.4	110220
112	975672000	1.1	110220
112	978350400	-0.9	110220
112	981028800	1.9	110220
112	983448000	5.4	110220
112	986126400	8.4	110220
112	988718400	16.2	110220
112	991396800	16.3	110220
112	993988800	20.3	110220
112	996667200	20.6	110220
112	999345600	12.6	110220
112	1001937600	12.2	110220
112	1004616000	3	110220
112	1007208000	-2.8	110220
112	1009886400	0	110220
112	1012564800	4.4	110220
112	1014984000	6.1	110220
112	1017662400	8.8	110220
112	1020254400	16.9	110220
112	1022932800	19.5	110220
112	1025524800	20.7	110220
112	1028203200	20.1	110220
112	1030881600	13.9	110220
112	1033473600	7.9	110220
112	1036152000	6.1	110220
112	1038744000	-2.2	110220
112	1041422400	-1.7	110220
112	1044100800	-2.9	110220
112	1046520000	5.5	110220
112	1049198400	9	110220
112	1051790400	17	110220
112	1054468800	21.5	110220
112	1057060800	20.8	110220
112	1059739200	23.1	110220
112	1062417600	15.1	110220
112	1065009600	6.5	110220
112	1067688000	5.6	110220
112	1070280000	-0.2	110220
112	1072958400	-2.9	110220
112	1075636800	1.7	110220
112	1078142400	3.5	110220
112	1080820800	10.4	110220
112	1083412800	13.1	110220
112	1086091200	17.1	110220
112	1088683200	19.3	110220
112	1091361600	20.5	110220
112	1094040000	14.9	110220
112	1096632000	10.6	110220
112	1099310400	4.9	110220
112	1101902400	0.4	110220
112	1104580800	0.8	110220
112	1107259200	-2.3	110220
112	1109678400	2.7	110220
112	1112356800	10.8	110220
112	1114948800	15	110220
112	1117627200	18	110220
112	1120219200	19.9	110220
112	1122897600	18	110220
112	1125576000	15.8	110220
112	1128168000	10	110220
112	1130846400	3	110220
112	1133438400	-0.4	110220
112	1136116800	-4.9	110220
112	1138795200	-1.9	110220
112	1141214400	2.2	110220
112	1143892800	10.8	110220
112	1146484800	14.3	110220
112	1149163200	18.4	110220
112	1151755200	23.3	110220
112	1154433600	16.8	110220
112	1157112000	17.2	110220
112	1159704000	11.8	110220
112	1162382400	7	110220
112	1164974400	2.7	110220
112	1167652800	4.6	110220
112	1170331200	4	110220
112	1172750400	7	110220
112	1175428800	12.8	110220
112	1178020800	15.9	110220
112	1180699200	20	110220
112	1183291200	21.1	110220
112	1185969600	20.2	110220
112	1188648000	13.2	110220
112	1191240000	8.8	110220
112	1193918400	2.6	110220
112	1196510400	-0.3	110220
112	1199188800	2	110220
112	1201867200	3.6	110220
112	1204372800	4.8	110220
112	1207051200	9.9	110220
112	1209643200	15.5	110220
112	1212321600	19.5	110220
112	1214913600	19.7	110220
112	1217592000	20	110220
112	1220270400	14.2	110220
112	1222862400	9.9	110220
112	1225540800	5.9	110220
112	1228132800	1.5	110220
113	-2406196800	9.9	110280
113	-2403518400	1.6	110280
113	-2400926400	-0.5	110280
113	-2398248000	-5.7	110280
113	-2395569600	0.8	110280
113	-2393150400	4.1	110280
113	-2390472000	10.3	110280
113	-2387880000	12.9	110280
113	-2385201600	14.5	110280
113	-2382609600	19.1	110280
113	-2379931200	17.2	110280
113	-2377252800	13.3	110280
113	-2374660800	8.4	110280
113	-2371982400	3.3	110280
113	-2369390400	-1.4	110280
113	-2366712000	-4.8	110280
113	-2364033600	-7.5	110280
113	-2361614400	0.6	110280
113	-2358936000	8.2	110280
113	-2356344000	12.4	110280
113	-2353665600	16.3	110280
113	-2351073600	19.6	110280
113	-2348395200	16.9	110280
113	-2345716800	15.2	110280
113	-2343124800	7.2	110280
113	-2340446400	4	110280
113	-2337854400	-1.1	110280
113	-2335176000	-5	110280
113	-2332497600	-1.6	110280
113	-2329992000	4.7	110280
113	-2327313600	6	110280
113	-2324721600	11	110280
113	-2322043200	17.1	110280
113	-2319451200	18.7	110280
113	-2316772800	15.2	110280
113	-2314094400	13.9	110280
113	-2311502400	9.7	110280
113	-2308824000	1.7	110280
113	-2306232000	-1.1	110280
113	-2303553600	-2.4	110280
113	-2300875200	1.3	110280
113	-2298456000	5.9	110280
113	-2295777600	8.5	110280
113	-2293185600	10.8	110280
113	-2290507200	17.4	110280
113	-2287915200	18.1	110280
113	-2285236800	18.1	110280
113	-2282558400	13.8	110280
113	-2279966400	7.1	110280
113	-2277288000	1	110280
113	-2274696000	-0.9	110280
113	-2272017600	-0.1	110280
113	-2269339200	1.1	110280
113	-2266920000	4.4	110280
113	-2264241600	9.4	110280
113	-2261649600	13.7	110280
113	-2258971200	16.1	110280
113	-2256379200	16.8	110280
113	-2253700800	18.5	110280
113	-2251022400	14.2	110280
113	-2248430400	9.3	110280
113	-2245752000	4.9	110280
113	-2243160000	0.7	110280
113	-2240481600	1	110280
113	-2237803200	0.6	110280
113	-2235384000	2.4	110280
113	-2232705600	8.4	110280
113	-2230113600	12.4	110280
113	-2227435200	15.4	110280
113	-2224843200	18.2	110280
113	-2222164800	18	110280
113	-2219486400	13.3	110280
113	-2216894400	6.6	110280
113	-2214216000	4.7	110280
113	-2211624000	-6.2	110280
113	-2208945600	-1.1	110280
113	-2206267200	2.2	110280
113	-2203848000	0.2	110280
113	-2201169600	7.2	110280
113	-2198577600	11.3	110280
113	-2195899200	16.9	110280
113	-2193307200	19.6	110280
113	-2190628800	17	110280
113	-2187950400	14.6	110280
113	-2185358400	9	110280
113	-2182680000	5.3	110280
113	-2180088000	0.9	110280
113	-2177409600	-6.4	110280
113	-2174731200	-5.3	110280
113	-2172312000	2.6	110280
113	-2169633600	8.6	110280
113	-2167041600	13.6	110280
113	-2164363200	17.4	110280
113	-2161771200	18.7	110280
113	-2159092800	17.2	110280
113	-2156414400	13.4	110280
113	-2153822400	9.8	110280
113	-2151144000	1.4	110280
113	-2148552000	1.2	110280
113	-2145873600	1.8	110280
113	-2143195200	-0.6	110280
113	-2140776000	3.4	110280
113	-2138097600	8.4	110280
113	-2135505600	9.6	110280
113	-2132827200	15.3	110280
113	-2130235200	17.2	110280
113	-2127556800	16.6	110280
113	-2124878400	12.7	110280
113	-2122286400	7.5	110280
113	-2119608000	0.1	110280
113	-2117016000	-3.3	110280
113	-2114337600	-4	110280
113	-2111659200	2.9	110280
113	-2109240000	5.4	110280
113	-2106561600	5.3	110280
113	-2103969600	13.4	110280
113	-2101291200	15.9	110280
113	-2098699200	17.6	110280
113	-2096020800	17.3	110280
113	-2093342400	13.7	110280
113	-2090750400	9.6	110280
113	-2088072000	4.9	110280
113	-2085480000	-0.6	110280
113	-2082801600	-2.2	110280
113	-2080123200	1.1	110280
113	-2077617600	4.4	110280
113	-2074939200	9.2	110280
113	-2072347200	13	110280
113	-2069668800	16.9	110280
113	-2067076800	20.7	110280
113	-2064398400	18.7	110280
113	-2061720000	12.5	110280
113	-2059128000	8.4	110280
113	-2056449600	2.4	110280
113	-2053857600	0.4	110280
113	-2051179200	-3.6	110280
113	-2048500800	0.8	110280
113	-2046081600	5	110280
113	-2043403200	6.6	110280
113	-2040811200	13.1	110280
113	-2038132800	17.8	110280
113	-2035540800	20.5	110280
113	-2032862400	18.5	110280
113	-2030184000	14.1	110280
113	-2027592000	4.6	110280
113	-2024913600	3.1	110280
113	-2022321600	0.6	110280
113	-2019643200	-0.9	110280
113	-2016964800	-0.6	110280
113	-2014545600	3.2	110280
113	-2011867200	9	110280
113	-2009275200	13.4	110280
113	-2006596800	15.2	110280
113	-2004004800	18	110280
113	-2001326400	17	110280
113	-1998648000	12.7	110280
113	-1996056000	8.8	110280
113	-1993377600	5.5	110280
113	-1990785600	-2.6	110280
113	-1988107200	-1.8	110280
113	-1985428800	-1.6	110280
113	-1983009600	1.8	110280
113	-1980331200	6.2	110280
113	-1977739200	15	110280
113	-1975060800	16.8	110280
113	-1972468800	16.3	110280
113	-1969790400	17.4	110280
113	-1967112000	13.7	110280
113	-1964520000	12	110280
113	-1961841600	2.4	110280
113	-1959249600	0.8	110280
113	-1956571200	-3.3	110280
113	-1953892800	1	110280
113	-1951387200	2.6	110280
113	-1948708800	7.7	110280
113	-1946116800	15.9	110280
113	-1943438400	18.9	110280
113	-1940846400	17.7	110280
113	-1938168000	15.6	110280
113	-1935489600	11.6	110280
113	-1932897600	7.5	110280
113	-1930219200	0.2	110280
113	-1927627200	-2.4	110280
113	-1924948800	-3.5	110280
113	-1922270400	-3.9	110280
113	-1919851200	1.8	110280
113	-1917172800	9	110280
113	-1914580800	11.5	110280
113	-1911902400	16	110280
113	-1909310400	16.7	110280
113	-1906632000	17.4	110280
113	-1903953600	14.5	110280
113	-1901361600	9.8	110280
113	-1898683200	2.1	110280
113	-1896091200	0.2	110280
113	-1893412800	-0.5	110280
113	-1890734400	1.4	110280
113	-1888315200	3.9	110280
113	-1885636800	7.7	110280
113	-1883044800	12.8	110280
113	-1880366400	17.1	110280
113	-1877774400	16.6	110280
113	-1875096000	16.3	110280
113	-1872417600	12.6	110280
113	-1869825600	8.6	110280
113	-1867147200	2.5	110280
113	-1864555200	2.4	110280
113	-1861876800	-3.5	110280
113	-1859198400	-0.1	110280
113	-1856779200	3.8	110280
113	-1854100800	7.7	110280
113	-1851508800	13	110280
113	-1848830400	16.4	110280
113	-1846238400	20.3	110280
113	-1843560000	18.7	110280
113	-1840881600	14.3	110280
113	-1838289600	7.7	110280
113	-1835611200	4.1	110280
113	-1833019200	1.5	110280
113	-1830340800	-3.6	110280
113	-1827662400	1.6	110280
113	-1825156800	6.1	110280
113	-1822478400	7	110280
113	-1819886400	13.2	110280
113	-1817208000	17.3	110280
113	-1814616000	17.9	110280
113	-1811937600	15.3	110280
113	-1809259200	9.4	110280
113	-1806667200	6.2	110280
113	-1803988800	1.2	110280
113	-1801396800	1.4	110280
113	-1798718400	-2.7	110280
113	-1796040000	-0.9	110280
113	-1793620800	5.9	110280
113	-1790942400	8.5	110280
113	-1788350400	12.3	110280
113	-1785672000	16.1	110280
113	-1783080000	15.1	110280
113	-1780401600	16	110280
113	-1777723200	13	110280
113	-1775131200	8.6	110280
113	-1772452800	5.2	110280
113	-1769860800	1.4	110280
113	-1767182400	-4.6	110280
113	-1764504000	-1.8	110280
113	-1762084800	5.1	110280
113	-1759406400	9.9	110280
113	-1756814400	12.6	110280
113	-1754136000	15.5	110280
113	-1751544000	16.9	110280
113	-1748865600	17.1	110280
113	-1746187200	12.7	110280
113	-1743595200	8.9	110280
113	-1740916800	3	110280
113	-1738324800	0.5	110280
113	-1735646400	0.5	110280
113	-1732968000	0.3	110280
113	-1730548800	2.3	110280
113	-1727870400	8.2	110280
113	-1725278400	14.4	110280
113	-1722600000	18.7	110280
113	-1720008000	17.2	110280
113	-1717329600	15.3	110280
113	-1714651200	11.8	110280
113	-1712059200	6.6	110280
113	-1709380800	0.9	110280
113	-1706788800	3.3	110280
113	-1704110400	3.5	110280
113	-1701432000	0.7	110280
113	-1698926400	6.1	110280
113	-1696248000	8.3	110280
113	-1693656000	14.1	110280
113	-1690977600	14.6	110280
113	-1688385600	17.9	110280
113	-1685707200	16.7	110280
113	-1683028800	12	110280
113	-1680436800	8.1	110280
113	-1677758400	4.7	110280
113	-1675166400	2.5	110280
113	-1672488000	-2.6	110280
113	-1669809600	-4.5	110280
113	-1667390400	1.3	110280
113	-1664712000	5	110280
113	-1662120000	15.7	110280
113	-1659441600	20.1	110280
113	-1656849600	19.4	110280
113	-1654171200	18.3	110280
113	-1651492800	15.6	110280
113	-1648900800	8.4	110280
113	-1646222400	4.4	110280
113	-1643630400	-2.3	110280
113	-1640952000	-0.9	110280
113	-1638273600	0	110280
113	-1635854400	4.9	110280
113	-1633176000	11.1	110280
113	-1630584000	14.9	110280
113	-1627905600	15.3	110280
113	-1625313600	17.4	110280
113	-1622635200	17.5	110280
113	-1619956800	15.8	110280
113	-1617364800	8.4	110280
113	-1614686400	2.9	110280
113	-1612094400	3	110280
113	-1609416000	1.6	110280
113	-1606737600	-1.1	110280
113	-1604318400	4	110280
113	-1601640000	6.3	110280
113	-1599048000	10.6	110280
113	-1596369600	17.2	110280
113	-1593777600	16.1	110280
113	-1591099200	18.7	110280
113	-1588420800	15	110280
113	-1585828800	7.2	110280
113	-1583150400	1.6	110280
113	-1580558400	0.5	110280
113	-1577880000	2.1	110280
113	-1575201600	2.6	110280
113	-1572696000	6.3	110280
113	-1570017600	11.6	110280
113	-1567425600	16.3	110280
113	-1564747200	15.4	110280
113	-1562155200	18.9	110280
113	-1559476800	16.7	110280
113	-1556798400	14	110280
113	-1554206400	6.7	110280
113	-1551528000	-0.1	110280
113	-1548936000	1.1	110280
113	-1546257600	4.1	110280
113	-1543579200	0.1	110280
113	-1541160000	5.6	110280
113	-1538481600	7.3	110280
113	-1535889600	15.2	110280
113	-1533211200	15.4	110280
113	-1530619200	19.6	110280
113	-1527940800	18.7	110280
113	-1525262400	13.6	110280
113	-1522670400	9.7	110280
113	-1519992000	0.6	110280
113	-1517400000	-0.3	110280
113	-1514721600	-3	110280
113	-1512043200	-2.5	110280
113	-1509624000	4.5	110280
113	-1506945600	7.4	110280
113	-1504353600	13.9	110280
113	-1501675200	17.2	110280
113	-1499083200	17.3	110280
113	-1496404800	17.2	110280
113	-1493726400	11.7	110280
113	-1491134400	5.7	110280
113	-1488456000	1.7	110280
113	-1485864000	0.6	110280
113	-1483185600	0.1	110280
113	-1480507200	0.7	110280
113	-1478088000	4.6	110280
113	-1475409600	7.1	110280
113	-1472817600	14.3	110280
113	-1470139200	13.5	110280
113	-1467547200	20.1	110280
113	-1464868800	17.7	110280
113	-1462190400	13.4	110280
113	-1459598400	10.3	110280
113	-1456920000	4	110280
113	-1454328000	-2	110280
113	-1451649600	-3.7	110280
113	-1448971200	-3.6	110280
113	-1446465600	2.4	110280
113	-1443787200	7.5	110280
113	-1441195200	14.9	110280
113	-1438516800	16	110280
113	-1435924800	18.3	110280
113	-1433246400	15.7	110280
113	-1430568000	14.4	110280
113	-1427976000	8.5	110280
113	-1425297600	2.3	110280
113	-1422705600	-1.2	110280
113	-1420027200	0.1	110280
113	-1417348800	2.4	110280
113	-1414929600	2	110280
113	-1412251200	9	110280
113	-1409659200	14.4	110280
113	-1406980800	15.5	110280
113	-1404388800	18.2	110280
113	-1401710400	17	110280
113	-1399032000	12.1	110280
113	-1396440000	8.4	110280
113	-1393761600	2.9	110280
113	-1391169600	-1.6	110280
113	-1388491200	-1.2	110280
113	-1385812800	4.1	110280
113	-1383393600	4.3	110280
113	-1380715200	9.9	110280
113	-1378123200	12.6	110280
113	-1375444800	14.8	110280
113	-1372852800	17.6	110280
113	-1370174400	16.8	110280
113	-1367496000	14.9	110280
113	-1364904000	8.6	110280
113	-1362225600	7.3	110280
113	-1359633600	0.1	110280
113	-1356955200	1.2	110280
113	-1354276800	-0.5	110280
113	-1351857600	5.6	110280
113	-1349179200	8.7	110280
113	-1346587200	13.2	110280
113	-1343908800	17.5	110280
113	-1341316800	18.9	110280
113	-1338638400	17.6	110280
113	-1335960000	14.5	110280
113	-1333368000	8.1	110280
113	-1330689600	3.5	110280
113	-1328097600	-4	110280
113	-1325419200	0.8	110280
113	-1322740800	1.3	110280
113	-1320235200	2.5	110280
113	-1317556800	9.3	110280
113	-1314964800	10.6	110280
113	-1312286400	16	110280
113	-1309694400	21.1	110280
113	-1307016000	18.3	110280
113	-1304337600	13.3	110280
113	-1301745600	9.1	110280
113	-1299067200	6.5	110280
113	-1296475200	-1.6	110280
113	-1293796800	-6.3	110280
113	-1291118400	-11.5	110280
113	-1288699200	1.5	110280
113	-1286020800	5.9	110280
113	-1283428800	14.1	110280
113	-1280750400	16.4	110280
113	-1278158400	19.3	110280
113	-1275480000	17.8	110280
113	-1272801600	15	110280
113	-1270209600	9.8	110280
113	-1267531200	5.1	110280
113	-1264939200	1.8	110280
113	-1262260800	-0.3	110280
113	-1259582400	-2.3	110280
113	-1257163200	5.5	110280
113	-1254484800	9.2	110280
113	-1251892800	12.7	110280
113	-1249214400	19.3	110280
113	-1246622400	17.6	110280
113	-1243944000	16.6	110280
113	-1241265600	14.4	110280
113	-1238673600	8.7	110280
113	-1235995200	5.5	110280
113	-1233403200	-0.3	110280
113	-1230724800	-1	110280
113	-1228046400	-1.2	110280
113	-1225627200	0.5	110280
113	-1222948800	6.7	110280
113	-1220356800	16.8	110280
113	-1217678400	19.1	110280
113	-1215086400	19.1	110280
113	-1212408000	16.9	110280
113	-1209729600	10.4	110280
113	-1207137600	7.3	110280
113	-1204459200	3.2	110280
113	-1201867200	-1.1	110280
113	-1199188800	-0.2	110280
113	-1196510400	-4	110280
113	-1194004800	0.7	110280
113	-1191326400	8.4	110280
113	-1188734400	14	110280
113	-1186056000	15.9	110280
113	-1183464000	19.5	110280
113	-1180785600	19.6	110280
113	-1178107200	17.3	110280
113	-1175515200	9.3	110280
113	-1172836800	3.8	110280
113	-1170244800	-0.5	110280
113	-1167566400	-4.4	110280
113	-1164888000	0.3	110280
113	-1162468800	3.8	110280
113	-1159790400	7.6	110280
113	-1157198400	12.1	110280
113	-1154520000	14.8	110280
113	-1151928000	18.5	110280
113	-1149249600	17.9	110280
113	-1146571200	13.4	110280
113	-1143979200	8.5	110280
113	-1141300800	2.9	110280
113	-1138708800	-5.1	110280
113	-1136030400	-0.9	110280
113	-1133352000	-0.4	110280
113	-1130932800	5.7	110280
113	-1128254400	11.4	110280
113	-1125662400	15	110280
113	-1122984000	16.7	110280
113	-1120392000	19.8	110280
113	-1117713600	17.9	110280
113	-1115035200	15.1	110280
113	-1112443200	9.1	110280
113	-1109764800	4.6	110280
113	-1107172800	4.6	110280
113	-1104494400	-3.2	110280
113	-1101816000	0.5	110280
113	-1099396800	2.2	110280
113	-1096718400	8.2	110280
113	-1094126400	11.4	110280
113	-1091448000	18.8	110280
113	-1088856000	18.8	110280
113	-1086177600	17.4	110280
113	-1083499200	14.2	110280
113	-1080907200	9.7	110280
113	-1078228800	4.3	110280
113	-1075636800	-0.8	110280
113	-1072958400	1	110280
113	-1070280000	0.1	110280
113	-1067774400	5.4	110280
113	-1065096000	8.8	110280
113	-1062504000	13.6	110280
113	-1059825600	16.5	110280
113	-1057233600	18.7	110280
113	-1054555200	16.4	110280
113	-1051876800	14.3	110280
113	-1049284800	5.6	110280
113	-1046606400	2.5	110280
113	-1044014400	0.1	110280
113	-1041336000	-3.3	110280
113	-1038657600	0.9	110280
113	-1036238400	4.6	110280
113	-1033560000	8.4	110280
113	-1030968000	16.2	110280
113	-1028289600	17.8	110280
113	-1025697600	18.4	110280
113	-1023019200	17.2	110280
113	-1020340800	13.9	110280
113	-1017748800	9.8	110280
113	-1015070400	3.6	110280
113	-1012478400	-1.3	110280
113	-1009800000	-0.1	110280
113	-1007121600	0.7	110280
113	-1004702400	7.9	110280
113	-1002024000	5.8	110280
113	-999432000	11.7	110280
113	-996753600	18.2	110280
113	-994161600	18.9	110280
113	-991483200	18.4	110280
113	-988804800	13.3	110280
113	-986212800	9.7	110280
113	-983534400	5.5	110280
113	-980942400	-2.5	110280
113	-978264000	0	110280
113	-975585600	0.9	110280
113	-973166400	1.7	110280
113	-970488000	11.1	110280
113	-967896000	11.4	110280
113	-965217600	16.3	110280
113	-962625600	18.8	110280
113	-959947200	18.1	110280
113	-957268800	13.5	110280
113	-954676800	7.1	110280
113	-951998400	4.8	110280
113	-949406400	-2.8	110280
113	-946728000	-10	110280
113	-944049600	-7.2	110280
113	-941544000	2	110280
113	-938865600	8.6	110280
113	-936273600	12	110280
113	-933595200	16.6	110280
113	-931003200	17.4	110280
113	-928324800	15.2	110280
113	-925646400	13.7	110280
113	-923054400	8.5	110280
113	-920376000	5	110280
113	-917784000	-4.7	110280
113	-915105600	-5.8	110280
113	-912427200	-0.1	110280
113	-910008000	4.1	110280
113	-907329600	7.3	110280
113	-904737600	10.3	110280
113	-902059200	16.5	110280
113	-899467200	17.8	110280
113	-896788800	16.2	110280
113	-894110400	11.8	110280
113	-891518400	7.9	110280
113	-888840000	0.5	110280
113	-886248000	0.2	110280
113	-883569600	-10	110280
113	-880891200	-4.9	110280
113	-878472000	1.5	110280
113	-875793600	7.2	110280
113	-873201600	13.7	110280
113	-870523200	16	110280
113	-867931200	17.5	110280
113	-865252800	18	110280
113	-862574400	17.1	110280
113	-859982400	11.1	110280
113	-857304000	2.8	110280
113	-854712000	0.9	110280
113	-852033600	-3.4	110280
113	-849355200	2.6	110280
113	-846936000	5.7	110280
113	-844257600	9.8	110280
113	-841665600	12.2	110280
113	-838987200	14.9	110280
113	-836395200	17.8	110280
113	-833716800	19.2	110280
113	-831038400	14.8	110280
113	-828446400	10.3	110280
113	-825768000	2.9	110280
113	-823176000	-0.2	110280
113	-820497600	2.1	110280
113	-817819200	-2.2	110280
113	-815313600	0.4	110280
113	-812635200	9	110280
113	-810043200	12	110280
113	-807364800	15.2	110280
113	-804772800	17.5	110280
113	-802094400	19.4	110280
113	-799416000	13.8	110280
113	-796824000	9.2	110280
113	-794145600	3.2	110280
113	-791553600	-1.6	110280
113	-788875200	-5.7	110280
113	-786196800	2	110280
113	-783777600	5.9	110280
113	-781099200	9.7	110280
113	-778507200	15	110280
113	-775828800	18.3	110280
113	-773236800	20	110280
113	-770558400	18.4	110280
113	-767880000	14	110280
113	-765288000	8.6	110280
113	-762609600	3.2	110280
113	-760017600	0.8	110280
113	-757339200	-4.4	110280
113	-754660800	2.3	110280
113	-752241600	5.5	110280
113	-749563200	11.7	110280
113	-746971200	16.6	110280
113	-744292800	17.4	110280
113	-741700800	20	110280
113	-739022400	19.4	110280
113	-736344000	15.4	110280
113	-733752000	6.3	110280
113	-731073600	3	110280
113	-728481600	-2.9	110280
113	-725803200	-6.4	110280
113	-723124800	-5.4	110280
113	-720705600	3.5	110280
113	-718027200	11	110280
113	-715435200	15.1	110280
113	-712756800	18.3	110280
113	-710164800	20	110280
113	-707486400	18.2	110280
113	-704808000	17.3	110280
113	-702216000	7	110280
113	-699537600	6.1	110280
113	-696945600	1.7	110280
113	-694267200	2.3	110280
113	-691588800	0	110280
113	-689083200	5.2	110280
113	-686404800	10.6	110280
113	-683812800	15.8	110280
113	-681134400	16	110280
113	-678542400	16.9	110280
113	-675864000	17.6	110280
113	-673185600	14.9	110280
113	-670593600	9	110280
113	-667915200	3.7	110280
113	-665323200	-1.8	110280
113	-662644800	0.3	110280
113	-659966400	0.9	110280
113	-657547200	2.1	110280
113	-654868800	11	110280
113	-652276800	13.8	110280
113	-649598400	15.1	110280
113	-647006400	17.7	110280
113	-644328000	17.2	110280
113	-641649600	15.4	110280
113	-639057600	9.8	110280
113	-636379200	4.6	110280
113	-633787200	2.4	110280
113	-631108800	-3.4	110280
113	-628430400	1.5	110280
113	-626011200	5.6	110280
113	-623332800	8.9	110280
113	-620740800	15.2	110280
113	-618062400	18.9	110280
113	-615470400	20.2	110280
113	-612792000	19	110280
113	-610113600	14.3	110280
113	-607521600	7.3	110280
113	-604843200	3.5	110280
113	-602251200	-0.9	110280
113	-599572800	0.5	110280
113	-596894400	2.2	110280
113	-594475200	2.9	110280
113	-591796800	8.7	110280
113	-589204800	12.9	110280
113	-586526400	17	110280
113	-583934400	18.1	110280
113	-581256000	18.8	110280
113	-578577600	15.4	110280
113	-575985600	7.6	110280
113	-573307200	6.1	110280
113	-570715200	1.2	110280
113	-568036800	-0.5	110280
113	-565358400	-0.4	110280
113	-562852800	2	110280
113	-560174400	11.2	110280
113	-557582400	12.8	110280
113	-554904000	16.7	110280
113	-552312000	19.7	110280
113	-549633600	19.6	110280
113	-546955200	11.6	110280
113	-544363200	7.5	110280
113	-541684800	2.5	110280
113	-539092800	-1.4	110280
113	-536414400	-1.2	110280
113	-533736000	-0.1	110280
113	-531316800	4.4	110280
113	-528638400	9.5	110280
113	-526046400	12.8	110280
113	-523368000	17.1	110280
113	-520776000	19.1	110280
113	-518097600	16.3	110280
113	-515419200	14.5	110280
113	-512827200	10.8	110280
113	-510148800	2.5	110280
113	-507556800	0.9	110280
113	-504878400	-5	110280
113	-502200000	-6	110280
113	-499780800	5	110280
113	-497102400	6.5	110280
113	-494510400	12.3	110280
113	-491832000	17.6	110280
113	-489240000	15.9	110280
113	-486561600	17.3	110280
113	-483883200	14.9	110280
113	-481291200	8.9	110280
113	-478612800	2.7	110280
113	-476020800	2.8	110280
113	-473342400	-2.3	110280
113	-470664000	-1.2	110280
113	-468244800	1	110280
113	-465566400	6.9	110280
113	-462974400	11.8	110280
113	-460296000	15.8	110280
113	-457704000	18	110280
113	-455025600	16.8	110280
113	-452347200	14.1	110280
113	-449755200	8.6	110280
113	-447076800	3.6	110280
113	-444484800	2.8	110280
113	-441806400	-1	110280
113	-439128000	-9.9	110280
113	-436622400	2	110280
113	-433944000	7.9	110280
113	-431352000	13.4	110280
113	-428673600	15.3	110280
113	-426081600	18.6	110280
113	-423403200	17.3	110280
113	-420724800	15.5	110280
113	-418132800	8.7	110280
113	-415454400	1.5	110280
113	-412862400	0.3	110280
113	-410184000	-1.8	110280
113	-407505600	3.2	110280
113	-405086400	6.7	110280
113	-402408000	8.5	110280
113	-399816000	10.7	110280
113	-397137600	18.6	110280
113	-394545600	18.9	110280
113	-391867200	16.6	110280
113	-389188800	12.8	110280
113	-386596800	8.5	110280
113	-383918400	4.8	110280
113	-381326400	0	110280
113	-378648000	-0.9	110280
113	-375969600	1.6	110280
113	-373550400	-0.3	110280
113	-370872000	6.6	110280
113	-368280000	17	110280
113	-365601600	16.1	110280
113	-363009600	19.3	110280
113	-360331200	18	110280
113	-357652800	14.6	110280
113	-355060800	9.3	110280
113	-352382400	5	110280
113	-349790400	0.6	110280
113	-347112000	-1	110280
113	-344433600	-1.2	110280
113	-342014400	6.4	110280
113	-339336000	10.1	110280
113	-336744000	13.3	110280
113	-334065600	16.3	110280
113	-331473600	19.2	110280
113	-328795200	17.7	110280
113	-326116800	13	110280
113	-323524800	8.1	110280
113	-320846400	4.1	110280
113	-318254400	1.8	110280
113	-315576000	-2	110280
113	-312897600	-0.4	110280
113	-310392000	4.5	110280
113	-307713600	8.8	110280
113	-305121600	13.3	110280
113	-302443200	17	110280
113	-299851200	16.9	110280
113	-297172800	17.6	110280
113	-294494400	13.5	110280
113	-291902400	9.7	110280
113	-289224000	5.7	110280
113	-286632000	0.9	110280
113	-283953600	-3.3	110280
113	-281275200	3.1	110280
113	-278856000	7	110280
113	-276177600	12.5	110280
113	-273585600	11.8	110280
113	-270907200	17.8	110280
113	-268315200	17.7	110280
113	-265636800	18.1	110280
113	-262958400	17	110280
113	-260366400	10.4	110280
113	-257688000	3.2	110280
113	-255096000	-2.5	110280
113	-252417600	-0.4	110280
113	-249739200	-0.2	110280
113	-247320000	1	110280
113	-244641600	10.3	110280
113	-242049600	11.6	110280
113	-239371200	15	110280
113	-236779200	16.9	110280
113	-234100800	18.7	110280
113	-231422400	13.4	110280
113	-228830400	8.5	110280
113	-226152000	2.9	110280
113	-223560000	-5.1	110280
113	-220881600	-7.1	110280
113	-218203200	-5.8	110280
113	-215784000	2	110280
113	-213105600	10.6	110280
113	-210513600	13.5	110280
113	-207835200	17.9	110280
113	-205243200	20	110280
113	-202564800	18.4	110280
113	-199886400	15.3	110280
113	-197294400	9.1	110280
113	-194616000	6.7	110280
113	-192024000	-4.4	110280
113	-189345600	-5.8	110280
113	-186667200	-0.5	110280
113	-184161600	0.3	110280
113	-181483200	10.6	110280
113	-178891200	13.9	110280
113	-176212800	18.8	110280
113	-173620800	19.1	110280
113	-170942400	16.9	110280
113	-168264000	14.3	110280
113	-165672000	7.9	110280
113	-162993600	5.7	110280
113	-160401600	-1.3	110280
113	-157723200	0.2	110280
113	-155044800	-3.4	110280
113	-152625600	2.4	110280
113	-149947200	7.9	110280
113	-147355200	11.9	110280
113	-144676800	17.4	110280
113	-142084800	17.6	110280
113	-139406400	16.1	110280
113	-136728000	14.2	110280
113	-134136000	7.8	110280
113	-131457600	1.5	110280
113	-128865600	2.2	110280
113	-126187200	-4.1	110280
113	-123508800	5.7	110280
113	-121089600	3.8	110280
113	-118411200	11	110280
113	-115819200	13.9	110280
113	-113140800	17.7	110280
113	-110548800	17.5	110280
113	-107870400	16.9	110280
113	-105192000	14.4	110280
113	-102600000	12.5	110280
113	-99921600	2.7	110280
113	-97329600	0.9	110280
113	-94651200	-1.1	110280
113	-91972800	2.3	110280
113	-89553600	5.6	110280
113	-86875200	8.7	110280
113	-84283200	13.9	110280
113	-81604800	16.6	110280
113	-79012800	20.4	110280
113	-76334400	18.1	110280
113	-73656000	14.9	110280
113	-71064000	10.8	110280
113	-68385600	2.9	110280
113	-65793600	-0.2	110280
113	-63115200	-1.9	110280
113	-60436800	1.8	110280
113	-57931200	5.4	110280
113	-55252800	11	110280
113	-52660800	14	110280
113	-49982400	17.8	110280
113	-47390400	18.3	110280
113	-44712000	16.9	110280
113	-42033600	13.7	110280
113	-39441600	9.4	110280
113	-36763200	4	110280
113	-34171200	-2.7	110280
113	-31492800	-1.9	110280
113	-28814400	-1.4	110280
113	-26395200	1.8	110280
113	-23716800	9.3	110280
113	-21124800	16.4	110280
113	-18446400	15.5	110280
113	-15854400	19.1	110280
113	-13176000	16.7	110280
113	-10497600	14.9	110280
113	-7905600	10.1	110280
113	-5227200	5.1	110280
113	-2635200	-4.7	110280
113	43200	-2.5	110280
113	2721600	-0.2	110280
113	5140800	2.9	110280
113	7819200	7.8	110280
113	10411200	11.8	110280
113	13089600	17.8	110280
113	15681600	18.5	110280
113	18360000	17.8	110280
113	21038400	14.2	110280
113	23630400	8.5	110280
113	26308800	6.1	110280
113	28900800	-0.3	110280
113	31579200	-3.3	110280
113	34257600	1.4	110280
113	36676800	1.2	110280
113	39355200	9.5	110280
113	41947200	14.6	110280
113	44625600	15.8	110280
113	47217600	19	110280
113	49896000	19.9	110280
113	52574400	12.7	110280
113	55166400	8.3	110280
113	57844800	3.6	110280
113	60436800	2.7	110280
113	63115200	-2.9	110280
113	65793600	1.5	110280
113	68299200	6.2	110280
113	70977600	8.5	110280
113	73569600	13.5	110280
113	76248000	17.2	110280
113	78840000	18.4	110280
113	81518400	17.4	110280
113	84196800	11.8	110280
113	86788800	6.4	110280
113	89467200	3.8	110280
113	92059200	-0.9	110280
113	94737600	-1.1	110280
113	97416000	0.6	110280
113	99835200	4	110280
113	102513600	7	110280
113	105105600	14.6	110280
113	107784000	16.9	110280
113	110376000	18.6	110280
113	113054400	19.1	110280
113	115732800	15.6	110280
113	118324800	7.5	110280
113	121003200	2.2	110280
113	123595200	-0.4	110280
113	126273600	1.4	110280
113	128952000	3.4	110280
113	131371200	7.1	110280
113	134049600	8.8	110280
113	136641600	12.3	110280
113	139320000	14.9	110280
113	141912000	17.6	110280
113	144590400	19.9	110280
113	147268800	14.6	110280
113	149860800	5.9	110280
113	152539200	3.2	110280
113	155131200	3.9	110280
113	157809600	2.5	110280
113	160488000	0.2	110280
113	162907200	4.7	110280
113	165585600	8.3	110280
113	168177600	14.8	110280
113	170856000	15.8	110280
113	173448000	18.7	110280
113	176126400	18.3	110280
113	178804800	16.9	110280
113	181396800	8.3	110280
113	184075200	2.5	110280
113	186667200	-0.6	110280
113	189345600	1.4	110280
113	192024000	0.4	110280
113	194529600	1.9	110280
113	197208000	9	110280
113	199800000	13.9	110280
113	202478400	17.7	110280
113	205070400	19.6	110280
113	207748800	15.6	110280
113	210427200	12.8	110280
113	213019200	9.9	110280
113	215697600	5	110280
113	218289600	-0.7	110280
113	220968000	-0.8	110280
113	223646400	2.4	110280
113	226065600	7.7	110280
113	228744000	7.6	110280
113	231336000	14.2	110280
113	234014400	18	110280
113	236606400	18.7	110280
113	239284800	17.2	110280
113	241963200	12.7	110280
113	244555200	9.9	110280
113	247233600	4.9	110280
113	249825600	-0.8	110280
113	252504000	0	110280
113	255182400	-2.2	110280
113	257601600	5.7	110280
113	260280000	8	110280
113	262872000	12.5	110280
113	265550400	16.4	110280
113	268142400	17.2	110280
113	270820800	17	110280
113	273499200	14	110280
113	276091200	9.4	110280
113	278769600	1.8	110280
113	281361600	-0.2	110280
113	284040000	-4.8	110280
113	286718400	0.2	110280
113	289137600	5.2	110280
113	291816000	7.4	110280
113	294408000	14.7	110280
113	297086400	18.9	110280
113	299678400	16.6	110280
113	302356800	17.3	110280
113	305035200	14.4	110280
113	307627200	7.8	110280
113	310305600	3.6	110280
113	312897600	3.8	110280
113	315576000	-4.3	110280
113	318254400	2.1	110280
113	320760000	3.7	110280
113	323438400	6	110280
113	326030400	11.2	110280
113	328708800	16.7	110280
113	331300800	17.4	110280
113	333979200	18.4	110280
113	336657600	14.2	110280
113	339249600	8.3	110280
113	341928000	2.2	110280
113	344520000	-0.7	110280
113	347198400	-3	110280
113	349876800	0	110280
113	352296000	8	110280
113	354974400	9.1	110280
113	357566400	14.5	110280
113	360244800	18.2	110280
113	362836800	18.3	110280
113	365515200	18.7	110280
113	368193600	14.6	110280
113	370785600	9.4	110280
113	373464000	4.8	110280
113	376056000	-1.3	110280
113	378734400	-4.3	110280
113	381412800	-1.7	110280
113	383832000	5.1	110280
113	386510400	7.2	110280
113	389102400	14.5	110280
113	391780800	18	110280
113	394372800	19.6	110280
113	397051200	19	110280
113	399729600	17.1	110280
113	402321600	10	110280
113	4.05e+08	4.6	110280
113	407592000	1.9	110280
113	410270400	3.7	110280
113	412948800	-2.6	110280
113	415368000	5.6	110280
113	418046400	10.8	110280
113	420638400	14.8	110280
113	423316800	17.3	110280
113	425908800	22.1	110280
113	428587200	19.5	110280
113	431265600	15	110280
113	433857600	9.8	110280
113	436536000	2.1	110280
113	439128000	-0.6	110280
113	441806400	0.3	110280
113	444484800	-0.1	110280
113	446990400	3.1	110280
113	449668800	7.8	110280
113	452260800	13.3	110280
113	454939200	16.6	110280
113	457531200	17.7	110280
113	460209600	17.9	110280
113	462888000	13.6	110280
113	465480000	10	110280
113	468158400	5	110280
113	470750400	-0.1	110280
113	473428800	-7	110280
113	476107200	-3.5	110280
113	478526400	3.1	110280
113	481204800	9.3	110280
113	483796800	15.4	110280
113	486475200	15.5	110280
113	489067200	19.9	110280
113	491745600	18.7	110280
113	494424000	15	110280
113	497016000	8.8	110280
113	499694400	0.8	110280
113	502286400	2.8	110280
113	504964800	-0.8	110280
113	507643200	-5.9	110280
113	510062400	3.3	110280
113	512740800	10.4	110280
113	515332800	16.4	110280
113	518011200	16.9	110280
113	520603200	18.3	110280
113	523281600	19.4	110280
113	525960000	14.4	110280
113	528552000	9.8	110280
113	531230400	4.4	110280
113	533822400	-0.5	110280
113	536500800	-5.3	110280
113	539179200	-1.1	110280
113	541598400	-1.5	110280
113	544276800	9.9	110280
113	546868800	12.4	110280
113	549547200	16.9	110280
113	552139200	20	110280
113	554817600	17.5	110280
113	557496000	17.2	110280
113	560088000	10.5	110280
113	562766400	4.5	110280
113	565358400	1.9	110280
113	568036800	2.1	110280
113	570715200	1.9	110280
113	573220800	2.8	110280
113	575899200	9.7	110280
113	578491200	15.4	110280
113	581169600	16.7	110280
113	583761600	20.3	110280
113	586440000	19.4	110280
113	589118400	14.7	110280
113	591710400	10.3	110280
113	594388800	1.1	110280
113	596980800	2.4	110280
113	599659200	0.7	110280
113	602337600	3.5	110280
113	604756800	7.8	110280
113	607435200	10.1	110280
113	610027200	14	110280
113	612705600	15.7	110280
113	615297600	19.5	110280
113	617976000	18.8	110280
113	620654400	14.9	110280
113	623246400	10	110280
113	625924800	1.9	110280
113	628516800	0.2	110280
113	631195200	-0.7	110280
113	633873600	4.7	110280
113	636292800	8.1	110280
113	638971200	8.3	110280
113	641563200	15.3	110280
113	644241600	17.1	110280
113	646833600	18.8	110280
113	649512000	20.1	110280
113	652190400	12.9	110280
113	654782400	9.7	110280
113	657460800	5	110280
113	660052800	-0.7	110280
113	662731200	0.1	110280
113	665409600	-3.8	110280
113	667828800	6.6	110280
113	670507200	8.2	110280
113	673099200	10.8	110280
113	675777600	16.9	110280
113	678369600	20.3	110280
113	681048000	19.1	110280
113	683726400	16.1	110280
113	686318400	8.6	110280
113	688996800	3.5	110280
113	691588800	-1.7	110280
113	694267200	0.8	110280
113	696945600	2.6	110280
113	699451200	5.2	110280
113	702129600	9.2	110280
113	704721600	15.5	110280
113	707400000	18.5	110280
113	709992000	20.7	110280
113	712670400	23.6	110280
113	715348800	15.4	110280
113	717940800	8.3	110280
113	720619200	4.6	110280
113	723211200	-0.7	110280
113	725889600	0.9	110280
113	728568000	-2.4	110280
113	730987200	3.5	110280
113	733665600	10.4	110280
113	736257600	16.9	110280
113	738936000	17.9	110280
113	741528000	18.5	110280
113	744206400	19.4	110280
113	746884800	14.3	110280
113	749476800	9.8	110280
113	752155200	1.4	110280
113	754747200	2.3	110280
113	757425600	2.8	110280
113	760104000	-0.1	110280
113	762523200	7.4	110280
113	765201600	8.6	110280
113	767793600	14.1	110280
113	770472000	17.9	110280
113	773064000	22.4	110280
113	775742400	20.7	110280
113	778420800	16.4	110280
113	781012800	7.4	110280
113	783691200	6.9	110280
113	786283200	1.8	110280
113	788961600	-1.1	110280
113	791640000	4.8	110280
113	794059200	3.6	110280
113	796737600	9.9	110280
113	799329600	13.9	110280
113	802008000	16.2	110280
113	804600000	22	110280
113	807278400	18.2	110280
113	809956800	13.3	110280
113	812548800	10.8	110280
113	815227200	1.7	110280
113	817819200	-1.1	110280
113	820497600	-3.8	110280
113	823176000	-3.6	110280
113	825681600	0.9	110280
113	828360000	8.5	110280
113	830952000	14.5	110280
113	833630400	18.1	110280
113	836222400	17.6	110280
113	838900800	17.9	110280
113	841579200	11.4	110280
113	844171200	9.6	110280
113	846849600	5.3	110280
113	849441600	-3.5	110280
113	852120000	-3.8	110280
113	854798400	2.6	110280
113	857217600	5	110280
113	859896000	6.5	110280
113	862488000	14.8	110280
113	865166400	18	110280
113	867758400	18	110280
113	870436800	19	110280
113	873115200	14.6	110280
113	875707200	7	110280
113	878385600	4	110280
113	880977600	1.6	110280
113	883656000	0.7	110280
113	886334400	3.3	110280
113	888753600	4.4	110280
113	891432000	10.4	110280
113	894024000	14.7	110280
113	896702400	18.7	110280
113	899294400	19.4	110280
113	901972800	19.6	110280
113	904651200	13.7	110280
113	907243200	10	110280
113	909921600	1.9	110280
113	912513600	-1.5	110280
113	915192000	0.8	110280
113	917870400	-0.4	110280
113	920289600	5.7	110280
113	922968000	11	110280
113	925560000	15	110280
113	928238400	17	110280
113	930830400	19.6	110280
113	933508800	18.2	110280
113	936187200	16.6	110280
113	938779200	9.5	110280
113	941457600	2.5	110280
113	944049600	0.8	110280
113	946728000	-2.3	110280
113	949406400	3.8	110280
113	951912000	5.4	110280
113	954590400	12.2	110280
113	957182400	16.4	110280
113	959860800	19.6	110280
113	962452800	17.6	110280
113	965131200	20.3	110280
113	967809600	14	110280
113	970401600	11.9	110280
113	973080000	5.5	110280
113	975672000	1.4	110280
113	978350400	-1.3	110280
113	981028800	1.8	110280
113	983448000	6.3	110280
113	986126400	8.4	110280
113	988718400	16	110280
113	991396800	16	110280
113	993988800	19.7	110280
113	996667200	20.1	110280
113	999345600	12.3	110280
113	1001937600	12.2	110280
113	1004616000	3.1	110280
113	1007208000	-2.4	110280
113	1009886400	-0.1	110280
113	1012564800	4.9	110280
113	1014984000	5.9	110280
113	1017662400	9.2	110280
113	1020254400	16.6	110280
113	1022932800	19.8	110280
113	1025524800	20.2	110280
113	1028203200	19.3	110280
113	1030881600	13.5	110280
113	1033473600	8.3	110280
113	1036152000	6.6	110280
113	1038744000	-0.9	110280
113	1041422400	-1.5	110280
113	1044100800	-3.4	110280
113	1046520000	5.1	110280
113	1049198400	8.9	110280
113	1051790400	16.8	110280
113	1054468800	21.6	110280
113	1057060800	20.5	110280
113	1059739200	22.5	110280
113	1062417600	14.3	110280
113	1065009600	6.2	110280
113	1067688000	5.4	110280
113	1070280000	-0.4	110280
113	1072958400	-2.2	110280
113	1075636800	1.9	110280
113	1078142400	3.3	110280
113	1080820800	10.2	110280
113	1083412800	13.3	110280
113	1086091200	16.8	110280
113	1088683200	18.9	110280
113	1091361600	19.6	110280
113	1094040000	14.3	110280
113	1096632000	10.3	110280
113	1099310400	4.8	110280
113	1101902400	0.1	110280
113	1104580800	0.7	110280
113	1107259200	-1.7	110280
113	1109678400	2.9	110280
113	1112356800	10.3	110280
113	1114948800	15.1	110280
113	1117627200	18.3	110280
113	1120219200	19.8	110280
113	1122897600	17.4	110280
113	1125576000	15.8	110280
113	1128168000	10.1	110280
113	1130846400	3.3	110280
113	1133438400	-0.6	110280
113	1136116800	-4.8	110280
113	1138795200	-1.4	110280
113	1141214400	2.5	110280
113	1143892800	10.6	110280
113	1146484800	14.3	110280
113	1149163200	18.2	110280
113	1151755200	22.9	110280
113	1154433600	16.9	110280
113	1157112000	17	110280
113	1159704000	11.2	110280
113	1162382400	6.4	110280
113	1164974400	2.3	110280
113	1167652800	4.9	110280
113	1170331200	4.5	110280
113	1172750400	6.8	110280
113	1175428800	12.7	110280
113	1178020800	16	110280
113	1180699200	20.3	110280
113	1183291200	21.2	110280
113	1185969600	19.2	110280
113	1188648000	13	110280
113	1191240000	8.3	110280
113	1193918400	2.6	110280
113	1196510400	0	110280
113	1199188800	2.3	110280
113	1201867200	3.6	110280
113	1204372800	5.5	110280
113	1207051200	10.1	110280
113	1209643200	15.6	110280
113	1212321600	19.8	110280
113	1214913600	19.5	110280
113	1217592000	19.7	110280
113	1220270400	13.6	110280
113	1222862400	10	110280
113	1225540800	5.9	110280
113	1228132800	1.7	110280
114	-599572800	1.7	110300
114	-596894400	3.4	110300
114	-594475200	3.6	110300
114	-591796800	9.9	110300
114	-589204800	13.9	110300
114	-586526400	17.8	110300
114	-583934400	19.1	110300
114	-581256000	20.1	110300
114	-578577600	16.5	110300
114	-575985600	8.7	110300
114	-573307200	7	110300
114	-570715200	1.8	110300
114	-568036800	0.5	110300
114	-565358400	0.1	110300
114	-562852800	1	110300
114	-560174400	12.7	110300
114	-557582400	13.7	110300
114	-554904000	17.6	110300
114	-552312000	20.8	110300
114	-549633600	21.1	110300
114	-546955200	12.5	110300
114	-544363200	8.7	110300
114	-541684800	3.2	110300
114	-539092800	-1.2	110300
114	-536414400	-0.6	110300
114	-533736000	1.1	110300
114	-531316800	4.7	110300
114	-528638400	11.1	110300
114	-526046400	13.8	110300
114	-523368000	18.2	110300
114	-520776000	20	110300
114	-518097600	17.5	110300
114	-515419200	15.9	110300
114	-512827200	11.5	110300
114	-510148800	3.4	110300
114	-507556800	1.4	110300
114	-504878400	-4.9	110300
114	-502200000	-5.8	110300
114	-499780800	5	110300
114	-497102400	6.8	110300
114	-494510400	13.3	110300
114	-491832000	18.7	110300
114	-489240000	17.1	110300
114	-486561600	18.8	110300
114	-483883200	16.9	110300
114	-481291200	9.3	110300
114	-478612800	3.3	110300
114	-476020800	3.6	110300
114	-473342400	-1.4	110300
114	-470664000	-0.2	110300
114	-468244800	0.5	110300
114	-465566400	7	110300
114	-462974400	12.8	110300
114	-460296000	16.5	110300
114	-457704000	18.6	110300
114	-455025600	17.6	110300
114	-452347200	14.7	110300
114	-449755200	9.4	110300
114	-447076800	4.5	110300
114	-444484800	3	110300
114	-441806400	0	110300
114	-439128000	-10.2	110300
114	-436622400	1.7	110300
114	-433944000	8.7	110300
114	-431352000	13.5	110300
114	-428673600	16	110300
114	-426081600	19.3	110300
114	-423403200	18.1	110300
114	-420724800	16.3	110300
114	-418132800	9.4	110300
114	-415454400	1.7	110300
114	-412862400	0.6	110300
114	-410184000	-1.7	110300
114	-407505600	3.7	110300
114	-405086400	6.1	110300
114	-402408000	9.3	110300
114	-399816000	11.7	110300
114	-397137600	19.8	110300
114	-394545600	20.1	110300
114	-391867200	17	110300
114	-389188800	13.4	110300
114	-386596800	9.1	110300
114	-383918400	5.8	110300
114	-381326400	1	110300
114	-378648000	-0.2	110300
114	-375969600	2.7	110300
114	-373550400	-1	110300
114	-370872000	7.1	110300
114	-368280000	17.4	110300
114	-365601600	16.6	110300
114	-363009600	19.5	110300
114	-360331200	18.6	110300
114	-357652800	15	110300
114	-355060800	10.5	110300
114	-352382400	5.4	110300
114	-349790400	2.7	110300
114	-347112000	0.1	110300
114	-344433600	-0.4	110300
114	-342014400	6.8	110300
114	-339336000	10	110300
114	-336744000	13.9	110300
114	-334065600	16.6	110300
114	-331473600	19.5	110300
114	-328795200	17.9	110300
114	-326116800	12.9	110300
114	-323524800	9	110300
114	-320846400	4.9	110300
114	-318254400	2.9	110300
114	-315576000	-1.2	110300
114	-312897600	-0.6	110300
114	-310392000	4.6	110300
114	-307713600	9.7	110300
114	-305121600	13.6	110300
114	-302443200	18	110300
114	-299851200	17.2	110300
114	-297172800	18.5	110300
114	-294494400	13.7	110300
114	-291902400	10.8	110300
114	-289224000	6.3	110300
114	-286632000	2.5	110300
114	-283953600	-2.3	110300
114	-281275200	3.3	110300
114	-278856000	7.3	110300
114	-276177600	12.6	110300
114	-273585600	12.5	110300
114	-270907200	18.2	110300
114	-268315200	17.8	110300
114	-265636800	18.6	110300
114	-262958400	16.9	110300
114	-260366400	11.3	110300
114	-257688000	4.2	110300
114	-255096000	-1.7	110300
114	-252417600	0.6	110300
114	-249739200	0.4	110300
114	-247320000	1.1	110300
114	-244641600	11.1	110300
114	-242049600	12.4	110300
114	-239371200	15.6	110300
114	-236779200	17.2	110300
114	-234100800	19.4	110300
114	-231422400	13.7	110300
114	-228830400	9.2	110300
114	-226152000	3.9	110300
114	-223560000	-4.1	110300
114	-220881600	-6.5	110300
114	-218203200	-5.6	110300
114	-215784000	1.7	110300
114	-213105600	10.8	110300
114	-210513600	14	110300
114	-207835200	18.3	110300
114	-205243200	20.3	110300
114	-202564800	19	110300
114	-199886400	16	110300
114	-197294400	9.4	110300
114	-194616000	7.3	110300
114	-192024000	-5	110300
114	-189345600	-5.7	110300
114	-186667200	0.3	110300
114	-184161600	0	110300
114	-181483200	11.3	110300
114	-178891200	14.4	110300
114	-176212800	19.2	110300
114	-173620800	19.4	110300
114	-170942400	17.5	110300
114	-168264000	15.2	110300
114	-165672000	8.7	110300
114	-162993600	6.1	110300
114	-160401600	-0.4	110300
114	-157723200	0.8	110300
114	-155044800	-3.3	110300
114	-152625600	2.8	110300
114	-149947200	8.4	110300
114	-147355200	12.5	110300
114	-144676800	17.4	110300
114	-142084800	18.1	110300
114	-139406400	16.7	110300
114	-136728000	15.5	110300
114	-134136000	7.6	110300
114	-131457600	2.1	110300
114	-128865600	2.9	110300
114	-126187200	-3.9	110300
114	-123508800	6.2	110300
114	-121089600	4.5	110300
114	-118411200	11	110300
114	-115819200	14.4	110300
114	-113140800	17.8	110300
114	-110548800	17.9	110300
114	-107870400	17.7	110300
114	-105192000	14.7	110300
114	-102600000	13.7	110300
114	-99921600	3.4	110300
114	-97329600	1.8	110300
114	-94651200	-0.6	110300
114	-91972800	2.6	110300
114	-89553600	6.3	110300
114	-86875200	9.2	110300
114	-84283200	14.5	110300
114	-81604800	17	110300
114	-79012800	20.7	110300
114	-76334400	18.3	110300
114	-73656000	15.5	110300
114	-71064000	11.4	110300
114	-68385600	3.5	110300
114	-65793600	0.3	110300
114	-63115200	-1.7	110300
114	-60436800	2	110300
114	-57931200	5.6	110300
114	-55252800	11.6	110300
114	-52660800	14.3	110300
114	-49982400	18.3	110300
114	-47390400	18.7	110300
114	-44712000	17.5	110300
114	-42033600	14.4	110300
114	-39441600	9.4	110300
114	-36763200	4.9	110300
114	-34171200	-2	110300
114	-31492800	-1.7	110300
114	-28814400	-1.1	110300
114	-26395200	2.2	110300
114	-23716800	9.9	110300
114	-21124800	17.1	110300
114	-18446400	16.3	110300
114	-15854400	19.6	110300
114	-13176000	17.3	110300
114	-10497600	15.5	110300
114	-7905600	11	110300
114	-5227200	6.3	110300
114	-2635200	-4.2	110300
114	43200	-2.1	110300
114	2721600	-0.2	110300
114	5140800	3.2	110300
114	7819200	8.3	110300
114	10411200	12.6	110300
114	13089600	18.1	110300
114	15681600	19	110300
114	18360000	18.5	110300
114	21038400	14.5	110300
114	23630400	8.9	110300
114	26308800	6.7	110300
114	28900800	0.2	110300
114	31579200	-3.7	110300
114	34257600	1.8	110300
114	36676800	1.5	110300
114	39355200	10.2	110300
114	41947200	15.2	110300
114	44625600	16.3	110300
114	47217600	19.4	110300
114	49896000	20.7	110300
114	52574400	12.9	110300
114	55166400	8.3	110300
114	57844800	4	110300
114	60436800	3.2	110300
114	63115200	-2.2	110300
114	65793600	2.8	110300
114	68299200	6.7	110300
114	70977600	9	110300
114	73569600	13.9	110300
114	76248000	17.7	110300
114	78840000	19	110300
114	81518400	17.8	110300
114	84196800	12.2	110300
114	86788800	6.3	110300
114	89467200	4.7	110300
114	92059200	-0.2	110300
114	94737600	-0.4	110300
114	97416000	1.5	110300
114	99835200	4.7	110300
114	102513600	7.4	110300
114	105105600	14.8	110300
114	107784000	17.1	110300
114	110376000	18.9	110300
114	113054400	18.8	110300
114	115732800	15.4	110300
114	118324800	8	110300
114	121003200	2.7	110300
114	123595200	0.2	110300
114	126273600	2.3	110300
114	128952000	4.4	110300
114	131371200	7.3	110300
114	134049600	8.9	110300
114	136641600	12.8	110300
114	139320000	15.3	110300
114	141912000	18.1	110300
114	144590400	20.4	110300
114	147268800	14.8	110300
114	149860800	6.4	110300
114	152539200	3.9	110300
114	155131200	4.8	110300
114	157809600	3	110300
114	160488000	0.1	110300
114	162907200	4.9	110300
114	165585600	8.6	110300
114	168177600	15.1	110300
114	170856000	16.5	110300
114	173448000	19.1	110300
114	176126400	18.6	110300
114	178804800	17.2	110300
114	181396800	8.8	110300
114	184075200	3.1	110300
114	186667200	0.1	110300
114	189345600	1.7	110300
114	192024000	0.7	110300
114	194529600	2	110300
114	197208000	9.2	110300
114	199800000	14.2	110300
114	202478400	17.8	110300
114	205070400	20.1	110300
114	207748800	15.9	110300
114	210427200	13.2	110300
114	213019200	10.6	110300
114	215697600	5.9	110300
114	218289600	-0.1	110300
114	220968000	-0.2	110300
114	223646400	2.8	110300
114	226065600	7.7	110300
114	228744000	8	110300
114	231336000	14.2	110300
114	234014400	18.3	110300
114	236606400	18.9	110300
114	239284800	17.6	110300
114	241963200	12.8	110300
114	244555200	10.3	110300
114	247233600	5.8	110300
114	249825600	0.1	110300
114	252504000	0.7	110300
114	255182400	-1.9	110300
114	257601600	6.2	110300
114	260280000	7.9	110300
114	262872000	12.7	110300
114	265550400	16.5	110300
114	268142400	17.4	110300
114	270820800	17.4	110300
114	273499200	14.5	110300
114	276091200	10.1	110300
114	278769600	2.2	110300
114	281361600	0.5	110300
114	284040000	-4.4	110300
114	286718400	0.8	110300
114	289137600	5.5	110300
114	291816000	7.7	110300
114	294408000	14.8	110300
114	297086400	19.1	110300
114	299678400	16.9	110300
114	302356800	17.6	110300
114	305035200	14.2	110300
114	307627200	7.9	110300
114	310305600	4.3	110300
114	312897600	4.5	110300
114	315576000	-3.5	110300
114	318254400	2.2	110300
114	320760000	3.9	110300
114	323438400	6.5	110300
114	326030400	11.3	110300
114	328708800	17	110300
114	331300800	17.7	110300
114	333979200	18.3	110300
114	336657600	14	110300
114	339249600	8.6	110300
114	341928000	2.6	110300
114	344520000	0.5	110300
114	347198400	-2	110300
114	349876800	0.9	110300
114	352296000	8	110300
114	354974400	8.9	110300
114	357566400	14.7	110300
114	360244800	18.4	110300
114	362836800	18.6	110300
114	365515200	18.9	110300
114	368193600	14.9	110300
114	370785600	9.9	110300
114	373464000	5.3	110300
114	376056000	-0.9	110300
114	378734400	-4	110300
114	381412800	-1.4	110300
114	383832000	5.5	110300
114	386510400	7.4	110300
114	389102400	14.5	110300
114	391780800	18.2	110300
114	394372800	19.9	110300
114	397051200	19.3	110300
114	399729600	17.2	110300
114	402321600	10.3	110300
114	4.05e+08	4.9	110300
114	407592000	2.5	110300
114	410270400	4.3	110300
114	412948800	-2.3	110300
114	415368000	6	110300
114	418046400	11.3	110300
114	420638400	15.1	110300
114	423316800	17.5	110300
114	425908800	22.4	110300
114	428587200	19.5	110300
114	431265600	15.1	110300
114	433857600	10	110300
114	436536000	2.3	110300
114	439128000	-0.1	110300
114	441806400	1	110300
114	444484800	0.4	110300
114	446990400	3.3	110300
114	449668800	8.2	110300
114	452260800	13.3	110300
114	454939200	16.6	110300
114	457531200	17.6	110300
114	460209600	18.2	110300
114	462888000	14.2	110300
114	465480000	10.2	110300
114	468158400	5.4	110300
114	470750400	0.5	110300
114	473428800	-6.7	110300
114	476107200	-3.4	110300
114	478526400	3.4	110300
114	481204800	9.6	110300
114	483796800	15.6	110300
114	486475200	15.6	110300
114	489067200	19.7	110300
114	491745600	18.9	110300
114	494424000	14.9	110300
114	497016000	8.9	110300
114	499694400	1.3	110300
114	502286400	2.9	110300
114	504964800	-0.4	110300
114	507643200	-5.9	110300
114	510062400	3.2	110300
114	512740800	10.7	110300
114	515332800	16.5	110300
114	518011200	17.1	110300
114	520603200	18.5	110300
114	523281600	19.3	110300
114	525960000	14.1	110300
114	528552000	9.8	110300
114	531230400	4.8	110300
114	533822400	0	110300
114	536500800	-5.2	110300
114	539179200	-0.8	110300
114	541598400	-1	110300
114	544276800	10	110300
114	546868800	12.6	110300
114	549547200	17.1	110300
114	552139200	20	110300
114	554817600	17.6	110300
114	557496000	17.1	110300
114	560088000	10.7	110300
114	562766400	5.1	110300
114	565358400	2.3	110300
114	568036800	2.7	110300
114	570715200	2.5	110300
114	573220800	3.3	110300
114	575899200	9.5	110300
114	578491200	15.6	110300
114	581169600	17	110300
114	583761600	20.6	110300
114	586440000	19.5	110300
114	589118400	14.8	110300
114	591710400	10.4	110300
114	594388800	1.3	110300
114	596980800	3.1	110300
114	599659200	1	110300
114	602337600	4.2	110300
114	604756800	7.6	110300
114	607435200	10.5	110300
114	610027200	14.1	110300
114	612705600	15.9	110300
114	615297600	19.7	110300
114	617976000	19	110300
114	620654400	14.9	110300
114	623246400	10.2	110300
114	625924800	2.5	110300
114	628516800	0.9	110300
114	631195200	-0.1	110300
114	633873600	4.6	110300
114	636292800	8.3	110300
114	638971200	8.6	110300
114	641563200	15.3	110300
114	644241600	17.8	110300
114	646833600	18.7	110300
114	649512000	20	110300
114	652190400	13	110300
114	654782400	10.4	110300
114	657460800	5.6	110300
114	660052800	0.1	110300
114	662731200	-0.1	110300
114	665409600	-3.5	110300
114	667828800	6.8	110300
114	670507200	8.4	110300
114	673099200	11.2	110300
114	675777600	17.1	110300
114	678369600	20.8	110300
114	681048000	19.3	110300
114	683726400	16.1	110300
114	686318400	9	110300
114	688996800	4.4	110300
114	691588800	-1.3	110300
114	694267200	1.6	110300
114	696945600	3.4	110300
114	699451200	5.4	110300
114	702129600	9.4	110300
114	704721600	15.3	110300
114	707400000	18.9	110300
114	709992000	20.9	110300
114	712670400	23.6	110300
114	715348800	15.6	110300
114	717940800	8.4	110300
114	720619200	4.9	110300
114	723211200	0	110300
114	725889600	0.8	110300
114	728568000	-2.5	110300
114	730987200	3.5	110300
114	733665600	10.5	110300
114	736257600	17.1	110300
114	738936000	18.2	110300
114	741528000	18.8	110300
114	744206400	19.4	110300
114	746884800	14.4	110300
114	749476800	10	110300
114	752155200	1.7	110300
114	754747200	2.7	110300
114	757425600	3.6	110300
114	760104000	0.4	110300
114	762523200	7.9	110300
114	765201600	9.5	110300
114	767793600	14.7	110300
114	770472000	18.6	110300
114	773064000	22.5	110300
114	775742400	21	110300
114	778420800	16.7	110300
114	781012800	7.7	110300
114	783691200	6.8	110300
114	786283200	2.2	110300
114	788961600	-0.1	110300
114	791640000	5	110300
114	794059200	4.1	110300
114	796737600	10.6	110300
114	799329600	14.3	110300
114	802008000	16.8	110300
114	804600000	22.3	110300
114	807278400	18.9	110300
114	809956800	14	110300
114	812548800	11.1	110300
114	815227200	2.4	110300
114	817819200	-0.4	110300
114	820497600	-3	110300
114	823176000	-3.1	110300
114	825681600	1.6	110300
114	828360000	9	110300
114	830952000	15.2	110300
114	833630400	18.5	110300
114	836222400	18	110300
114	838900800	18.3	110300
114	841579200	12	110300
114	844171200	10.5	110300
114	846849600	6	110300
114	849441600	-3.1	110300
114	852120000	-2.7	110300
114	854798400	2.9	110300
114	857217600	5	110300
114	859896000	7.1	110300
114	862488000	15.5	110300
114	865166400	18.5	110300
114	867758400	18.5	110300
114	870436800	19.2	110300
114	873115200	14.4	110300
114	875707200	7.2	110300
114	878385600	4.9	110300
114	880977600	2.3	110300
114	883656000	1.4	110300
114	886334400	3.8	110300
114	888753600	4.8	110300
114	891432000	11.1	110300
114	894024000	15.4	110300
114	896702400	19.3	110300
114	899294400	19.9	110300
114	901972800	19.9	110300
114	904651200	14.2	110300
114	907243200	10.5	110300
114	909921600	2.4	110300
114	912513600	-1.1	110300
114	915192000	0.8	110300
114	917870400	0.4	110300
114	920289600	6.4	110300
114	922968000	10.7	110300
114	925560000	15.5	110300
114	928238400	17.8	110300
114	930830400	20.4	110300
114	933508800	18.5	110300
114	936187200	17	110300
114	938779200	10	110300
114	941457600	3.2	110300
114	944049600	1.2	110300
114	946728000	-1.4	110300
114	949406400	4.4	110300
114	951912000	5.9	110300
114	954590400	13.1	110300
114	957182400	16.9	110300
114	959860800	20	110300
114	962452800	18.4	110300
114	965131200	20.7	110300
114	967809600	14.7	110300
114	970401600	12.6	110300
114	973080000	6.8	110300
114	975672000	2	110300
114	978350400	-0.3	110300
114	981028800	2.3	110300
114	983448000	7	110300
114	986126400	9	110300
114	988718400	16.6	110300
114	991396800	16.9	110300
114	993988800	20.5	110300
114	996667200	21	110300
114	999345600	13.1	110300
114	1001937600	12.5	110300
114	1004616000	3.5	110300
114	1007208000	-2.1	110300
114	1009886400	0.4	110300
114	1012564800	5.5	110300
114	1014984000	6.3	110300
114	1017662400	9.6	110300
114	1020254400	17.3	110300
114	1022932800	20	110300
114	1025524800	21	110300
114	1028203200	19.9	110300
114	1030881600	14	110300
114	1033473600	8.7	110300
114	1036152000	7.3	110300
114	1038744000	-0.6	110300
114	1041422400	-1	110300
114	1044100800	-2.6	110300
114	1046520000	5.4	110300
114	1049198400	9.5	110300
114	1051790400	17.5	110300
114	1054468800	21.9	110300
114	1057060800	20.9	110300
114	1059739200	22.9	110300
114	1062417600	14.9	110300
114	1065009600	7	110300
114	1067688000	6.1	110300
114	1070280000	0.4	110300
114	1072958400	-2.3	110300
114	1075636800	2.3	110300
114	1078142400	4	110300
114	1080820800	11	110300
114	1083412800	13.7	110300
114	1086091200	17.4	110300
114	1088683200	19.5	110300
114	1091361600	20.1	110300
114	1094040000	14.8	110300
114	1096632000	10.8	110300
114	1099310400	5.6	110300
114	1101902400	0.9	110300
114	1104580800	0.9	110300
114	1107259200	-1.3	110300
114	1109678400	3	110300
114	1112356800	10.4	110300
114	1114948800	15.3	110300
114	1117627200	18.5	110300
114	1120219200	20	110300
114	1122897600	17.8	110300
114	1125576000	15.9	110300
114	1128168000	10.1	110300
114	1130846400	3.7	110300
114	1133438400	-0.2	110300
114	1136116800	-4.1	110300
114	1138795200	-1.5	110300
114	1141214400	3	110300
114	1143892800	10.8	110300
114	1146484800	14.6	110300
114	1149163200	18.7	110300
114	1151755200	23.2	110300
114	1154433600	17.2	110300
114	1157112000	17.4	110300
114	1159704000	11.5	110300
114	1162382400	7.2	110300
114	1164974400	2.8	110300
114	1167652800	5.1	110300
114	1170331200	4.8	110300
114	1172750400	6.7	110300
114	1175428800	12.4	110300
114	1178020800	16.6	110300
114	1180699200	21.1	110300
114	1183291200	21.9	110300
114	1185969600	20.1	110300
114	1188648000	13.4	110300
114	1191240000	8.4	110300
114	1193918400	3.3	110300
114	1196510400	0.7	110300
114	1199188800	2.9	110300
114	1201867200	3.4	110300
114	1204372800	5.9	110300
114	1207051200	10.4	110300
114	1209643200	15.8	110300
114	1212321600	20.3	110300
114	1214913600	20	110300
114	1217592000	19.9	110300
114	1220270400	14	110300
114	1222862400	10	110300
114	1225540800	6.9	110300
114	1228132800	2.3	110300
115	-599572800	2.5	110340
115	-596894400	4.8	110340
115	-594475200	4.7	110340
115	-591796800	11	110340
115	-589204800	14.7	110340
115	-586526400	18.9	110340
115	-583934400	20.9	110340
115	-581256000	21.5	110340
115	-578577600	17.9	110340
115	-575985600	10.1	110340
115	-573307200	8.5	110340
115	-570715200	3.2	110340
115	-568036800	2	110340
115	-565358400	2.3	110340
115	-562852800	2.6	110340
115	-560174400	13.4	110340
115	-557582400	14.6	110340
115	-554904000	18.6	110340
115	-552312000	22	110340
115	-549633600	22.1	110340
115	-546955200	13.9	110340
115	-544363200	10.2	110340
115	-541684800	4.5	110340
115	-539092800	0.4	110340
115	-536414400	0.8	110340
115	-533736000	2.5	110340
115	-531316800	6.5	110340
115	-528638400	11.6	110340
115	-526046400	15.1	110340
115	-523368000	19.1	110340
115	-520776000	21.8	110340
115	-518097600	19.5	110340
115	-515419200	17.3	110340
115	-512827200	12.3	110340
115	-510148800	5.1	110340
115	-507556800	2.4	110340
115	-504878400	-3.4	110340
115	-502200000	-4.2	110340
115	-499780800	6.5	110340
115	-497102400	8	110340
115	-494510400	14.6	110340
115	-491832000	19.8	110340
115	-489240000	18.5	110340
115	-486561600	20.3	110340
115	-483883200	18.1	110340
115	-481291200	11	110340
115	-478612800	4.4	110340
115	-476020800	5	110340
115	-473342400	-0.5	110340
115	-470664000	1.2	110340
115	-468244800	3	110340
115	-465566400	8.4	110340
115	-462974400	14.3	110340
115	-460296000	17.6	110340
115	-457704000	20.4	110340
115	-455025600	19.1	110340
115	-452347200	16.4	110340
115	-449755200	10.9	110340
115	-447076800	5.5	110340
115	-444484800	4.8	110340
115	-441806400	1.9	110340
115	-439128000	-7.3	110340
115	-436622400	2.7	110340
115	-433944000	9.6	110340
115	-431352000	15.1	110340
115	-428673600	17	110340
115	-426081600	21.1	110340
115	-423403200	19.7	110340
115	-420724800	17.5	110340
115	-418132800	10.8	110340
115	-415454400	3	110340
115	-412862400	2.2	110340
115	-410184000	0.1	110340
115	-407505600	5.3	110340
115	-405086400	7.8	110340
115	-402408000	10.4	110340
115	-399816000	12.9	110340
115	-397137600	20.9	110340
115	-394545600	21.4	110340
115	-391867200	18.8	110340
115	-389188800	15	110340
115	-386596800	10.8	110340
115	-383918400	6.7	110340
115	-381326400	2.5	110340
115	-378648000	1.3	110340
115	-375969600	4.5	110340
115	-373550400	1.1	110340
115	-370872000	8	110340
115	-368280000	18.7	110340
115	-365601600	17.8	110340
115	-363009600	21.1	110340
115	-360331200	20.4	110340
115	-357652800	16.7	110340
115	-355060800	11.5	110340
115	-352382400	6.4	110340
115	-349790400	3.7	110340
115	-347112000	1.4	110340
115	-344433600	1.4	110340
115	-342014400	8	110340
115	-339336000	11.2	110340
115	-336744000	15.2	110340
115	-334065600	18	110340
115	-331473600	21.1	110340
115	-328795200	19.8	110340
115	-326116800	15.5	110340
115	-323524800	10.8	110340
115	-320846400	5.7	110340
115	-318254400	4.1	110340
115	-315576000	0	110340
115	-312897600	1.4	110340
115	-310392000	5.5	110340
115	-307713600	10.3	110340
115	-305121600	14.5	110340
115	-302443200	18.9	110340
115	-299851200	18.7	110340
115	-297172800	19.7	110340
115	-294494400	14.9	110340
115	-291902400	11.8	110340
115	-289224000	7.8	110340
115	-286632000	3.3	110340
115	-283953600	-0.9	110340
115	-281275200	4.9	110340
115	-278856000	9.1	110340
115	-276177600	13.8	110340
115	-273585600	13.7	110340
115	-270907200	19.8	110340
115	-268315200	19.4	110340
115	-265636800	20.4	110340
115	-262958400	18.8	110340
115	-260366400	12.6	110340
115	-257688000	5.2	110340
115	-255096000	-0.2	110340
115	-252417600	1.9	110340
115	-249739200	1.7	110340
115	-247320000	2	110340
115	-244641600	12.1	110340
115	-242049600	13.2	110340
115	-239371200	16.8	110340
115	-236779200	19.2	110340
115	-234100800	21.7	110340
115	-231422400	15.4	110340
115	-228830400	11.3	110340
115	-226152000	4.6	110340
115	-223560000	-2.1	110340
115	-220881600	-5.1	110340
115	-218203200	-3.2	110340
115	-215784000	3.7	110340
115	-213105600	11.6	110340
115	-210513600	15.1	110340
115	-207835200	19.4	110340
115	-205243200	22.2	110340
115	-202564800	20.3	110340
115	-199886400	17.1	110340
115	-197294400	11.1	110340
115	-194616000	8.8	110340
115	-192024000	-3.2	110340
115	-189345600	-3.6	110340
115	-186667200	1.6	110340
115	-184161600	1.6	110340
115	-181483200	11.9	110340
115	-178891200	15.4	110340
115	-176212800	20.7	110340
115	-173620800	21.4	110340
115	-170942400	19.2	110340
115	-168264000	16.5	110340
115	-165672000	9.9	110340
115	-162993600	7.3	110340
115	-160401600	0.6	110340
115	-157723200	1.8	110340
115	-155044800	-1	110340
115	-152625600	4.8	110340
115	-149947200	9.5	110340
115	-147355200	13.5	110340
115	-144676800	18.2	110340
115	-142084800	19.3	110340
115	-139406400	18.1	110340
115	-136728000	16.6	110340
115	-134136000	9.8	110340
115	-131457600	3.3	110340
115	-128865600	3.9	110340
115	-126187200	-2.3	110340
115	-123508800	8	110340
115	-121089600	5.7	110340
115	-118411200	12.5	110340
115	-115819200	16	110340
115	-113140800	19.2	110340
115	-110548800	19.6	110340
115	-107870400	19	110340
115	-105192000	16.4	110340
115	-102600000	14.4	110340
115	-99921600	4.5	110340
115	-97329600	3.2	110340
115	-94651200	0.7	110340
115	-91972800	4.1	110340
115	-89553600	7.5	110340
115	-86875200	10.2	110340
115	-84283200	15.8	110340
115	-81604800	18.5	110340
115	-79012800	22.5	110340
115	-76334400	20.4	110340
115	-73656000	16.9	110340
115	-71064000	13	110340
115	-68385600	5.5	110340
115	-65793600	2.3	110340
115	-63115200	0	110340
115	-60436800	3.1	110340
115	-57931200	7.1	110340
115	-55252800	12.4	110340
115	-52660800	15.5	110340
115	-49982400	19.6	110340
115	-47390400	20.2	110340
115	-44712000	18.8	110340
115	-42033600	16	110340
115	-39441600	11.6	110340
115	-36763200	6.4	110340
115	-34171200	-0.8	110340
115	-31492800	-0.6	110340
115	-28814400	0.5	110340
115	-26395200	3	110340
115	-23716800	10.9	110340
115	-21124800	18.1	110340
115	-18446400	17.6	110340
115	-15854400	21.1	110340
115	-13176000	19	110340
115	-10497600	16.9	110340
115	-7905600	12.6	110340
115	-5227200	8	110340
115	-2635200	-2.6	110340
115	43200	-1.1	110340
115	2721600	1.6	110340
115	5140800	4.2	110340
115	7819200	9.6	110340
115	10411200	13.6	110340
115	13089600	19.6	110340
115	15681600	20.3	110340
115	18360000	20.1	110340
115	21038400	16.2	110340
115	23630400	10.2	110340
115	26308800	8.2	110340
115	28900800	2	110340
115	31579200	-0.6	110340
115	34257600	3.6	110340
115	36676800	2.9	110340
115	39355200	11.5	110340
115	41947200	16.9	110340
115	44625600	17.3	110340
115	47217600	21.4	110340
115	49896000	22.3	110340
115	52574400	14.8	110340
115	55166400	11.1	110340
115	57844800	5.8	110340
115	60436800	4.8	110340
115	63115200	-1.1	110340
115	65793600	4	110340
115	68299200	8.1	110340
115	70977600	10	110340
115	73569600	14.7	110340
115	76248000	19	110340
115	78840000	20.4	110340
115	81518400	19.2	110340
115	84196800	13.9	110340
115	86788800	9	110340
115	89467200	6.5	110340
115	92059200	1.6	110340
115	94737600	0.9	110340
115	97416000	3.2	110340
115	99835200	6.1	110340
115	102513600	8.6	110340
115	105105600	16.2	110340
115	107784000	18.2	110340
115	110376000	20.6	110340
115	113054400	21.4	110340
115	115732800	17.1	110340
115	118324800	10	110340
115	121003200	4.7	110340
115	123595200	2.2	110340
115	126273600	3.1	110340
115	128952000	5.8	110340
115	131371200	8.8	110340
115	134049600	10.7	110340
115	136641600	14.1	110340
115	139320000	16.5	110340
115	141912000	19.5	110340
115	144590400	21.9	110340
115	147268800	16.3	110340
115	149860800	7.8	110340
115	152539200	5.4	110340
115	155131200	5.8	110340
115	157809600	4.7	110340
115	160488000	2.8	110340
115	162907200	7	110340
115	165585600	10	110340
115	168177600	16.3	110340
115	170856000	17.4	110340
115	173448000	20.6	110340
115	176126400	20.2	110340
115	178804800	19	110340
115	181396800	10.4	110340
115	184075200	4.2	110340
115	186667200	2.3	110340
115	189345600	3	110340
115	192024000	1.5	110340
115	194529600	3.6	110340
115	197208000	11.1	110340
115	199800000	15.5	110340
115	202478400	19.6	110340
115	205070400	21.8	110340
115	207748800	17.9	110340
115	210427200	14.4	110340
115	213019200	11.5	110340
115	215697600	7.2	110340
115	218289600	1.5	110340
115	220968000	1.3	110340
115	223646400	4.6	110340
115	226065600	9.4	110340
115	228744000	9.2	110340
115	231336000	15.4	110340
115	234014400	19.5	110340
115	236606400	20.2	110340
115	239284800	19.1	110340
115	241963200	14.5	110340
115	244555200	11.9	110340
115	247233600	7.2	110340
115	249825600	0.9	110340
115	252504000	1.9	110340
115	255182400	0.4	110340
115	257601600	7.2	110340
115	260280000	9.2	110340
115	262872000	13.4	110340
115	265550400	17.8	110340
115	268142400	18.8	110340
115	270820800	18.9	110340
115	273499200	15.5	110340
115	276091200	11.5	110340
115	278769600	3.1	110340
115	281361600	1.9	110340
115	284040000	-2.2	110340
115	286718400	2	110340
115	289137600	7.1	110340
115	291816000	9	110340
115	294408000	16.1	110340
115	297086400	20.2	110340
115	299678400	18.2	110340
115	302356800	19.3	110340
115	305035200	16.3	110340
115	307627200	9.5	110340
115	310305600	6.1	110340
115	312897600	5.9	110340
115	315576000	-2.2	110340
115	318254400	3.8	110340
115	320760000	4.7	110340
115	323438400	7.7	110340
115	326030400	12.9	110340
115	328708800	18.1	110340
115	331300800	19.2	110340
115	333979200	20.1	110340
115	336657600	15.9	110340
115	339249600	10.7	110340
115	341928000	4.2	110340
115	344520000	2.4	110340
115	347198400	0.2	110340
115	349876800	2.9	110340
115	352296000	9.6	110340
115	354974400	10.7	110340
115	357566400	15.9	110340
115	360244800	19.7	110340
115	362836800	20.1	110340
115	365515200	20.7	110340
115	368193600	16.4	110340
115	370785600	11.7	110340
115	373464000	6.4	110340
115	376056000	0.9	110340
115	378734400	-2.1	110340
115	381412800	0.1	110340
115	383832000	7.1	110340
115	386510400	9	110340
115	389102400	16.1	110340
115	391780800	19.7	110340
115	394372800	21.3	110340
115	397051200	21	110340
115	399729600	19.5	110340
115	402321600	11.8	110340
115	4.05e+08	6.5	110340
115	407592000	3.8	110340
115	410270400	6.1	110340
115	412948800	0.3	110340
115	415368000	7.6	110340
115	418046400	12.4	110340
115	420638400	16.4	110340
115	423316800	18.8	110340
115	425908800	24.1	110340
115	428587200	21.5	110340
115	431265600	17.1	110340
115	433857600	12	110340
115	436536000	4.1	110340
115	439128000	2.3	110340
115	441806400	2.5	110340
115	444484800	1.6	110340
115	446990400	4.7	110340
115	449668800	9.6	110340
115	452260800	14.3	110340
115	454939200	17.7	110340
115	457531200	18.8	110340
115	460209600	20	110340
115	462888000	15.4	110340
115	465480000	12.3	110340
115	468158400	6.5	110340
115	470750400	1.5	110340
115	473428800	-4.2	110340
115	476107200	-1.5	110340
115	478526400	4.4	110340
115	481204800	10.9	110340
115	483796800	16.7	110340
115	486475200	16.8	110340
115	489067200	21.5	110340
115	491745600	20.6	110340
115	494424000	17.4	110340
115	497016000	11	110340
115	499694400	3.3	110340
115	502286400	4.6	110340
115	504964800	1.6	110340
115	507643200	-4.3	110340
115	510062400	4.3	110340
115	512740800	12.2	110340
115	515332800	17.8	110340
115	518011200	18.6	110340
115	520603200	20.2	110340
115	523281600	20.9	110340
115	525960000	16.3	110340
115	528552000	12	110340
115	531230400	6.2	110340
115	533822400	1.2	110340
115	536500800	-4.3	110340
115	539179200	1.3	110340
115	541598400	0.7	110340
115	544276800	11.5	110340
115	546868800	13.1	110340
115	549547200	18.3	110340
115	552139200	21.5	110340
115	554817600	18.8	110340
115	557496000	19.1	110340
115	560088000	11.8	110340
115	562766400	6.4	110340
115	565358400	3.5	110340
115	568036800	3.7	110340
115	570715200	4	110340
115	573220800	4.6	110340
115	575899200	10.9	110340
115	578491200	16.8	110340
115	581169600	18.3	110340
115	583761600	21.9	110340
115	586440000	21.3	110340
115	589118400	16.3	110340
115	591710400	11.4	110340
115	594388800	2.7	110340
115	596980800	4.3	110340
115	599659200	2.3	110340
115	602337600	5.6	110340
115	604756800	9.7	110340
115	607435200	11.5	110340
115	610027200	15.6	110340
115	612705600	16.9	110340
115	615297600	21.1	110340
115	617976000	20.2	110340
115	620654400	16.8	110340
115	623246400	12.6	110340
115	625924800	4.4	110340
115	628516800	3.4	110340
115	631195200	1.5	110340
115	633873600	6.8	110340
115	636292800	10.1	110340
115	638971200	9.8	110340
115	641563200	16.9	110340
115	644241600	18.6	110340
115	646833600	20.3	110340
115	649512000	22.1	110340
115	652190400	14.7	110340
115	654782400	12.5	110340
115	657460800	7	110340
115	660052800	1.5	110340
115	662731200	2.2	110340
115	665409600	-1.2	110340
115	667828800	7.8	110340
115	670507200	9.6	110340
115	673099200	12.2	110340
115	675777600	18.1	110340
115	678369600	22.2	110340
115	681048000	21.2	110340
115	683726400	17.8	110340
115	686318400	10.2	110340
115	688996800	5.9	110340
115	691588800	0.9	110340
115	694267200	3.4	110340
115	696945600	4.9	110340
115	699451200	7	110340
115	702129600	11.3	110340
115	704721600	16.6	110340
115	707400000	19.9	110340
115	709992000	22.4	110340
115	712670400	25.8	110340
115	715348800	17.2	110340
115	717940800	9.9	110340
115	720619200	6.6	110340
115	723211200	1.3	110340
115	725889600	3.2	110340
115	728568000	0.3	110340
115	730987200	5.4	110340
115	733665600	11.8	110340
115	736257600	18.6	110340
115	738936000	19.3	110340
115	741528000	19.9	110340
115	744206400	21.1	110340
115	746884800	16.1	110340
115	749476800	11.3	110340
115	752155200	2.3	110340
115	754747200	4	110340
115	757425600	5.5	110340
115	760104000	2.2	110340
115	762523200	9.5	110340
115	765201600	11.3	110340
115	767793600	15.9	110340
115	770472000	19.8	110340
115	773064000	24.5	110340
115	775742400	22.7	110340
115	778420800	18.7	110340
115	781012800	9.6	110340
115	783691200	7.9	110340
115	786283200	3.4	110340
115	788961600	1.3	110340
115	791640000	7	110340
115	794059200	5.6	110340
115	796737600	11.6	110340
115	799329600	15.8	110340
115	802008000	18	110340
115	804600000	24	110340
115	807278400	20.7	110340
115	809956800	15.4	110340
115	812548800	12.8	110340
115	815227200	3.2	110340
115	817819200	0.7	110340
115	820497600	-1.8	110340
115	823176000	-1.5	110340
115	825681600	3	110340
115	828360000	11.1	110340
115	830952000	16.6	110340
115	833630400	20.2	110340
115	836222400	19.7	110340
115	838900800	20.2	110340
115	841579200	13.3	110340
115	844171200	12.3	110340
115	846849600	8.2	110340
115	849441600	-1.3	110340
115	852120000	-1.6	110340
115	854798400	5.2	110340
115	857217600	6.9	110340
115	859896000	8.5	110340
115	862488000	17.1	110340
115	865166400	19.7	110340
115	867758400	20.3	110340
115	870436800	21.8	110340
115	873115200	17.3	110340
115	875707200	9.6	110340
115	878385600	6.4	110340
115	880977600	3.4	110340
115	883656000	3.2	110340
115	886334400	7.4	110340
115	888753600	6.2	110340
115	891432000	12.9	110340
115	894024000	16.8	110340
115	896702400	20.5	110340
115	899294400	21.5	110340
115	901972800	22.1	110340
115	904651200	15.9	110340
115	907243200	12	110340
115	909921600	3.9	110340
115	912513600	0.2	110340
115	915192000	1.6	110340
115	917870400	1.8	110340
115	920289600	8.2	110340
115	922968000	12.8	110340
115	925560000	17	110340
115	928238400	19.2	110340
115	930830400	22.2	110340
115	933508800	20.6	110340
115	936187200	19.1	110340
115	938779200	12	110340
115	941457600	4.5	110340
115	944049600	3.2	110340
115	946728000	1.1	110340
115	949406400	6.8	110340
115	951912000	7.3	110340
115	954590400	14.5	110340
115	957182400	18.3	110340
115	959860800	21.1	110340
115	962452800	19.9	110340
115	965131200	23	110340
115	967809600	16.2	110340
115	970401600	13.9	110340
115	973080000	8.8	110340
115	975672000	3.4	110340
115	978350400	1.6	110340
115	981028800	4.3	110340
115	983448000	8	110340
115	986126400	10.9	110340
115	988718400	18.5	110340
115	991396800	18.4	110340
115	993988800	21.9	110340
115	996667200	23	110340
115	999345600	14.7	110340
115	1001937600	14.5	110340
115	1004616000	5.4	110340
115	1007208000	-0.6	110340
115	1009886400	2.7	110340
115	1012564800	7.2	110340
115	1014984000	8.5	110340
115	1017662400	11.2	110340
115	1020254400	18.9	110340
115	1022932800	21.7	110340
115	1025524800	22.8	110340
115	1028203200	21.8	110340
115	1030881600	16	110340
115	1033473600	10.6	110340
115	1036152000	8.7	110340
115	1038744000	0.4	110340
115	1041422400	0.5	110340
115	1044100800	-0.7	110340
115	1046520000	7.6	110340
115	1049198400	11.2	110340
115	1051790400	19.2	110340
115	1054468800	23.8	110340
115	1057060800	22.7	110340
115	1059739200	25.3	110340
115	1062417600	17.1	110340
115	1065009600	9	110340
115	1067688000	7.7	110340
115	1070280000	2.3	110340
115	1072958400	-0.3	110340
115	1075636800	4.3	110340
115	1078142400	5.5	110340
115	1080820800	12.7	110340
115	1083412800	15.4	110340
115	1086091200	19.2	110340
115	1088683200	21.2	110340
115	1091361600	22	110340
115	1094040000	16.9	110340
115	1096632000	12.6	110340
115	1099310400	7.1	110340
115	1101902400	2.5	110340
115	1104580800	3.2	110340
115	1107259200	0	110340
115	1109678400	5.1	110340
115	1112356800	12.6	110340
115	1114948800	17.1	110340
115	1117627200	20.2	110340
115	1120219200	21.9	110340
115	1122897600	19.8	110340
115	1125576000	17.9	110340
115	1128168000	12.3	110340
115	1130846400	5.3	110340
115	1133438400	1.7	110340
115	1136116800	-2.3	110340
115	1138795200	0.7	110340
115	1141214400	4.6	110340
115	1143892800	13	110340
115	1146484800	16.2	110340
115	1149163200	20.5	110340
115	1151755200	25.3	110340
115	1154433600	19.1	110340
115	1157112000	19.1	110340
115	1159704000	14.1	110340
115	1162382400	8.9	110340
115	1164974400	4.7	110340
115	1167652800	7.1	110340
115	1170331200	6.4	110340
115	1172750400	9	110340
115	1175428800	14.9	110340
115	1178020800	17.9	110340
115	1180699200	22.3	110340
115	1183291200	23.2	110340
115	1185969600	21.8	110340
115	1188648000	15	110340
115	1191240000	10.6	110340
115	1193918400	4.7	110340
115	1196510400	1.7	110340
115	1199188800	4.5	110340
115	1201867200	5.9	110340
115	1204372800	7.5	110340
115	1207051200	12.2	110340
115	1209643200	17.5	110340
115	1212321600	21.7	110340
115	1214913600	21.8	110340
115	1217592000	21.7	110340
115	1220270400	15.9	110340
115	1222862400	12.3	110340
115	1225540800	8.1	110340
115	1228132800	3.4	110340
116	-6153537600	-3.6	110350
116	-6150859200	2.4	110350
116	-6148440000	5.8	110350
116	-6145761600	7.2	110350
116	-6143169600	11.7	110350
116	-6140491200	20	110350
116	-6137899200	19.1	110350
116	-6135220800	20.4	110350
116	-6132542400	16.4	110350
116	-6129950400	10.4	110350
116	-6127272000	3.7	110350
116	-6124680000	-1.8	110350
116	-6122001600	-7.1	110350
116	-6119323200	1.5	110350
116	-6116817600	5.4	110350
116	-6114139200	9.4	110350
116	-6111547200	12.3	110350
116	-6108868800	17.1	110350
116	-6106276800	19.2	110350
116	-6103598400	18.2	110350
116	-6100920000	12.9	110350
116	-6098328000	6.7	110350
116	-6095649600	2.3	110350
116	-6093057600	-3.1	110350
116	-6090379200	-4.3	110350
116	-6087700800	-1.2	110350
116	-6085281600	4.8	110350
116	-6082603200	6.8	110350
116	-6080011200	14.8	110350
116	-6077332800	17.7	110350
116	-6074740800	18.1	110350
116	-6072062400	19.6	110350
116	-6069384000	14.2	110350
116	-6066792000	7.5	110350
116	-6064113600	3.7	110350
116	-6061521600	-1.6	110350
116	-6058843200	0.2	110350
116	-6056164800	-1.1	110350
116	-6053745600	4.8	110350
116	-6051067200	11.9	110350
116	-6048475200	15.7	110350
116	-6045796800	17.1	110350
116	-6043204800	21.6	110350
116	-6040526400	20.2	110350
116	-6037848000	12.9	110350
116	-6035256000	8.6	110350
116	-6032577600	4.4	110350
116	-6029985600	2.6	110350
116	-6027307200	-8.3	110350
116	-6024628800	3.6	110350
116	-6022209600	5.9	110350
116	-6019531200	13.5	110350
116	-6016939200	16.7	110350
116	-6014260800	16.4	110350
116	-6011668800	18	110350
116	-6008990400	18.5	110350
116	-6006312000	15.8	110350
116	-6003720000	10.3	110350
116	-6001041600	3.8	110350
116	-5998449600	3.5	110350
116	-5995771200	-4.8	110350
116	-5993092800	-3.3	110350
116	-5990587200	7.2	110350
116	-5987908800	7.4	110350
116	-5985316800	14.9	110350
116	-5982638400	16.9	110350
116	-5980046400	19.2	110350
116	-5977368000	19	110350
116	-5974689600	14.5	110350
116	-5972097600	10.2	110350
116	-5969419200	3.6	110350
116	-5966827200	-2.5	110350
116	-5964148800	-2.2	110350
116	-5961470400	0.5	110350
116	-5959051200	5.3	110350
116	-5956372800	10.2	110350
116	-5953780800	15.2	110350
116	-5951102400	18.9	110350
116	-5948510400	20.2	110350
116	-5945832000	21.2	110350
116	-5943153600	16.7	110350
116	-5940561600	7.7	110350
116	-5937883200	4.9	110350
116	-5935291200	0.3	110350
116	-5932612800	-0.2	110350
116	-5929934400	-2.9	110350
116	-5927515200	4.7	110350
116	-5924836800	8.1	110350
116	-5922244800	14.8	110350
116	-5919566400	19.3	110350
116	-5916974400	20.7	110350
116	-5914296000	19.7	110350
116	-5911617600	13.9	110350
116	-5909025600	8.3	110350
116	-5906347200	1.7	110350
116	-5903755200	0.7	110350
116	-5901076800	2	110350
116	-5898398400	3.4	110350
116	-5895979200	4.2	110350
116	-5893300800	10.4	110350
116	-5890708800	16.4	110350
116	-5888030400	19.3	110350
116	-5885438400	20.9	110350
116	-5882760000	19.7	110350
116	-5880081600	15.9	110350
116	-5877489600	9.3	110350
116	-5874811200	4.2	110350
116	-5872219200	-3.4	110350
116	-5869540800	-6.6	110350
116	-5866862400	-1.8	110350
116	-5864356800	3.4	110350
116	-5861678400	7.4	110350
116	-5859086400	16.5	110350
116	-5856408000	18.1	110350
116	-5853816000	19.6	110350
116	-5851137600	19.3	110350
116	-5848459200	17.2	110350
116	-5845867200	6.1	110350
116	-5843188800	4	110350
116	-5840596800	-0.4	110350
116	-5837918400	-2.9	110350
116	-5835240000	-1.1	110350
116	-5832820800	-2.8	110350
116	-5830142400	5.5	110350
116	-5827550400	13.3	110350
116	-5824872000	15.5	110350
116	-5822280000	17.6	110350
116	-5819601600	17.4	110350
116	-5816923200	17.6	110350
116	-5814331200	8.6	110350
116	-5811652800	4.1	110350
116	-5809060800	0	110350
116	-5806382400	-1.4	110350
116	-5803704000	0.6	110350
116	-5801284800	3.8	110350
116	-5798606400	10.7	110350
116	-5796014400	12.6	110350
116	-5793336000	17.9	110350
116	-5790744000	17	110350
116	-5788065600	16.4	110350
116	-5785387200	13.8	110350
116	-5782795200	6.6	110350
116	-5780116800	0.8	110350
116	-5777524800	-0.1	110350
116	-5774846400	-2.7	110350
116	-5772168000	2.6	110350
116	-5769748800	4.9	110350
116	-5767070400	7.5	110350
116	-5764478400	11.8	110350
116	-5761800000	18.1	110350
116	-5759208000	18.5	110350
116	-5756529600	18.9	110350
116	-5753851200	13.9	110350
116	-5751259200	10.6	110350
116	-5748580800	4.6	110350
116	-5745988800	3.3	110350
116	-5743310400	0.6	110350
116	-5740632000	0.7	110350
116	-5738126400	5.1	110350
116	-5735448000	9.4	110350
116	-5732856000	14.1	110350
116	-5730177600	18.4	110350
116	-5727585600	22	110350
116	-5724907200	16.8	110350
116	-5722228800	16.3	110350
116	-5719636800	9.1	110350
116	-5716958400	1.8	110350
116	-5714366400	-8.7	110350
116	-5711688000	-2.8	110350
116	-5709009600	3.3	110350
116	-5706590400	1.5	110350
116	-5703912000	11.2	110350
116	-5701320000	17.6	110350
116	-5698641600	16.8	110350
116	-5696049600	20	110350
116	-5693371200	18.5	110350
116	-5690692800	15	110350
116	-5688100800	10.8	110350
116	-5685422400	4.6	110350
116	-5682830400	0.6	110350
116	-5680152000	-0.8	110350
116	-5677473600	4.4	110350
116	-5675054400	4.9	110350
116	-5672376000	8.4	110350
116	-5669784000	16.4	110350
116	-5667105600	19.5	110350
116	-5664513600	18.1	110350
116	-5661835200	19.6	110350
116	-5659156800	14.4	110350
116	-5656564800	8.9	110350
116	-5653886400	3.3	110350
116	-5651294400	2.7	110350
116	-5648616000	3.5	110350
116	-5645937600	2.1	110350
116	-5643518400	5.6	110350
116	-5640840000	11.4	110350
116	-5638248000	14.3	110350
116	-5635569600	17.1	110350
116	-5632977600	19.8	110350
116	-5630299200	20.8	110350
116	-5627620800	14.3	110350
116	-5625028800	9.3	110350
116	-5622350400	3.2	110350
116	-5619758400	1.2	110350
116	-5617080000	-1.2	110350
116	-5614401600	-0.8	110350
116	-5611896000	5.1	110350
116	-5609217600	10.2	110350
116	-5606625600	13.7	110350
116	-5603947200	18.3	110350
116	-5601355200	20	110350
116	-5598676800	19.5	110350
116	-5595998400	14.2	110350
116	-5593406400	8.5	110350
116	-5590728000	3.5	110350
116	-5588136000	0.8	110350
116	-5585457600	-3.9	110350
116	-5582779200	2.1	110350
116	-5580360000	3.2	110350
116	-5577681600	7.7	110350
116	-5575089600	13.3	110350
116	-5572411200	15.4	110350
116	-5569819200	21	110350
116	-5567140800	19.9	110350
116	-5564462400	15.1	110350
116	-5561870400	11.3	110350
116	-5559192000	4.6	110350
116	-5556600000	2.6	110350
116	-5553921600	0.9	110350
116	-5551243200	4.5	110350
116	-5548824000	7	110350
116	-5546145600	14.3	110350
116	-5543553600	16.7	110350
116	-5540875200	19.4	110350
116	-5538283200	23	110350
116	-5535604800	18.2	110350
116	-5532926400	13.7	110350
116	-5530334400	9.6	110350
116	-5527656000	4.2	110350
116	-5525064000	-1.1	110350
116	-5522385600	-8.2	110350
116	-5519707200	-0.1	110350
116	-5517288000	4.7	110350
116	-5514609600	11.9	110350
116	-5512017600	14.9	110350
116	-5509339200	19	110350
116	-5506747200	17.2	110350
116	-5504068800	19.5	110350
116	-5501390400	15.2	110350
116	-5498798400	13.3	110350
116	-5496120000	2.6	110350
116	-5493528000	2.9	110350
116	-5490849600	4.6	110350
116	-5488171200	2.5	110350
116	-5485665600	1.1	110350
116	-5482987200	7.7	110350
116	-5480395200	14.9	110350
116	-5477716800	17.4	110350
116	-5475124800	19.7	110350
116	-5472446400	20	110350
116	-5469768000	17.7	110350
116	-5467176000	9.3	110350
116	-5464497600	3.6	110350
116	-5461905600	-1.7	110350
116	-5459227200	-0.6	110350
116	-5456548800	2.2	110350
116	-5454129600	3.7	110350
116	-5451451200	12.4	110350
116	-5448859200	18.6	110350
116	-5446180800	18.4	110350
116	-5443588800	22.1	110350
116	-5440910400	21.1	110350
116	-5438232000	16.3	110350
116	-5435640000	10.4	110350
116	-5432961600	4.6	110350
116	-5430369600	1.5	110350
116	-5427691200	0.6	110350
116	-5425012800	3.4	110350
116	-5422593600	6.1	110350
116	-5419915200	10.6	110350
116	-5417323200	15.2	110350
116	-5414644800	18	110350
116	-5412052800	19.7	110350
116	-5409374400	20	110350
116	-5406696000	17.4	110350
116	-5404104000	9.2	110350
116	-5401425600	3.1	110350
116	-5398833600	-4.4	110350
116	-5396155200	-7.3	110350
116	-5393476800	-1.8	110350
116	-5391057600	3.5	110350
116	-5388379200	9.3	110350
116	-5385787200	14.4	110350
116	-5383108800	16.2	110350
116	-5380516800	18.9	110350
116	-5377838400	19.8	110350
116	-5375160000	14.5	110350
116	-5372568000	10.1	110350
116	-5369889600	4.6	110350
116	-5367297600	-3.4	110350
116	-5364619200	-1	110350
116	-5361940800	-0.8	110350
116	-5359521600	-0.1	110350
116	-5356843200	16.8	110350
116	-5354251200	17.3	110350
116	-5351572800	15.6	110350
116	-5348980800	18.9	110350
116	-5346302400	20.8	110350
116	-5343624000	15.8	110350
116	-5341032000	9.4	110350
116	-5338353600	6	110350
116	-5335761600	0.4	110350
116	-5333083200	0.5	110350
116	-5330404800	0.6	110350
116	-5327985600	7.6	110350
116	-5325307200	10.5	110350
116	-5322715200	17	110350
116	-5320036800	16.4	110350
116	-5317444800	19.2	110350
116	-5314766400	17.5	110350
116	-5312088000	16.2	110350
116	-5309496000	11	110350
116	-5306817600	6	110350
116	-5304225600	1.8	110350
116	-5301547200	-2.4	110350
116	-5298868800	-0.8	110350
116	-5296449600	5.1	110350
116	-5293771200	10.7	110350
116	-5291179200	13.5	110350
116	-5288500800	19.1	110350
116	-5285908800	19.7	110350
116	-5283230400	21.2	110350
116	-5280552000	15.9	110350
116	-5277960000	12.8	110350
116	-5275281600	6.1	110350
116	-5272689600	1.9	110350
116	-5270011200	-5.3	110350
116	-5267332800	-3.5	110350
116	-5264913600	3.7	110350
116	-5262235200	12.9	110350
116	-5259643200	12.2	110350
116	-5256964800	16.3	110350
116	-5254372800	20.2	110350
116	-5251694400	19.3	110350
116	-5249016000	13.5	110350
116	-5246424000	9.3	110350
116	-5243745600	5.2	110350
116	-5241153600	0.5	110350
116	-5238475200	2.4	110350
116	-5235796800	-0.1	110350
116	-5233291200	1.6	110350
116	-5230612800	9.9	110350
116	-5228020800	15.7	110350
116	-5225342400	17.6	110350
116	-5222750400	19.8	110350
116	-5220072000	18.6	110350
116	-5217393600	16.2	110350
116	-5214801600	10.4	110350
116	-5212123200	0.8	110350
116	-5209531200	-2.9	110350
116	-5206852800	-2.5	110350
116	-5204174400	0	110350
116	-5201755200	2.9	110350
116	-5199076800	7	110350
116	-5196484800	12.8	110350
116	-5193806400	16.2	110350
116	-5191214400	18.2	110350
116	-5188536000	17.1	110350
116	-5185857600	15.3	110350
116	-5183265600	6.3	110350
116	-5180587200	1	110350
116	-5177995200	0.5	110350
116	-5175316800	3.1	110350
116	-5172638400	3.5	110350
116	-5170219200	5.9	110350
116	-5167540800	7.6	110350
116	-5164948800	17.2	110350
116	-5162270400	17.3	110350
116	-5159678400	19.2	110350
116	-5.157e+09	18.4	110350
116	-5154321600	15.2	110350
116	-5151729600	8.9	110350
116	-5149051200	5.7	110350
116	-5146459200	4.5	110350
116	-5143780800	-0.5	110350
116	-5141102400	2.3	110350
116	-5138683200	2.6	110350
116	-5136004800	8.3	110350
116	-5133412800	16.5	110350
116	-5130734400	16.9	110350
116	-5128142400	21.1	110350
116	-5125464000	24.1	110350
116	-5122785600	15.7	110350
116	-5120193600	11.4	110350
116	-5117515200	6.3	110350
116	-5114923200	0.6	110350
116	-5112244800	-3.7	110350
116	-5109566400	0.1	110350
116	-5107060800	-1.7	110350
116	-5104382400	7.3	110350
116	-5101790400	17.1	110350
116	-5099112000	17.8	110350
116	-5096520000	21.1	110350
116	-5093841600	21.4	110350
116	-5091163200	15.9	110350
116	-5088571200	8.6	110350
116	-5085892800	3.5	110350
116	-5083300800	-4.4	110350
116	-5080622400	-2	110350
116	-5077944000	2.8	110350
116	-5075524800	3.5	110350
116	-5072846400	6.6	110350
116	-5070254400	16.1	110350
116	-5067576000	17.9	110350
116	-5064984000	19.8	110350
116	-5062305600	19.8	110350
116	-5059627200	15.5	110350
116	-5057035200	8.1	110350
116	-5054356800	3	110350
116	-5051764800	2.2	110350
116	-5049086400	-2.8	110350
116	-5046408000	-0.7	110350
116	-5043988800	5.8	110350
116	-5041310400	8.9	110350
116	-5038718400	15.5	110350
116	-5036040000	15.4	110350
116	-5033448000	19.6	110350
116	-5030769600	19.3	110350
116	-5028091200	18.2	110350
116	-5025499200	9.7	110350
116	-5022820800	3.7	110350
116	-5020228800	2.7	110350
116	-5017550400	-6.4	110350
116	-5014872000	-0.4	110350
116	-5012452800	7	110350
116	-5009774400	10.7	110350
116	-5007182400	18.3	110350
116	-5004504000	22.5	110350
116	-5001912000	22.8	110350
116	-4999233600	20.4	110350
116	-4996555200	15.8	110350
116	-4993963200	14.4	110350
116	-4991284800	5.1	110350
116	-4988692800	0.4	110350
116	-4986014400	-4.9	110350
116	-4983336000	1.1	110350
116	-4980830400	4.4	110350
116	-4978152000	5.4	110350
116	-4975560000	15.5	110350
116	-4972881600	17.2	110350
116	-4970289600	17.7	110350
116	-4967611200	18.1	110350
116	-4964932800	13.6	110350
116	-4962340800	12.2	110350
116	-4959662400	2.7	110350
116	-4957070400	-4.9	110350
116	-4954392000	-5.7	110350
116	-4951713600	2.5	110350
116	-4949294400	3.5	110350
116	-4946616000	10.7	110350
116	-4944024000	14.3	110350
116	-4941345600	15.1	110350
116	-4938753600	17.2	110350
116	-4936075200	16.4	110350
116	-4933396800	13.5	110350
116	-4930804800	9.3	110350
116	-4928126400	3.5	110350
116	-4925534400	1.1	110350
116	-4922856000	-2.8	110350
116	-4920177600	-4.4	110350
116	-4917758400	3	110350
116	-4915080000	10.7	110350
116	-4912488000	11.2	110350
116	-4909809600	16.1	110350
116	-4907217600	19.5	110350
116	-4904539200	18.4	110350
116	-4901860800	12.1	110350
116	-4899268800	8.6	110350
116	-4896590400	4.3	110350
116	-4893998400	2.8	110350
116	-4891320000	-3.7	110350
116	-4888641600	2.9	110350
116	-4886222400	6.1	110350
116	-4883544000	9	110350
116	-4880952000	14.5	110350
116	-4878273600	17.2	110350
116	-4875681600	16.9	110350
116	-4873003200	17.2	110350
116	-4870324800	13.9	110350
116	-4867732800	9.8	110350
116	-4865054400	2.4	110350
116	-4862462400	-3.5	110350
116	-4859784000	0.1	110350
116	-4857105600	-0.8	110350
116	-4854600000	3.1	110350
116	-4851921600	8.9	110350
116	-4849329600	12.7	110350
116	-4846651200	15.9	110350
116	-4844059200	16.8	110350
116	-4841380800	16.8	110350
116	-4838702400	13.1	110350
116	-4836110400	8.7	110350
116	-4833432000	3.3	110350
116	-4830840000	-1.1	110350
116	-4828161600	1.7	110350
116	-4825483200	4.6	110350
116	-4823064000	4.3	110350
116	-4820385600	3.7	110350
116	-4817793600	14.6	110350
116	-4815115200	19.6	110350
116	-4812523200	18.6	110350
116	-4809844800	18.4	110350
116	-4807166400	15.9	110350
116	-4804574400	6.9	110350
116	-4801896000	5.2	110350
116	-4799304000	0.1	110350
116	-4796625600	1.1	110350
116	-4793947200	1	110350
116	-4791528000	5.8	110350
116	-4788849600	11.3	110350
116	-4786257600	13.7	110350
116	-4783579200	17.5	110350
116	-4780987200	19.1	110350
116	-4778308800	17.9	110350
116	-4775630400	14.6	110350
116	-4773038400	10.7	110350
116	-4770360000	4.6	110350
116	-4767768000	-1.6	110350
116	-4765089600	-0.8	110350
116	-4762411200	2.5	110350
116	-4759992000	5.9	110350
116	-4757313600	10.4	110350
116	-4754721600	13	110350
116	-4752043200	18.1	110350
116	-4749451200	19.6	110350
116	-4746772800	18.3	110350
116	-4744094400	16	110350
116	-4741502400	9.3	110350
116	-4738824000	4.5	110350
116	-4736232000	-1.5	110350
116	-4733553600	-5.4	110350
116	-4730875200	0.6	110350
116	-4728369600	2.4	110350
116	-4725691200	11.3	110350
116	-4723099200	16.3	110350
116	-4720420800	15.3	110350
116	-4717828800	17.6	110350
116	-4715150400	21.6	110350
116	-4712472000	14.2	110350
116	-4709880000	9.8	110350
116	-4707201600	3.4	110350
116	-4704609600	-1.9	110350
116	-4701931200	1	110350
116	-4699252800	-1.4	110350
116	-4696833600	3.4	110350
116	-4694155200	11.6	110350
116	-4691563200	14	110350
116	-4688884800	13.9	110350
116	-4686292800	17.3	110350
116	-4683614400	18.3	110350
116	-4680936000	16.1	110350
116	-4678344000	9.8	110350
116	-4675665600	6.5	110350
116	-4673073600	3.8	110350
116	-4670395200	1.8	110350
116	-4667716800	2.6	110350
116	-4665297600	8.6	110350
116	-4662619200	11.1	110350
116	-4660027200	16.5	110350
116	-4657348800	20.3	110350
116	-4654756800	21	110350
116	-4652078400	19.1	110350
116	-4649400000	15.8	110350
116	-4646808000	12.7	110350
116	-4644129600	4.7	110350
116	-4641537600	-0.4	110350
116	-4638859200	-7.4	110350
116	-4636180800	0.2	110350
116	-4633761600	5.3	110350
116	-4631083200	9.3	110350
116	-4628491200	15.3	110350
116	-4625812800	15.4	110350
116	-4623220800	17.8	110350
116	-4620542400	19.4	110350
116	-4617864000	15.9	110350
116	-4615272000	10.8	110350
116	-4612593600	4.4	110350
116	-4610001600	1.6	110350
116	-4607323200	-1.3	110350
116	-4604644800	3.3	110350
116	-4602139200	4.5	110350
116	-4599460800	7.3	110350
116	-4596868800	14.1	110350
116	-4594190400	16.7	110350
116	-4591598400	19.3	110350
116	-4588920000	18.9	110350
116	-4586241600	17.2	110350
116	-4583649600	10.1	110350
116	-4580971200	5.9	110350
116	-4578379200	5.3	110350
116	-4575700800	2.1	110350
116	-4573022400	1.2	110350
116	-4570603200	1.9	110350
116	-4567924800	10.5	110350
116	-4565332800	14.5	110350
116	-4562654400	17.4	110350
116	-4560062400	18.8	110350
116	-4557384000	17.2	110350
116	-4554705600	14.9	110350
116	-4552113600	7.8	110350
116	-4549435200	6.5	110350
116	-4546843200	4.2	110350
116	-4544164800	-6.4	110350
116	-4541486400	-2.1	110350
116	-4539067200	5.4	110350
116	-4536388800	9.5	110350
116	-4533796800	12	110350
116	-4531118400	17.9	110350
116	-4528526400	21.3	110350
116	-4525848000	21.9	110350
116	-4523169600	16.4	110350
116	-4520577600	11.1	110350
116	-4517899200	3.7	110350
116	-4515307200	2.5	110350
116	-4512628800	-2.9	110350
116	-4509950400	-3.1	110350
116	-4507531200	6.2	110350
116	-4504852800	11.6	110350
116	-4502260800	16.4	110350
116	-4499582400	19.2	110350
116	-4496990400	21.6	110350
116	-4494312000	18	110350
116	-4491633600	14.8	110350
116	-4489041600	11	110350
116	-4486363200	-0.1	110350
116	-4483771200	1.3	110350
116	-4481092800	-1.6	110350
116	-4478414400	-1.2	110350
116	-4475908800	5.4	110350
116	-4473230400	11.2	110350
116	-4470638400	14.8	110350
116	-4467960000	18	110350
116	-4465368000	20.4	110350
116	-4462689600	17.2	110350
116	-4460011200	14.5	110350
116	-4457419200	8.4	110350
116	-4454740800	4.7	110350
116	-4452148800	2.2	110350
116	-4449470400	-3.9	110350
116	-4446792000	-4.1	110350
116	-4444372800	2	110350
116	-4441694400	9.4	110350
116	-4439102400	12.2	110350
116	-4436424000	14.3	110350
116	-4433832000	19.2	110350
116	-4431153600	16	110350
116	-4428475200	15.1	110350
116	-4425883200	9.5	110350
116	-4423204800	-0.4	110350
116	-4420612800	-7.3	110350
116	-4417934400	-8.5	110350
116	-4415256000	-3.4	110350
116	-4412836800	3.8	110350
116	-4410158400	10.8	110350
116	-4407566400	14.5	110350
116	-4404888000	18.1	110350
116	-4402296000	19.6	110350
116	-4399617600	19.2	110350
116	-4396939200	13.2	110350
116	-4394347200	7.8	110350
116	-4391668800	5.1	110350
116	-4389076800	1.7	110350
116	-4386398400	-3.6	110350
116	-4383720000	0.9	110350
116	-4381300800	5	110350
116	-4378622400	12.5	110350
116	-4376030400	13.9	110350
116	-4373352000	15.4	110350
116	-4370760000	20	110350
116	-4368081600	18	110350
116	-4365403200	13	110350
116	-4362811200	12.5	110350
116	-4360132800	3.9	110350
116	-4357540800	-0.1	110350
116	-4354862400	-1.1	110350
116	-4352184000	1.4	110350
116	-4349678400	4.4	110350
116	-4.347e+09	9.5	110350
116	-4344408000	12.6	110350
116	-4341729600	15.9	110350
116	-4339137600	18	110350
116	-4336459200	19.7	110350
116	-4333780800	13.4	110350
116	-4331188800	10	110350
116	-4328510400	2.2	110350
116	-4325918400	-1.4	110350
116	-4323240000	-6	110350
116	-4320561600	3.5	110350
116	-4318142400	4.6	110350
116	-4315464000	7.9	110350
116	-4312872000	18.2	110350
116	-4310193600	19.2	110350
116	-4307601600	16.8	110350
116	-4304923200	14.8	110350
116	-4302244800	13	110350
116	-4299652800	8.3	110350
116	-4296974400	4.4	110350
116	-4294382400	5.3	110350
116	-4291704000	4	110350
116	-4289025600	1	110350
116	-4286606400	4	110350
116	-4283928000	8.2	110350
116	-4281336000	17.8	110350
116	-4278657600	19.8	110350
116	-4276065600	22.8	110350
116	-4273387200	20.9	110350
116	-4270708800	17.6	110350
116	-4268116800	9.8	110350
116	-4265438400	3	110350
116	-4262846400	0.9	110350
116	-4260168000	0.3	110350
116	-4257489600	2.4	110350
116	-4255070400	4.8	110350
116	-4252392000	8.3	110350
116	-4249800000	15.3	110350
116	-4247121600	17.6	110350
116	-4244529600	20.7	110350
116	-4241851200	19.4	110350
116	-4239172800	14.1	110350
116	-4236580800	9	110350
116	-4233902400	-0.6	110350
116	-4231310400	-2.3	110350
116	-4228632000	-3.4	110350
116	-4225953600	1	110350
116	-4223448000	9	110350
116	-4220769600	9.7	110350
116	-4218177600	11.3	110350
116	-4215499200	18.1	110350
116	-4212907200	19	110350
116	-4210228800	18.3	110350
116	-4207550400	14.4	110350
116	-4204958400	11.1	110350
116	-4202280000	3	110350
116	-4199688000	3.4	110350
116	-4197009600	-1.6	110350
116	-4194331200	-2	110350
116	-4191912000	1.9	110350
116	-4189233600	8.2	110350
116	-4186641600	11.3	110350
116	-4183963200	16	110350
116	-4181371200	15.4	110350
116	-4178692800	20.7	110350
116	-4176014400	12.7	110350
116	-4173422400	8.8	110350
116	-4170744000	3	110350
116	-4168152000	-1	110350
116	-4165473600	-7.8	110350
116	-4162795200	-4.6	110350
116	-4160376000	3.7	110350
116	-4157697600	6.6	110350
116	-4155105600	14	110350
116	-4152427200	16.8	110350
116	-4149835200	17.8	110350
116	-4147156800	16.4	110350
116	-4144478400	15.5	110350
116	-4141886400	7.8	110350
116	-4139208000	3.3	110350
116	-4136616000	-0.8	110350
116	-4133937600	-1.9	110350
116	-4131259200	0	110350
116	-4128840000	1.4	110350
116	-4126161600	4.9	110350
116	-4123569600	12.4	110350
116	-4120891200	19	110350
116	-4118299200	20	110350
116	-4115620800	17.1	110350
116	-4112942400	15.8	110350
116	-4110350400	11	110350
116	-4107672000	6.1	110350
116	-4105080000	1.2	110350
116	-4102401600	-2.5	110350
116	-4099723200	-0.5	110350
116	-4097217600	-0.4	110350
116	-4094539200	9	110350
116	-4091947200	12.8	110350
116	-4089268800	16.4	110350
116	-4086676800	17.6	110350
116	-4083998400	16.9	110350
116	-4081320000	15.5	110350
116	-4078728000	7.4	110350
116	-4076049600	5.5	110350
116	-4073457600	-9.4	110350
116	-4070779200	-1.4	110350
116	-4068100800	-3.5	110350
116	-4065681600	5.1	110350
116	-4063003200	10.8	110350
116	-4060411200	17.3	110350
116	-4057732800	16.4	110350
116	-4055140800	18.4	110350
116	-4052462400	17.9	110350
116	-4049784000	15.7	110350
116	-4047192000	12.5	110350
116	-4044513600	4.5	110350
116	-4041921600	3.2	110350
116	-4039243200	-5.3	110350
116	-4036564800	-5.1	110350
116	-4034145600	4.9	110350
116	-4031467200	7.2	110350
116	-4028875200	14.5	110350
116	-4026196800	17.1	110350
116	-4023604800	18.7	110350
116	-4020926400	21	110350
116	-4018248000	14.6	110350
116	-4015656000	6.7	110350
116	-4012977600	2	110350
116	-4010385600	1.9	110350
116	-4007707200	0.6	110350
116	-4005028800	5.7	110350
116	-4002609600	2.6	110350
116	-3999931200	8.9	110350
116	-3997339200	12.3	110350
116	-3994660800	14.5	110350
116	-3992068800	18	110350
116	-3989390400	18.3	110350
116	-3986712000	13.6	110350
116	-3984120000	9.1	110350
116	-3981441600	3.5	110350
116	-3978849600	3.5	110350
116	-3976171200	-2	110350
116	-3973492800	-0.7	110350
116	-3970987200	2.2	110350
116	-3968308800	9.7	110350
116	-3965716800	13.7	110350
116	-3963038400	17.7	110350
116	-3960446400	16.8	110350
116	-3957768000	16.2	110350
116	-3955089600	15.4	110350
116	-3952497600	11.1	110350
116	-3949819200	6.1	110350
116	-3947227200	-4.2	110350
116	-3944548800	0.4	110350
116	-3941870400	-3.6	110350
116	-3939451200	-1	110350
116	-3936772800	9.8	110350
116	-3934180800	11.3	110350
116	-3931502400	18.6	110350
116	-3928910400	19.5	110350
116	-3926232000	16.6	110350
116	-3923553600	13.7	110350
116	-3920961600	10.4	110350
116	-3918283200	5.2	110350
116	-3915691200	2.8	110350
116	-3913012800	0.1	110350
116	-3910334400	2.8	110350
116	-3907915200	6.1	110350
116	-3905236800	10.6	110350
116	-3902644800	15.1	110350
116	-3899966400	18.7	110350
116	-3897374400	21.9	110350
116	-3894696000	20	110350
116	-3892017600	15.8	110350
116	-3889425600	13.1	110350
116	-3886747200	1.8	110350
116	-3884155200	-1.7	110350
116	-3881476800	-3.9	110350
116	-3878798400	0	110350
116	-3876379200	2.4	110350
116	-3873700800	7.7	110350
116	-3871108800	16.8	110350
116	-3868430400	14.4	110350
116	-3865838400	18.8	110350
116	-3863160000	19.5	110350
116	-3860481600	12.6	110350
116	-3857889600	7.7	110350
116	-3855211200	2.3	110350
116	-3852619200	0.4	110350
116	-3849940800	-7.9	110350
116	-3847262400	2.2	110350
116	-3844756800	5.6	110350
116	-3842078400	11.8	110350
116	-3839486400	13.7	110350
116	-3836808000	19.2	110350
116	-3834216000	18.7	110350
116	-3831537600	18	110350
116	-3828859200	13.5	110350
116	-3826267200	11	110350
116	-3823588800	3.7	110350
116	-3820996800	-0.6	110350
116	-3818318400	-2.9	110350
116	-3815640000	3.8	110350
116	-3813220800	3.3	110350
116	-3810542400	7.9	110350
116	-3807950400	14.2	110350
116	-3805272000	18.4	110350
116	-3802680000	18.3	110350
116	-3800001600	16.2	110350
116	-3797323200	13.6	110350
116	-3794731200	9.1	110350
116	-3792052800	2.4	110350
116	-3789460800	-1.8	110350
116	-3786782400	-5.5	110350
116	-3784104000	3.6	110350
116	-3781684800	1.5	110350
116	-3779006400	9.9	110350
116	-3776414400	14.3	110350
116	-3773736000	17.7	110350
116	-3771144000	18	110350
116	-3768465600	19	110350
116	-3765787200	12.1	110350
116	-3763195200	8.6	110350
116	-3760516800	5.6	110350
116	-3757924800	0.5	110350
116	-3755246400	-1.3	110350
116	-3752568000	0.3	110350
116	-3750148800	4.6	110350
116	-3747470400	9.8	110350
116	-3744878400	10.5	110350
116	-3742200000	16.4	110350
116	-3739608000	17	110350
116	-3736929600	17.2	110350
116	-3734251200	12.2	110350
116	-3731659200	11.8	110350
116	-3728980800	1.6	110350
116	-3726388800	0.2	110350
116	-3723710400	1	110350
116	-3721032000	2.5	110350
116	-3718526400	1.3	110350
116	-3715848000	6.2	110350
116	-3713256000	14.4	110350
116	-3710577600	18	110350
116	-3707985600	20.3	110350
116	-3705307200	18.9	110350
116	-3702628800	15	110350
116	-3700036800	8	110350
116	-3697358400	6.8	110350
116	-3694766400	3	110350
116	-3692088000	0.6	110350
116	-3689409600	-0.7	110350
116	-3686990400	0.6	110350
116	-3684312000	6	110350
116	-3681720000	14.1	110350
116	-3679041600	17.8	110350
116	-3676449600	20.2	110350
116	-3673771200	19.2	110350
116	-3671092800	14.7	110350
116	-3668500800	10.4	110350
116	-3665822400	2.6	110350
116	-3663230400	-4.8	110350
116	-3660552000	-1.4	110350
116	-3657873600	-0.2	110350
116	-3655454400	3.4	110350
116	-3652776000	8.9	110350
116	-3650184000	15.5	110350
116	-3647505600	16.7	110350
116	-3644913600	19.7	110350
116	-3642235200	17.6	110350
116	-3639556800	14.2	110350
116	-3636964800	9.8	110350
116	-3634286400	2	110350
116	-3631694400	2.9	110350
116	-3629016000	-3	110350
116	-3626337600	-3.9	110350
116	-3623918400	3.9	110350
116	-3621240000	7.8	110350
116	-3618648000	13.6	110350
116	-3615969600	18.5	110350
116	-3613377600	19.5	110350
116	-3610699200	19.6	110350
116	-3608020800	14.4	110350
116	-3605428800	12.7	110350
116	-3602750400	4.1	110350
116	-3600158400	-6	110350
116	-3597480000	-0.2	110350
116	-3594801600	2.4	110350
116	-3592296000	1.6	110350
116	-3589617600	11.4	110350
116	-3587025600	14.5	110350
116	-3584347200	19.5	110350
116	-3581755200	17.4	110350
116	-3579076800	20.2	110350
116	-3576398400	13.8	110350
116	-3573806400	10	110350
116	-3571128000	0.5	110350
116	-3568536000	-1.3	110350
116	-3565857600	-1.9	110350
116	-3563179200	-3.4	110350
116	-3560760000	2.9	110350
116	-3558081600	9.9	110350
116	-3555489600	14.1	110350
116	-3552811200	17.9	110350
116	-3550219200	21.4	110350
116	-3547540800	20.7	110350
116	-3544862400	16	110350
116	-3542270400	12.9	110350
116	-3539592000	2.1	110350
116	-3.537e+09	1.2	110350
116	-3534321600	-3.7	110350
116	-3531643200	-7.3	110350
116	-3529224000	2.2	110350
116	-3526545600	8.8	110350
116	-3523953600	13.1	110350
116	-3521275200	20.2	110350
116	-3518683200	19.3	110350
116	-3516004800	17.9	110350
116	-3513326400	17.1	110350
116	-3510734400	11.3	110350
116	-3508056000	-0.6	110350
116	-3505464000	0.4	110350
116	-3502785600	-0.9	110350
116	-3500107200	2.8	110350
116	-3497688000	7.4	110350
116	-3495009600	9.6	110350
116	-3492417600	14.8	110350
116	-3489739200	18.4	110350
116	-3487147200	23.4	110350
116	-3484468800	21.4	110350
116	-3481790400	14.3	110350
116	-3479198400	11.2	110350
116	-3476520000	2.9	110350
116	-3473928000	-3.4	110350
116	-3471249600	1	110350
116	-3468571200	-0.7	110350
116	-3466065600	2.3	110350
116	-3463387200	9	110350
116	-3460795200	15.5	110350
116	-3458116800	18.3	110350
116	-3455524800	17.1	110350
116	-3452846400	18.9	110350
116	-3450168000	15.7	110350
116	-3447576000	8.6	110350
116	-3444897600	2	110350
116	-3442305600	-1.3	110350
116	-3439627200	-4.7	110350
116	-3436948800	2.5	110350
116	-3434529600	5.2	110350
116	-3431851200	7.1	110350
116	-3429259200	11.8	110350
116	-3426580800	19	110350
116	-3423988800	19.8	110350
116	-3421310400	20.8	110350
116	-3418632000	16.1	110350
116	-3416040000	10.4	110350
116	-3413361600	3.6	110350
116	-3410769600	-2	110350
116	-3408091200	-3.2	110350
116	-3405412800	-0.5	110350
116	-3402993600	6.6	110350
116	-3400315200	12.3	110350
116	-3397723200	16	110350
116	-3395044800	17.4	110350
116	-3392452800	20.1	110350
116	-3389774400	18.1	110350
116	-3387096000	16.3	110350
116	-3384504000	11.4	110350
116	-3381825600	3.7	110350
116	-3379233600	-0.8	110350
116	-3376555200	2.8	110350
116	-3373876800	2.8	110350
116	-3371457600	6.4	110350
116	-3368779200	8.8	110350
116	-3366187200	16	110350
116	-3363508800	18.1	110350
116	-3360916800	19.3	110350
116	-3358238400	21.3	110350
116	-3355560000	16.3	110350
116	-3352968000	11.9	110350
116	-3350289600	4.9	110350
116	-3347697600	2	110350
116	-3345019200	-7	110350
116	-3342340800	-0.5	110350
116	-3339835200	5.7	110350
116	-3337156800	6.4	110350
116	-3334564800	11.7	110350
116	-3331886400	18	110350
116	-3329294400	17.8	110350
116	-3326616000	16.5	110350
116	-3323937600	15	110350
116	-3321345600	8.2	110350
116	-3318667200	2.9	110350
116	-3316075200	-3.8	110350
116	-3313396800	-0.4	110350
116	-3310718400	-5	110350
116	-3308299200	-0.3	110350
116	-3305620800	11.5	110350
116	-3303028800	17.9	110350
116	-3300350400	16	110350
116	-3297758400	22.1	110350
116	-3295080000	18.6	110350
116	-3292401600	15.9	110350
116	-3289809600	10.2	110350
116	-3287131200	5.1	110350
116	-3284539200	-0.5	110350
116	-3281860800	0.8	110350
116	-3279182400	3.5	110350
116	-3276763200	4.8	110350
116	-3274084800	11.7	110350
116	-3271492800	12.1	110350
116	-3268814400	20.3	110350
116	-3266222400	18.9	110350
116	-3263544000	17	110350
116	-3260865600	17	110350
116	-3258273600	7.9	110350
116	-3255595200	4.7	110350
116	-3253003200	-0.8	110350
116	-3250324800	-0.8	110350
116	-3247646400	4.4	110350
116	-3245227200	2.9	110350
116	-3242548800	10.1	110350
116	-3239956800	14	110350
116	-3237278400	17.6	110350
116	-3234686400	18.6	110350
116	-3232008000	20.1	110350
116	-3229329600	16.3	110350
116	-3226737600	8.9	110350
116	-3224059200	2.3	110350
116	-3221467200	-1.8	110350
116	-3218788800	-1.8	110350
116	-3216110400	3.7	110350
116	-3213604800	4.4	110350
116	-3210926400	9	110350
116	-3208334400	18	110350
116	-3205656000	19.7	110350
116	-3203064000	20.2	110350
116	-3200385600	20.2	110350
116	-3197707200	17.7	110350
116	-3195115200	11.7	110350
116	-3192436800	3.1	110350
116	-3189844800	3.6	110350
116	-3187166400	-1.8	110350
116	-3184488000	4.9	110350
116	-3182068800	2.9	110350
116	-3179390400	12.1	110350
116	-3176798400	17	110350
116	-3174120000	15.8	110350
116	-3171528000	21.3	110350
116	-3168849600	18	110350
116	-3166171200	16.6	110350
116	-3163579200	7.5	110350
116	-3160900800	4.5	110350
116	-3158308800	1.1	110350
116	-3155630400	-1.4	110350
116	-3152952000	-4.5	110350
116	-3150532800	1.4	110350
116	-3147854400	8.6	110350
116	-3145262400	15.8	110350
116	-3142584000	17.4	110350
116	-3139992000	20.4	110350
116	-3137313600	17.5	110350
116	-3134635200	13.4	110350
116	-3132043200	9.1	110350
116	-3129364800	5.7	110350
116	-3126772800	-4.2	110350
116	-3124094400	-4.5	110350
116	-3121416000	-1	110350
116	-3118996800	4.5	110350
116	-3116318400	9.1	110350
116	-3113726400	11.2	110350
116	-3111048000	14.9	110350
116	-3108456000	19.9	110350
116	-3105777600	19.3	110350
116	-3103099200	15.5	110350
116	-3100507200	7.3	110350
116	-3097828800	2.5	110350
116	-3095236800	-6.8	110350
116	-3092558400	-1.7	110350
116	-3089880000	0.4	110350
116	-3087374400	6.2	110350
116	-3084696000	11.8	110350
116	-3082104000	16.7	110350
116	-3079425600	17	110350
116	-3076833600	20.1	110350
116	-3074155200	17.2	110350
116	-3071476800	15.7	110350
116	-3068884800	12.1	110350
116	-3066206400	5.8	110350
116	-3063614400	3.3	110350
116	-3060936000	0.8	110350
116	-3058257600	-0.1	110350
116	-3055838400	6.6	110350
116	-3053160000	8.6	110350
116	-3050568000	11.2	110350
116	-3047889600	17.3	110350
116	-3045297600	21.6	110350
116	-3042619200	20.9	110350
116	-3039940800	13.6	110350
116	-3037348800	11.8	110350
116	-3034670400	5.2	110350
116	-3032078400	1.1	110350
116	-3029400000	-1.2	110350
116	-3026721600	-0.2	110350
116	-3024302400	3.6	110350
116	-3021624000	11.2	110350
116	-3019032000	10.4	110350
116	-3016353600	18.1	110350
116	-3013761600	22.2	110350
116	-3011083200	17.5	110350
116	-3008404800	16.9	110350
116	-3005812800	9.8	110350
116	-3003134400	0.8	110350
116	-3000542400	-1.1	110350
116	-2997864000	-0.6	110350
116	-2995185600	-5.1	110350
116	-2992766400	-0.5	110350
116	-2990088000	8.3	110350
116	-2987496000	15.4	110350
116	-2984817600	20.3	110350
116	-2982225600	19.6	110350
116	-2979547200	19.9	110350
116	-2976868800	13.8	110350
116	-2974276800	7.3	110350
116	-2971598400	2.8	110350
116	-2969006400	-2.5	110350
116	-2966328000	-5.3	110350
116	-2963649600	-0.9	110350
116	-2961144000	5.2	110350
116	-2958465600	11.6	110350
116	-2955873600	10.5	110350
116	-2953195200	18.4	110350
116	-2950603200	19.7	110350
116	-2947924800	19.5	110350
116	-2945246400	13.8	110350
116	-2942654400	10.3	110350
116	-2939976000	0.1	110350
116	-2937384000	1.8	110350
116	-2934705600	1	110350
116	-2932027200	2.2	110350
116	-2929608000	3.3	110350
116	-2926929600	7.7	110350
116	-2924337600	11.7	110350
116	-2921659200	19.8	110350
116	-2919067200	19	110350
116	-2916388800	20.7	110350
116	-2913710400	12.1	110350
116	-2911118400	7.6	110350
116	-2908440000	4.6	110350
116	-2905848000	-0.4	110350
116	-2903169600	-1.8	110350
116	-2900491200	2.5	110350
116	-2898072000	4.1	110350
116	-2895393600	10.1	110350
116	-2892801600	14.4	110350
116	-2890123200	17.6	110350
116	-2887531200	18.4	110350
116	-2884852800	18.5	110350
116	-2882174400	15.8	110350
116	-2879582400	10.5	110350
116	-2876904000	3.8	110350
116	-2874312000	-2.1	110350
116	-2871633600	-2.5	110350
116	-2868955200	1	110350
116	-2866536000	3.1	110350
116	-2863857600	8.6	110350
116	-2861265600	12.3	110350
116	-2858587200	18.3	110350
116	-2855995200	17	110350
116	-2853316800	19.4	110350
116	-2850638400	15.5	110350
116	-2848046400	8.2	110350
116	-2845368000	0.8	110350
116	-2842776000	-7.6	110350
116	-2840097600	-2.6	110350
116	-2837419200	-1.8	110350
116	-2834913600	3.2	110350
116	-2832235200	11.3	110350
116	-2829643200	12.5	110350
116	-2826964800	17.3	110350
116	-2824372800	21	110350
116	-2821694400	17.1	110350
116	-2819016000	15	110350
116	-2816424000	9.2	110350
116	-2813745600	4.9	110350
116	-2811153600	3.8	110350
116	-2808475200	-5.1	110350
116	-2805796800	-0.9	110350
116	-2803377600	3.8	110350
116	-2800699200	6.5	110350
116	-2798107200	13.4	110350
116	-2795428800	17.1	110350
116	-2792836800	21.1	110350
116	-2790158400	19	110350
116	-2787480000	12.8	110350
116	-2784888000	6.1	110350
116	-2782209600	2.9	110350
116	-2779617600	0.5	110350
116	-2776939200	0.2	110350
116	-2774260800	1.7	110350
116	-2771841600	8.8	110350
116	-2769163200	9.3	110350
116	-2766571200	14.7	110350
116	-2763892800	16	110350
116	-2761300800	19.7	110350
116	-2758622400	16.3	110350
116	-2755944000	14.8	110350
116	-2753352000	10.2	110350
116	-2750673600	4.7	110350
116	-2748081600	1.3	110350
116	-2745403200	-2.2	110350
116	-2742724800	1.2	110350
116	-2740305600	-0.1	110350
116	-2737627200	7	110350
116	-2735035200	14.7	110350
116	-2732356800	17.9	110350
116	-2729764800	19.1	110350
116	-2727086400	18.1	110350
116	-2724408000	14.4	110350
116	-2721816000	9.6	110350
116	-2719137600	3.7	110350
116	-2716545600	0.7	110350
116	-2713867200	2	110350
116	-2711188800	1.3	110350
116	-2708683200	5	110350
116	-2706004800	7.4	110350
116	-2703412800	15	110350
116	-2700734400	14.7	110350
116	-2698142400	20.3	110350
116	-2695464000	17.8	110350
116	-2692785600	14.7	110350
116	-2690193600	8.7	110350
116	-2687515200	2	110350
116	-2684923200	1.6	110350
116	-2682244800	-4.2	110350
116	-2679566400	1.3	110350
116	-2677147200	4.7	110350
116	-2674468800	11.6	110350
116	-2671876800	12.2	110350
116	-2669198400	19.3	110350
116	-2666606400	20.1	110350
116	-2663928000	16.9	110350
116	-2661249600	14.7	110350
116	-2658657600	9.3	110350
116	-2655979200	4	110350
116	-2653387200	-1.1	110350
116	-2650708800	-1.9	110350
116	-2648030400	-2.6	110350
116	-2645611200	0.5	110350
116	-2642932800	10.5	110350
116	-2640340800	14.2	110350
116	-2637662400	15.8	110350
116	-2635070400	19.1	110350
116	-2632392000	19.2	110350
116	-2629713600	16.5	110350
116	-2627121600	10.8	110350
116	-2624443200	5.1	110350
116	-2621851200	1.2	110350
116	-2619172800	-4	110350
116	-2616494400	-2	110350
116	-2614075200	2	110350
116	-2611396800	9.4	110350
116	-2608804800	12.5	110350
116	-2606126400	16.7	110350
116	-2603534400	21.9	110350
116	-2600856000	18.3	110350
116	-2598177600	15.4	110350
116	-2595585600	6.8	110350
116	-2592907200	4.2	110350
116	-2590315200	-1.3	110350
116	-2587636800	-3	110350
116	-2584958400	-3.5	110350
116	-2582452800	3.2	110350
116	-2579774400	7.9	110350
116	-2577182400	15.1	110350
116	-2574504000	17.6	110350
116	-2571912000	17.7	110350
116	-2569233600	17.7	110350
116	-2566555200	14.3	110350
116	-2563963200	7.7	110350
116	-2561284800	1.6	110350
116	-2558692800	0.1	110350
116	-2556014400	-2.9	110350
116	-2553336000	-1.2	110350
116	-2550916800	1	110350
116	-2548238400	9.1	110350
116	-2545646400	17.5	110350
116	-2542968000	19.9	110350
116	-2540376000	19.3	110350
116	-2537697600	17.6	110350
116	-2535019200	11.9	110350
116	-2532427200	10.6	110350
116	-2529748800	2.9	110350
116	-2527156800	-4.1	110350
116	-2524478400	0.9	110350
116	-2521800000	-2.5	110350
116	-2519380800	5.8	110350
116	-2516702400	8.9	110350
116	-2514110400	15.4	110350
116	-2511432000	15.8	110350
116	-2508840000	18.6	110350
116	-2506161600	20.4	110350
116	-2503483200	13.7	110350
116	-2500891200	8.5	110350
116	-2498212800	3.7	110350
116	-2495620800	-5.5	110350
116	-2492942400	-6.4	110350
116	-2490264000	-2.5	110350
116	-2487844800	4.1	110350
116	-2485166400	7	110350
116	-2482574400	16.1	110350
116	-2479896000	17.1	110350
116	-2477304000	18.4	110350
116	-2474625600	17.1	110350
116	-2471947200	15.2	110350
116	-2469355200	11.3	110350
116	-2466676800	2.6	110350
116	-2464084800	1.3	110350
116	-2461406400	-1.4	110350
116	-2458728000	0.6	110350
116	-2456222400	1.5	110350
116	-2453544000	9.8	110350
116	-2450952000	13.9	110350
116	-2448273600	17.2	110350
116	-2445681600	18.6	110350
116	-2443003200	20.9	110350
116	-2440324800	15.6	110350
116	-2437732800	8.8	110350
116	-2435054400	1.5	110350
116	-2432462400	-2	110350
116	-2429784000	-8.1	110350
116	-2427105600	2	110350
116	-2424686400	5.4	110350
116	-2422008000	9.6	110350
116	-2419416000	13.6	110350
116	-2416737600	17.2	110350
116	-2414145600	19.2	110350
116	-2411467200	18.8	110350
116	-2408788800	14.8	110350
116	-2406196800	10.6	110350
116	-2403518400	2.5	110350
116	-2400926400	0.4	110350
116	-2398248000	-4.3	110350
116	-2395569600	2.4	110350
116	-2393150400	5.9	110350
116	-2390472000	12.5	110350
116	-2387880000	14.6	110350
116	-2385201600	15.9	110350
116	-2382609600	20.5	110350
116	-2379931200	17.9	110350
116	-2377252800	13	110350
116	-2374660800	9.8	110350
116	-2371982400	4.2	110350
116	-2369390400	-0.3	110350
116	-2366712000	-3	110350
116	-2364033600	-5.6	110350
116	-2361614400	2.2	110350
116	-2358936000	8.9	110350
116	-2356344000	13.4	110350
116	-2353665600	17.2	110350
116	-2351073600	20.4	110350
116	-2348395200	17.9	110350
116	-2345716800	15.8	110350
116	-2343124800	8.5	110350
116	-2340446400	5.1	110350
116	-2337854400	-0.5	110350
116	-2335176000	-4.9	110350
116	-2332497600	-0.5	110350
116	-2329992000	5.8	110350
116	-2327313600	7.1	110350
116	-2324721600	12.4	110350
116	-2322043200	17.9	110350
116	-2319451200	19.6	110350
116	-2316772800	16	110350
116	-2314094400	14.5	110350
116	-2311502400	11.2	110350
116	-2308824000	2.9	110350
116	-2306232000	-0.2	110350
116	-2303553600	-1.5	110350
116	-2300875200	1.9	110350
116	-2298456000	6.8	110350
116	-2295777600	9.2	110350
116	-2293185600	12.4	110350
116	-2290507200	18.5	110350
116	-2287915200	19.2	110350
116	-2285236800	18.6	110350
116	-2282558400	14.5	110350
116	-2279966400	8	110350
116	-2277288000	2	110350
116	-2274696000	-0.5	110350
116	-2272017600	0.2	110350
116	-2269339200	2	110350
116	-2266920000	5.4	110350
116	-2264241600	10.6	110350
116	-2261649600	14.1	110350
116	-2258971200	16.6	110350
116	-2256379200	17.8	110350
116	-2253700800	19.2	110350
116	-2251022400	14.7	110350
116	-2248430400	10.1	110350
116	-2245752000	5.9	110350
116	-2243160000	2.4	110350
116	-2240481600	2.1	110350
116	-2237803200	0.5	110350
116	-2235384000	3.7	110350
116	-2232705600	9.5	110350
116	-2230113600	13.2	110350
116	-2227435200	16.6	110350
116	-2224843200	19.3	110350
116	-2222164800	18	110350
116	-2219486400	14.2	110350
116	-2216894400	7.8	110350
116	-2214216000	6.2	110350
116	-2211624000	-4.7	110350
116	-2208945600	0.1	110350
116	-2206267200	3.2	110350
116	-2203848000	0.9	110350
116	-2201169600	8	110350
116	-2198577600	12.4	110350
116	-2195899200	17.5	110350
116	-2193307200	20.5	110350
116	-2190628800	17.7	110350
116	-2187950400	15.6	110350
116	-2185358400	9.6	110350
116	-2182680000	6.4	110350
116	-2180088000	1.4	110350
116	-2177409600	-4.8	110350
116	-2174731200	-3.9	110350
116	-2172312000	3.4	110350
116	-2169633600	9.9	110350
116	-2167041600	14.9	110350
116	-2164363200	18.7	110350
116	-2161771200	20.7	110350
116	-2159092800	18.6	110350
116	-2156414400	13.6	110350
116	-2153822400	10.8	110350
116	-2151144000	3	110350
116	-2148552000	3	110350
116	-2145873600	3	110350
116	-2143195200	-0.5	110350
116	-2140776000	4.2	110350
116	-2138097600	8.6	110350
116	-2135505600	10.3	110350
116	-2132827200	16.1	110350
116	-2130235200	17.7	110350
116	-2127556800	17.6	110350
116	-2124878400	13.5	110350
116	-2122286400	8.2	110350
116	-2119608000	0.4	110350
116	-2117016000	-3.1	110350
116	-2114337600	-2.7	110350
116	-2111659200	4.1	110350
116	-2109240000	6.8	110350
116	-2106561600	6.4	110350
116	-2103969600	14.3	110350
116	-2101291200	16.5	110350
116	-2098699200	18.4	110350
116	-2096020800	17.7	110350
116	-2093342400	14	110350
116	-2090750400	10.2	110350
116	-2088072000	5.4	110350
116	-2085480000	0.1	110350
116	-2082801600	-2.3	110350
116	-2080123200	2	110350
116	-2077617600	4.1	110350
116	-2074939200	9.8	110350
116	-2072347200	13.8	110350
116	-2069668800	17.7	110350
116	-2067076800	21.5	110350
116	-2064398400	19.4	110350
116	-2061720000	12.8	110350
116	-2059128000	9.1	110350
116	-2056449600	3.2	110350
116	-2053857600	1.5	110350
116	-2051179200	-3	110350
116	-2048500800	1.1	110350
116	-2046081600	5.5	110350
116	-2043403200	7.2	110350
116	-2040811200	13.9	110350
116	-2038132800	18.6	110350
116	-2035540800	20.8	110350
116	-2032862400	18.9	110350
116	-2030184000	15.5	110350
116	-2027592000	5.4	110350
116	-2024913600	4.5	110350
116	-2022321600	1.6	110350
116	-2019643200	0.1	110350
116	-2016964800	0.2	110350
116	-2014545600	4.5	110350
116	-2011867200	10.1	110350
116	-2009275200	14.8	110350
116	-2006596800	16.3	110350
116	-2004004800	19	110350
116	-2001326400	17.7	110350
116	-1998648000	13.2	110350
116	-1996056000	9	110350
116	-1993377600	7.1	110350
116	-1990785600	-1.5	110350
116	-1988107200	-1	110350
116	-1985428800	-1.4	110350
116	-1983009600	2.9	110350
116	-1980331200	6.7	110350
116	-1977739200	15.7	110350
116	-1975060800	17.8	110350
116	-1972468800	17.4	110350
116	-1969790400	18.2	110350
116	-1967112000	14.3	110350
116	-1964520000	13.2	110350
116	-1961841600	2.5	110350
116	-1959249600	2.1	110350
116	-1956571200	-2.5	110350
116	-1953892800	1.8	110350
116	-1951387200	3.4	110350
116	-1948708800	7.8	110350
116	-1946116800	16.5	110350
116	-1943438400	19.5	110350
116	-1940846400	19.1	110350
116	-1938168000	16.6	110350
116	-1935489600	12.7	110350
116	-1932897600	8.7	110350
116	-1930219200	0.4	110350
116	-1927627200	-1.6	110350
116	-1924948800	-2.3	110350
116	-1922270400	-2.7	110350
116	-1919851200	2.7	110350
116	-1917172800	9.8	110350
116	-1914580800	12.3	110350
116	-1911902400	16.4	110350
116	-1909310400	17.5	110350
116	-1906632000	18.4	110350
116	-1903953600	14.4	110350
116	-1901361600	10.8	110350
116	-1898683200	3.2	110350
116	-1896091200	1.6	110350
116	-1893412800	0.6	110350
116	-1890734400	2.7	110350
116	-1888315200	5	110350
116	-1885636800	8.5	110350
116	-1883044800	13.3	110350
116	-1880366400	17.7	110350
116	-1877774400	17.6	110350
116	-1875096000	17.4	110350
116	-1872417600	12.5	110350
116	-1869825600	9.4	110350
116	-1867147200	3.4	110350
116	-1864555200	3.5	110350
116	-1861876800	-1.2	110350
116	-1859198400	0.3	110350
116	-1856779200	4.9	110350
116	-1854100800	9	110350
116	-1851508800	13.6	110350
116	-1848830400	16.4	110350
116	-1846238400	21	110350
116	-1843560000	20.2	110350
116	-1840881600	15.3	110350
116	-1838289600	9	110350
116	-1835611200	5.7	110350
116	-1833019200	2.6	110350
116	-1830340800	-3	110350
116	-1827662400	2.5	110350
116	-1825156800	7.1	110350
116	-1822478400	7.8	110350
116	-1819886400	13.6	110350
116	-1817208000	17.8	110350
116	-1814616000	18.7	110350
116	-1811937600	16.1	110350
116	-1809259200	10	110350
116	-1806667200	6.8	110350
116	-1803988800	1.9	110350
116	-1801396800	2.7	110350
116	-1798718400	-2.1	110350
116	-1796040000	0.1	110350
116	-1793620800	6.9	110350
116	-1790942400	9.2	110350
116	-1788350400	13.2	110350
116	-1785672000	16.8	110350
116	-1783080000	16	110350
116	-1780401600	16.7	110350
116	-1777723200	13.8	110350
116	-1775131200	9.5	110350
116	-1772452800	6.5	110350
116	-1769860800	2.8	110350
116	-1767182400	-4.8	110350
116	-1764504000	-1.7	110350
116	-1762084800	5.7	110350
116	-1759406400	11.1	110350
116	-1756814400	13.4	110350
116	-1754136000	16.7	110350
116	-1751544000	18.1	110350
116	-1748865600	18.1	110350
116	-1746187200	13.7	110350
116	-1743595200	8.7	110350
116	-1740916800	3.4	110350
116	-1738324800	1.9	110350
116	-1735646400	1.3	110350
116	-1732968000	0.6	110350
116	-1730548800	2.7	110350
116	-1727870400	9.3	110350
116	-1725278400	14.7	110350
116	-1722600000	18.9	110350
116	-1720008000	18.3	110350
116	-1717329600	16.2	110350
116	-1714651200	12.4	110350
116	-1712059200	7.5	110350
116	-1709380800	2.2	110350
116	-1706788800	4.6	110350
116	-1704110400	4.5	110350
116	-1701432000	0.8	110350
116	-1698926400	7.3	110350
116	-1696248000	9.4	110350
116	-1693656000	14.6	110350
116	-1690977600	15.5	110350
116	-1688385600	18.7	110350
116	-1685707200	17.4	110350
116	-1683028800	12.8	110350
116	-1680436800	9.1	110350
116	-1677758400	5.9	110350
116	-1675166400	4	110350
116	-1672488000	-2	110350
116	-1669809600	-4.2	110350
116	-1667390400	1.8	110350
116	-1664712000	6.2	110350
116	-1662120000	15.5	110350
116	-1659441600	19.6	110350
116	-1656849600	20.5	110350
116	-1654171200	19.2	110350
116	-1651492800	16.3	110350
116	-1648900800	8.9	110350
116	-1646222400	5.3	110350
116	-1643630400	-1.4	110350
116	-1640952000	-0.3	110350
116	-1638273600	1.3	110350
116	-1635854400	5.2	110350
116	-1633176000	11.6	110350
116	-1630584000	15.1	110350
116	-1627905600	15.2	110350
116	-1625313600	18.2	110350
116	-1622635200	17.5	110350
116	-1619956800	14.6	110350
116	-1617364800	9.2	110350
116	-1614686400	3	110350
116	-1612094400	2.9	110350
116	-1609416000	1.2	110350
116	-1606737600	-0.3	110350
116	-1604318400	4.5	110350
116	-1601640000	7.4	110350
116	-1599048000	11	110350
116	-1596369600	16.7	110350
116	-1593777600	16.8	110350
116	-1591099200	18.1	110350
116	-1588420800	16	110350
116	-1585828800	7.6	110350
116	-1583150400	2.3	110350
116	-1580558400	1.7	110350
116	-1577880000	2.6	110350
116	-1575201600	3	110350
116	-1572696000	7	110350
116	-1570017600	12	110350
116	-1567425600	15.7	110350
116	-1564747200	15.8	110350
116	-1562155200	19.2	110350
116	-1559476800	16.5	110350
116	-1556798400	14.3	110350
116	-1554206400	6.7	110350
116	-1551528000	-0.3	110350
116	-1548936000	0.9	110350
116	-1546257600	4.6	110350
116	-1543579200	1.2	110350
116	-1541160000	6.2	110350
116	-1538481600	8.3	110350
116	-1535889600	15.8	110350
116	-1533211200	16.4	110350
116	-1530619200	20.6	110350
116	-1527940800	19.5	110350
116	-1525262400	14.4	110350
116	-1522670400	11	110350
116	-1519992000	1.4	110350
116	-1517400000	0.4	110350
116	-1514721600	-2.5	110350
116	-1512043200	-2.3	110350
116	-1509624000	5.5	110350
116	-1506945600	7.7	110350
116	-1504353600	15	110350
116	-1501675200	18.1	110350
116	-1499083200	18.8	110350
116	-1496404800	17.6	110350
116	-1493726400	12.1	110350
116	-1491134400	6.4	110350
116	-1488456000	2.8	110350
116	-1485864000	1.2	110350
116	-1483185600	1.5	110350
116	-1480507200	0.4	110350
116	-1478088000	5.3	110350
116	-1475409600	7.7	110350
116	-1472817600	14.9	110350
116	-1470139200	14	110350
116	-1467547200	20.5	110350
116	-1464868800	18.1	110350
116	-1462190400	14.1	110350
116	-1459598400	11.2	110350
116	-1456920000	5	110350
116	-1454328000	-0.6	110350
116	-1451649600	-2.8	110350
116	-1448971200	-2.6	110350
116	-1446465600	2.9	110350
116	-1443787200	8.1	110350
116	-1441195200	15.5	110350
116	-1438516800	16.7	110350
116	-1435924800	18.9	110350
116	-1433246400	16.2	110350
116	-1430568000	14.9	110350
116	-1427976000	9.6	110350
116	-1425297600	2.9	110350
116	-1422705600	-0.1	110350
116	-1420027200	1.4	110350
116	-1417348800	3.9	110350
116	-1414929600	2.8	110350
116	-1412251200	9.7	110350
116	-1409659200	15.2	110350
116	-1406980800	16.2	110350
116	-1404388800	19	110350
116	-1401710400	17.7	110350
116	-1399032000	12.8	110350
116	-1396440000	9.1	110350
116	-1393761600	3.9	110350
116	-1391169600	-0.3	110350
116	-1388491200	-1.1	110350
116	-1385812800	4	110350
116	-1383393600	4.6	110350
116	-1380715200	10.7	110350
116	-1378123200	13	110350
116	-1375444800	15.3	110350
116	-1372852800	18.3	110350
116	-1370174400	17.1	110350
116	-1367496000	15.2	110350
116	-1364904000	9.6	110350
116	-1362225600	8.9	110350
116	-1359633600	1	110350
116	-1356955200	1.5	110350
116	-1354276800	0.3	110350
116	-1351857600	7	110350
116	-1349179200	9.4	110350
116	-1346587200	12.9	110350
116	-1343908800	17.7	110350
116	-1341316800	19.7	110350
116	-1338638400	18.8	110350
116	-1335960000	15.2	110350
116	-1333368000	9.3	110350
116	-1330689600	4.3	110350
116	-1328097600	-3.4	110350
116	-1325419200	0.5	110350
116	-1322740800	1.8	110350
116	-1320235200	2.4	110350
116	-1317556800	9.7	110350
116	-1314964800	11.4	110350
116	-1312286400	16.5	110350
116	-1309694400	21.7	110350
116	-1307016000	19.2	110350
116	-1304337600	14.5	110350
116	-1301745600	9.7	110350
116	-1299067200	7.3	110350
116	-1296475200	-0.3	110350
116	-1293796800	-5	110350
116	-1291118400	-10.2	110350
116	-1288699200	2.3	110350
116	-1286020800	6	110350
116	-1283428800	14.8	110350
116	-1280750400	17.1	110350
116	-1278158400	19.9	110350
116	-1275480000	19.1	110350
116	-1272801600	16.1	110350
116	-1270209600	10.8	110350
116	-1267531200	6	110350
116	-1264939200	2.6	110350
116	-1262260800	0	110350
116	-1259582400	-0.8	110350
116	-1257163200	6.1	110350
116	-1254484800	10.1	110350
116	-1251892800	13.8	110350
116	-1249214400	20.6	110350
116	-1246622400	19.3	110350
116	-1243944000	17.7	110350
116	-1241265600	15.2	110350
116	-1238673600	9.7	110350
116	-1235995200	6.6	110350
116	-1233403200	0.3	110350
116	-1230724800	0.2	110350
116	-1228046400	-0.8	110350
116	-1225627200	1.1	110350
116	-1222948800	7	110350
116	-1220356800	17.6	110350
116	-1217678400	19.3	110350
116	-1215086400	20.2	110350
116	-1212408000	17.2	110350
116	-1209729600	11.1	110350
116	-1207137600	8	110350
116	-1204459200	3.4	110350
116	-1201867200	0.3	110350
116	-1199188800	0.3	110350
116	-1196510400	-3.3	110350
116	-1194004800	0.7	110350
116	-1191326400	9.6	110350
116	-1188734400	14.9	110350
116	-1186056000	16.7	110350
116	-1183464000	20.9	110350
116	-1180785600	20.3	110350
116	-1178107200	18.2	110350
116	-1175515200	10.2	110350
116	-1172836800	4.3	110350
116	-1170244800	-0.2	110350
116	-1167566400	-4	110350
116	-1164888000	1	110350
116	-1162468800	4.8	110350
116	-1159790400	8.1	110350
116	-1157198400	13.4	110350
116	-1154520000	15.8	110350
116	-1151928000	19.7	110350
116	-1149249600	19.1	110350
116	-1146571200	14.1	110350
116	-1143979200	9.3	110350
116	-1141300800	3.6	110350
116	-1138708800	-4.6	110350
116	-1136030400	-0.9	110350
116	-1133352000	1	110350
116	-1130932800	6.8	110350
116	-1128254400	12.2	110350
116	-1125662400	16	110350
116	-1122984000	17.6	110350
116	-1120392000	21.4	110350
116	-1117713600	19	110350
116	-1115035200	16	110350
116	-1112443200	9.7	110350
116	-1109764800	5.9	110350
116	-1107172800	5.3	110350
116	-1104494400	-2.7	110350
116	-1101816000	1.1	110350
116	-1099396800	2.7	110350
116	-1096718400	8.9	110350
116	-1094126400	12.3	110350
116	-1091448000	19.5	110350
116	-1088856000	20	110350
116	-1086177600	18.2	110350
116	-1083499200	15	110350
116	-1080907200	10.9	110350
116	-1078228800	5.1	110350
116	-1075636800	0.6	110350
116	-1072958400	2.5	110350
116	-1070280000	1.1	110350
116	-1067774400	6.1	110350
116	-1065096000	9.6	110350
116	-1062504000	14.7	110350
116	-1059825600	17.8	110350
116	-1057233600	20	110350
116	-1054555200	17.3	110350
116	-1051876800	14.2	110350
116	-1049284800	6.6	110350
116	-1046606400	3.7	110350
116	-1044014400	1.1	110350
116	-1041336000	-3.1	110350
116	-1038657600	1.7	110350
116	-1036238400	5.5	110350
116	-1033560000	9.1	110350
116	-1030968000	16.6	110350
116	-1028289600	18.9	110350
116	-1025697600	19.4	110350
116	-1023019200	18.3	110350
116	-1020340800	14.3	110350
116	-1017748800	10.5	110350
116	-1015070400	4.5	110350
116	-1012478400	0.2	110350
116	-1009800000	0.6	110350
116	-1007121600	1.3	110350
116	-1004702400	8.6	110350
116	-1002024000	6.4	110350
116	-999432000	12.6	110350
116	-996753600	19	110350
116	-994161600	19.5	110350
116	-991483200	18.7	110350
116	-988804800	13.8	110350
116	-986212800	10.3	110350
116	-983534400	6.5	110350
116	-980942400	-1.8	110350
116	-978264000	0.9	110350
116	-975585600	2.7	110350
116	-973166400	2.1	110350
116	-970488000	12.2	110350
116	-967896000	12.7	110350
116	-965217600	17.8	110350
116	-962625600	19.6	110350
116	-959947200	18.9	110350
116	-957268800	14.1	110350
116	-954676800	7.6	110350
116	-951998400	5.2	110350
116	-949406400	-0.8	110350
116	-946728000	-8.7	110350
116	-944049600	-6.8	110350
116	-941544000	2	110350
116	-938865600	9.4	110350
116	-936273600	12.4	110350
116	-933595200	17.8	110350
116	-931003200	18.2	110350
116	-928324800	15.8	110350
116	-925646400	14.1	110350
116	-923054400	8.8	110350
116	-920376000	6.3	110350
116	-917784000	-3.1	110350
116	-915105600	-4.6	110350
116	-912427200	0.1	110350
116	-910008000	4.8	110350
116	-907329600	7.6	110350
116	-904737600	11.4	110350
116	-902059200	17.1	110350
116	-899467200	18.4	110350
116	-896788800	17	110350
116	-894110400	12.6	110350
116	-891518400	8.5	110350
116	-888840000	0.9	110350
116	-886248000	1.8	110350
116	-883569600	-9.5	110350
116	-880891200	-4.3	110350
116	-878472000	1.5	110350
116	-875793600	8	110350
116	-873201600	14.5	110350
116	-870523200	16.6	110350
116	-867931200	18.2	110350
116	-865252800	18.9	110350
116	-862574400	17.9	110350
116	-859982400	11.7	110350
116	-857304000	3.4	110350
116	-854712000	1.8	110350
116	-852033600	-4	110350
116	-849355200	3.2	110350
116	-846936000	6.1	110350
116	-844257600	10.8	110350
116	-841665600	13.4	110350
116	-838987200	16	110350
116	-836395200	19.2	110350
116	-833716800	20.3	110350
116	-831038400	15.9	110350
116	-828446400	10.9	110350
116	-825768000	3.6	110350
116	-823176000	0.5	110350
116	-820497600	3.3	110350
116	-817819200	-1.1	110350
116	-815313600	1.4	110350
116	-812635200	9.9	110350
116	-810043200	12.7	110350
116	-807364800	16.4	110350
116	-804772800	18.8	110350
116	-802094400	20.6	110350
116	-799416000	14.5	110350
116	-796824000	10.1	110350
116	-794145600	4.1	110350
116	-791553600	-0.6	110350
116	-788875200	-5	110350
116	-786196800	2.7	110350
116	-783777600	6.5	110350
116	-781099200	10.5	110350
116	-778507200	15.8	110350
116	-775828800	19	110350
116	-773236800	21	110350
116	-770558400	19	110350
116	-767880000	15	110350
116	-765288000	9.9	110350
116	-762609600	4.3	110350
116	-760017600	1.7	110350
116	-757339200	-3.8	110350
116	-754660800	2.7	110350
116	-752241600	5.7	110350
116	-749563200	12.6	110350
116	-746971200	17	110350
116	-744292800	18.3	110350
116	-741700800	21.2	110350
116	-739022400	19.3	110350
116	-736344000	16.3	110350
116	-733752000	6.7	110350
116	-731073600	3.8	110350
116	-728481600	-1.7	110350
116	-725803200	-6.1	110350
116	-723124800	-5.5	110350
116	-720705600	3.9	110350
116	-718027200	11.8	110350
116	-715435200	15.8	110350
116	-712756800	19.4	110350
116	-710164800	21.5	110350
116	-707486400	19.4	110350
116	-704808000	18.3	110350
116	-702216000	7.9	110350
116	-699537600	7.1	110350
116	-696945600	2.4	110350
116	-694267200	2.6	110350
116	-691588800	0.3	110350
116	-689083200	6.4	110350
116	-686404800	11.7	110350
116	-683812800	16.7	110350
116	-681134400	17.2	110350
116	-678542400	17.8	110350
116	-675864000	18.7	110350
116	-673185600	15.6	110350
116	-670593600	10	110350
116	-667915200	4.2	110350
116	-665323200	-1.7	110350
116	-662644800	1.3	110350
116	-659966400	2.2	110350
116	-657547200	2.5	110350
116	-654868800	11.7	110350
116	-652276800	14.8	110350
116	-649598400	16.3	110350
116	-647006400	19.6	110350
116	-644328000	18.1	110350
116	-641649600	16	110350
116	-639057600	10.5	110350
116	-636379200	5.3	110350
116	-633787200	3	110350
116	-631108800	-3.1	110350
116	-628430400	1.5	110350
116	-626011200	6.8	110350
116	-623332800	9.9	110350
116	-620740800	16.4	110350
116	-618062400	20.2	110350
116	-615470400	21.4	110350
116	-612792000	19.4	110350
116	-610113600	14.9	110350
116	-607521600	7.7	110350
116	-604843200	4.6	110350
116	-602251200	0.3	110350
116	-599572800	1.1	110350
116	-596894400	3	110350
116	-594475200	3.8	110350
116	-591796800	10	110350
116	-589204800	13.7	110350
116	-586526400	17.9	110350
116	-583934400	19.9	110350
116	-581256000	19.9	110350
116	-578577600	16.3	110350
116	-575985600	8.3	110350
116	-573307200	7.2	110350
116	-570715200	2	110350
116	-568036800	0.6	110350
116	-565358400	0.7	110350
116	-562852800	1.6	110350
116	-560174400	12.5	110350
116	-557582400	13.6	110350
116	-554904000	17.7	110350
116	-552312000	21.1	110350
116	-549633600	20.9	110350
116	-546955200	12.5	110350
116	-544363200	8.6	110350
116	-541684800	3.3	110350
116	-539092800	-0.9	110350
116	-536414400	-0.6	110350
116	-533736000	0.9	110350
116	-531316800	5.5	110350
116	-528638400	10.7	110350
116	-526046400	14.1	110350
116	-523368000	18.2	110350
116	-520776000	20.8	110350
116	-518097600	18.2	110350
116	-515419200	16	110350
116	-512827200	11.1	110350
116	-510148800	3.9	110350
116	-507556800	1.2	110350
116	-504878400	-4.6	110350
116	-502200000	-5.8	110350
116	-499780800	5.5	110350
116	-497102400	7.2	110350
116	-494510400	13.7	110350
116	-491832000	18.9	110350
116	-489240000	17.5	110350
116	-486561600	19	110350
116	-483883200	16.5	110350
116	-481291200	9.7	110350
116	-478612800	3.4	110350
116	-476020800	3.8	110350
116	-473342400	-2	110350
116	-470664000	-0.5	110350
116	-468244800	1.9	110350
116	-465566400	7.7	110350
116	-462974400	13.3	110350
116	-460296000	16.8	110350
116	-457704000	19.5	110350
116	-455025600	17.8	110350
116	-452347200	14.8	110350
116	-449755200	9.6	110350
116	-447076800	4.6	110350
116	-444484800	3.6	110350
116	-441806400	0.4	110350
116	-439128000	-8.8	110350
116	-436622400	1.9	110350
116	-433944000	8.8	110350
116	-431352000	14.3	110350
116	-428673600	16.4	110350
116	-426081600	20.1	110350
116	-423403200	18.3	110350
116	-420724800	16.1	110350
116	-418132800	9.4	110350
116	-415454400	2.1	110350
116	-412862400	1	110350
116	-410184000	-1.3	110350
116	-407505600	3.6	110350
116	-405086400	6.9	110350
116	-402408000	9.5	110350
116	-399816000	12	110350
116	-397137600	20	110350
116	-394545600	20.3	110350
116	-391867200	17.5	110350
116	-389188800	13.5	110350
116	-386596800	9.3	110350
116	-383918400	5.7	110350
116	-381326400	1.4	110350
116	-378648000	-0.2	110350
116	-375969600	3	110350
116	-373550400	0	110350
116	-370872000	7.3	110350
116	-368280000	17.7	110350
116	-365601600	16.9	110350
116	-363009600	20	110350
116	-360331200	18.9	110350
116	-357652800	15.2	110350
116	-355060800	10.4	110350
116	-352382400	5.5	110350
116	-349790400	2.4	110350
116	-347112000	0.1	110350
116	-344433600	-0.3	110350
116	-342014400	7.2	110350
116	-339336000	10.6	110350
116	-336744000	14.3	110350
116	-334065600	17.4	110350
116	-331473600	20.2	110350
116	-328795200	18.5	110350
116	-326116800	13.6	110350
116	-323524800	9.2	110350
116	-320846400	4.7	110350
116	-318254400	3	110350
116	-315576000	-1.3	110350
116	-312897600	-0.2	110350
116	-310392000	5	110350
116	-307713600	9.8	110350
116	-305121600	13.7	110350
116	-302443200	17.9	110350
116	-299851200	17.9	110350
116	-297172800	18.6	110350
116	-294494400	13.6	110350
116	-291902400	10.8	110350
116	-289224000	6.8	110350
116	-286632000	2.1	110350
116	-283953600	-2.5	110350
116	-281275200	3.4	110350
116	-278856000	8.3	110350
116	-276177600	12.8	110350
116	-273585600	12.8	110350
116	-270907200	18.9	110350
116	-268315200	18.3	110350
116	-265636800	19.1	110350
116	-262958400	17.2	110350
116	-260366400	11.3	110350
116	-257688000	4.2	110350
116	-255096000	-1.2	110350
116	-252417600	0.7	110350
116	-249739200	0.4	110350
116	-247320000	1.3	110350
116	-244641600	11	110350
116	-242049600	12.3	110350
116	-239371200	15.9	110350
116	-236779200	18.1	110350
116	-234100800	20.3	110350
116	-231422400	13.9	110350
116	-228830400	9.7	110350
116	-226152000	3.7	110350
116	-223560000	-3.4	110350
116	-220881600	-6.4	110350
116	-218203200	-4.9	110350
116	-215784000	2.6	110350
116	-213105600	10.7	110350
116	-210513600	14.4	110350
116	-207835200	18.5	110350
116	-205243200	21.2	110350
116	-202564800	19.2	110350
116	-199886400	15.9	110350
116	-197294400	9.6	110350
116	-194616000	7.6	110350
116	-192024000	-4.5	110350
116	-189345600	-5.1	110350
116	-186667200	0	110350
116	-184161600	0.7	110350
116	-181483200	11.3	110350
116	-178891200	14.5	110350
116	-176212800	19.9	110350
116	-173620800	20.7	110350
116	-170942400	18	110350
116	-168264000	15.4	110350
116	-165672000	8.7	110350
116	-162993600	6.3	110350
116	-160401600	-0.6	110350
116	-157723200	0.4	110350
116	-155044800	-2.5	110350
116	-152625600	3.9	110350
116	-149947200	8.7	110350
116	-147355200	12.8	110350
116	-144676800	17.6	110350
116	-142084800	18.3	110350
116	-139406400	16.9	110350
116	-136728000	15.1	110350
116	-134136000	8.2	110350
116	-131457600	2.2	110350
116	-128865600	2.8	110350
116	-126187200	-3.7	110350
116	-123508800	6.4	110350
116	-121089600	4.8	110350
116	-118411200	11.6	110350
116	-115819200	14.6	110350
116	-113140800	18.1	110350
116	-110548800	18.5	110350
116	-107870400	17.7	110350
116	-105192000	14.8	110350
116	-102600000	13.1	110350
116	-99921600	3.6	110350
116	-97329600	2.2	110350
116	-94651200	-0.7	110350
116	-91972800	2.6	110350
116	-89553600	6.7	110350
116	-86875200	9.4	110350
116	-84283200	14.6	110350
116	-81604800	17.6	110350
116	-79012800	21.4	110350
116	-76334400	18.7	110350
116	-73656000	15.6	110350
116	-71064000	11.6	110350
116	-68385600	4.3	110350
116	-65793600	1.2	110350
116	-63115200	-1.5	110350
116	-60436800	1.7	110350
116	-57931200	6.1	110350
116	-55252800	11.4	110350
116	-52660800	14.7	110350
116	-49982400	18.8	110350
116	-47390400	19.3	110350
116	-44712000	17.6	110350
116	-42033600	14.6	110350
116	-39441600	10.1	110350
116	-36763200	5.5	110350
116	-34171200	-2.1	110350
116	-31492800	-2	110350
116	-28814400	-1	110350
116	-26395200	2.1	110350
116	-23716800	10.1	110350
116	-21124800	17.1	110350
116	-18446400	17	110350
116	-15854400	20.1	110350
116	-13176000	17.6	110350
116	-10497600	15.4	110350
116	-7905600	11.1	110350
116	-5227200	6.7	110350
116	-2635200	-3.7	110350
116	43200	-2.4	110350
116	2721600	-0.1	110350
116	5140800	3.3	110350
116	7819200	8.9	110350
116	10411200	12.7	110350
116	13089600	18.8	110350
116	15681600	19.3	110350
116	18360000	18.7	110350
116	21038400	14.6	110350
116	23630400	8.9	110350
116	26308800	7.1	110350
116	28900800	0.8	110350
116	31579200	-2.4	110350
116	34257600	2.4	110350
116	36676800	2.1	110350
116	39355200	10.5	110350
116	41947200	15.5	110350
116	44625600	16.6	110350
116	47217600	20	110350
116	49896000	20.8	110350
116	52574400	13.5	110350
116	55166400	9.3	110350
116	57844800	4.7	110350
116	60436800	3.7	110350
116	63115200	-2.4	110350
116	65793600	2.6	110350
116	68299200	7.2	110350
116	70977600	9.4	110350
116	73569600	14.1	110350
116	76248000	18.4	110350
116	78840000	19.9	110350
116	81518400	18.2	110350
116	84196800	12.6	110350
116	86788800	7.6	110350
116	89467200	5.2	110350
116	92059200	0.2	110350
116	94737600	-0.4	110350
116	97416000	1.9	110350
116	99835200	5.3	110350
116	102513600	8	110350
116	105105600	15.3	110350
116	107784000	17.7	110350
116	110376000	19.9	110350
116	113054400	19.8	110350
116	115732800	15.9	110350
116	118324800	8.4	110350
116	121003200	3.6	110350
116	123595200	1	110350
116	126273600	2	110350
116	128952000	4.5	110350
116	131371200	7.8	110350
116	134049600	9.7	110350
116	136641600	13.6	110350
116	139320000	16.1	110350
116	141912000	18.8	110350
116	144590400	20.8	110350
116	147268800	15.1	110350
116	149860800	6.7	110350
116	152539200	4.4	110350
116	155131200	4.8	110350
116	157809600	3.3	110350
116	160488000	0.9	110350
116	162907200	5.9	110350
116	165585600	9.3	110350
116	168177600	15.8	110350
116	170856000	17.1	110350
116	173448000	20	110350
116	176126400	19.2	110350
116	178804800	17.3	110350
116	181396800	9.2	110350
116	184075200	3.3	110350
116	186667200	1.1	110350
116	189345600	1.8	110350
116	192024000	0	110350
116	194529600	2.6	110350
116	197208000	10.2	110350
116	199800000	14.6	110350
116	202478400	18.8	110350
116	205070400	20.8	110350
116	207748800	16.6	110350
116	210427200	13.5	110350
116	213019200	10.5	110350
116	215697600	6.3	110350
116	218289600	0.4	110350
116	220968000	0	110350
116	223646400	3.3	110350
116	226065600	8.7	110350
116	228744000	8.6	110350
116	231336000	14.8	110350
116	234014400	19	110350
116	236606400	19.6	110350
116	239284800	18	110350
116	241963200	13.4	110350
116	244555200	10.8	110350
116	247233600	6.3	110350
116	249825600	0	110350
116	252504000	0.7	110350
116	255182400	-0.8	110350
116	257601600	6.7	110350
116	260280000	8.6	110350
116	262872000	13.1	110350
116	265550400	17.2	110350
116	268142400	18	110350
116	270820800	17.9	110350
116	273499200	14.7	110350
116	276091200	10.4	110350
116	278769600	2.4	110350
116	281361600	1	110350
116	284040000	-3.4	110350
116	286718400	0.9	110350
116	289137600	6.2	110350
116	291816000	8.3	110350
116	294408000	15.3	110350
116	297086400	19.7	110350
116	299678400	17.6	110350
116	302356800	18.2	110350
116	305035200	14.9	110350
116	307627200	8.2	110350
116	310305600	4.9	110350
116	312897600	4.7	110350
116	315576000	-3.3	110350
116	318254400	2.4	110350
116	320760000	4	110350
116	323438400	7.1	110350
116	326030400	12.3	110350
116	328708800	17.6	110350
116	331300800	18.4	110350
116	333979200	19	110350
116	336657600	14.5	110350
116	339249600	9.4	110350
116	341928000	3.3	110350
116	344520000	1.2	110350
116	347198400	-0.9	110350
116	349876800	1.6	110350
116	352296000	8.5	110350
116	354974400	9.7	110350
116	357566400	15	110350
116	360244800	18.9	110350
116	362836800	19.4	110350
116	365515200	19.5	110350
116	368193600	15.3	110350
116	370785600	10.3	110350
116	373464000	5.4	110350
116	376056000	-0.3	110350
116	378734400	-3.3	110350
116	381412800	-1.3	110350
116	383832000	6.1	110350
116	386510400	8.1	110350
116	389102400	15.2	110350
116	391780800	18.9	110350
116	394372800	20.5	110350
116	397051200	19.8	110350
116	399729600	17.8	110350
116	402321600	10.6	110350
116	4.05e+08	5.3	110350
116	407592000	2.7	110350
116	410270400	5	110350
116	412948800	-1.1	110350
116	415368000	6.6	110350
116	418046400	11.8	110350
116	420638400	15.7	110350
116	423316800	18.1	110350
116	425908800	23.2	110350
116	428587200	20.3	110350
116	431265600	15.7	110350
116	433857600	10.6	110350
116	436536000	2.9	110350
116	439128000	1	110350
116	441806400	1.3	110350
116	444484800	0.4	110350
116	446990400	4	110350
116	449668800	9	110350
116	452260800	13.5	110350
116	454939200	17.1	110350
116	457531200	18.1	110350
116	460209600	18.7	110350
116	462888000	14.5	110350
116	465480000	10.9	110350
116	468158400	5.5	110350
116	470750400	0.5	110350
116	473428800	-5.7	110350
116	476107200	-2.7	110350
116	478526400	3.8	110350
116	481204800	10.3	110350
116	483796800	15.9	110350
116	486475200	16.2	110350
116	489067200	20.7	110350
116	491745600	19.3	110350
116	494424000	15.7	110350
116	497016000	9.6	110350
116	499694400	2.1	110350
116	502286400	3.6	110350
116	504964800	0.5	110350
116	507643200	-5.1	110350
116	510062400	3.5	110350
116	512740800	11.4	110350
116	515332800	17	110350
116	518011200	18.1	110350
116	520603200	19.5	110350
116	523281600	19.8	110350
116	525960000	14.8	110350
116	528552000	10.3	110350
116	531230400	5.3	110350
116	533822400	0.5	110350
116	536500800	-4.6	110350
116	539179200	0.1	110350
116	541598400	0.1	110350
116	544276800	10.6	110350
116	546868800	13	110350
116	549547200	17.8	110350
116	552139200	20.8	110350
116	554817600	17.8	110350
116	557496000	17.6	110350
116	560088000	10.7	110350
116	562766400	5.4	110350
116	565358400	2.8	110350
116	568036800	2.8	110350
116	570715200	3.1	110350
116	573220800	3.9	110350
116	575899200	10	110350
116	578491200	16	110350
116	581169600	17.8	110350
116	583761600	21.2	110350
116	586440000	20	110350
116	589118400	15.1	110350
116	591710400	10.3	110350
116	594388800	1.6	110350
116	596980800	3.6	110350
116	599659200	1.1	110350
116	602337600	4.7	110350
116	604756800	8.5	110350
116	607435200	10.7	110350
116	610027200	14.7	110350
116	612705600	16.6	110350
116	615297600	20.6	110350
116	617976000	19.3	110350
116	620654400	15.4	110350
116	623246400	10.8	110350
116	625924800	3.4	110350
116	628516800	2	110350
116	631195200	0.4	110350
116	633873600	5.5	110350
116	636292800	9.3	110350
116	638971200	9.1	110350
116	641563200	16.1	110350
116	644241600	18.2	110350
116	646833600	19.7	110350
116	649512000	21	110350
116	652190400	13.6	110350
116	654782400	10.5	110350
116	657460800	6.2	110350
116	660052800	0.6	110350
116	662731200	1	110350
116	665409600	-2.3	110350
116	667828800	7	110350
116	670507200	9.1	110350
116	673099200	11.8	110350
116	675777600	17.6	110350
116	678369600	21.6	110350
116	681048000	20.1	110350
116	683726400	16.6	110350
116	686318400	9.1	110350
116	688996800	4.9	110350
116	691588800	-0.2	110350
116	694267200	2.2	110350
116	696945600	3.7	110350
116	699451200	5.9	110350
116	702129600	10.3	110350
116	704721600	15.4	110350
116	707400000	19.1	110350
116	709992000	21.4	110350
116	712670400	24.3	110350
116	715348800	15.9	110350
116	717940800	8.8	110350
116	720619200	5.5	110350
116	723211200	0.4	110350
116	725889600	2	110350
116	728568000	-1.2	110350
116	730987200	4.3	110350
116	733665600	10.8	110350
116	736257600	17.5	110350
116	738936000	18.8	110350
116	741528000	19.3	110350
116	744206400	19.7	110350
116	746884800	14.8	110350
116	749476800	10.3	110350
116	752155200	1.5	110350
116	754747200	2.9	110350
116	757425600	4.3	110350
116	760104000	1	110350
116	762523200	8.5	110350
116	765201600	10.3	110350
116	767793600	15.1	110350
116	770472000	19.2	110350
116	773064000	23.2	110350
116	775742400	21.3	110350
116	778420800	17.2	110350
116	781012800	8.2	110350
116	783691200	7.1	110350
116	786283200	2.4	110350
116	788961600	0.3	110350
116	791640000	5.8	110350
116	794059200	4.7	110350
116	796737600	10.8	110350
116	799329600	14.9	110350
116	802008000	17.4	110350
116	804600000	22.9	110350
116	807278400	19.6	110350
116	809956800	14.1	110350
116	812548800	11.3	110350
116	815227200	2.5	110350
116	817819200	-0.2	110350
116	820497600	-2.7	110350
116	823176000	-2.6	110350
116	825681600	2	110350
116	828360000	9.9	110350
116	830952000	15.6	110350
116	833630400	19.1	110350
116	836222400	18.6	110350
116	838900800	18.8	110350
116	841579200	12.3	110350
116	844171200	11	110350
116	846849600	6.9	110350
116	849441600	-2.3	110350
116	852120000	-2.4	110350
116	854798400	3.8	110350
116	857217600	5.7	110350
116	859896000	7.8	110350
116	862488000	15.9	110350
116	865166400	18.7	110350
116	867758400	19.2	110350
116	870436800	20.2	110350
116	873115200	15.4	110350
116	875707200	8.1	110350
116	878385600	5.4	110350
116	880977600	2.6	110350
116	883656000	2.2	110350
116	886334400	6.1	110350
116	888753600	5.3	110350
116	891432000	11.8	110350
116	894024000	15.7	110350
116	896702400	19.8	110350
116	899294400	20.3	110350
116	901972800	20.5	110350
116	904651200	14.5	110350
116	907243200	10.7	110350
116	909921600	2.7	110350
116	912513600	-0.7	110350
116	915192000	0.7	110350
116	917870400	1	110350
116	920289600	7.1	110350
116	922968000	11.7	110350
116	925560000	15.8	110350
116	928238400	18.1	110350
116	930830400	21.1	110350
116	933508800	19.1	110350
116	936187200	17.5	110350
116	938779200	10.7	110350
116	941457600	3.5	110350
116	944049600	1.6	110350
116	946728000	-0.7	110350
116	949406400	4.9	110350
116	951912000	6.4	110350
116	954590400	13.6	110350
116	957182400	17.4	110350
116	959860800	20.3	110350
116	962452800	18.9	110350
116	965131200	21.5	110350
116	967809600	15.2	110350
116	970401600	12.7	110350
116	973080000	7.6	110350
116	975672000	2.5	110350
116	978350400	0.5	110350
116	981028800	3.1	110350
116	983448000	7.1	110350
116	986126400	9.8	110350
116	988718400	17.2	110350
116	991396800	17.4	110350
116	993988800	20.9	110350
116	996667200	21.6	110350
116	999345600	13.6	110350
116	1001937600	13.1	110350
116	1004616000	4.2	110350
116	1007208000	-1.6	110350
116	1009886400	1.4	110350
116	1012564800	6.1	110350
116	1014984000	7.2	110350
116	1017662400	10.2	110350
116	1020254400	17.6	110350
116	1022932800	20.5	110350
116	1025524800	21.7	110350
116	1028203200	20.4	110350
116	1030881600	14.6	110350
116	1033473600	9.1	110350
116	1036152000	7.5	110350
116	1038744000	-0.5	110350
116	1041422400	-0.4	110350
116	1044100800	-1.7	110350
116	1046520000	6.4	110350
116	1049198400	10.1	110350
116	1051790400	17.8	110350
116	1054468800	22.5	110350
116	1057060800	21.7	110350
116	1059739200	23.5	110350
116	1062417600	15.8	110350
116	1065009600	7.9	110350
116	1067688000	6.7	110350
116	1070280000	1.1	110350
116	1072958400	-1.5	110350
116	1075636800	3.2	110350
116	1078142400	4.5	110350
116	1080820800	11.5	110350
116	1083412800	14.3	110350
116	1086091200	18.1	110350
116	1088683200	20.2	110350
116	1091361600	20.7	110350
116	1094040000	15.5	110350
116	1096632000	11.3	110350
116	1099310400	6.2	110350
116	1101902400	1.4	110350
116	1104580800	1.8	110350
116	1107259200	-1	110350
116	1109678400	4	110350
116	1112356800	11.3	110350
116	1114948800	15.9	110350
116	1117627200	19.2	110350
116	1120219200	20.8	110350
116	1122897600	18.7	110350
116	1125576000	16.5	110350
116	1128168000	10.7	110350
116	1130846400	4.2	110350
116	1133438400	0.5	110350
116	1136116800	-3.4	110350
116	1138795200	-0.6	110350
116	1141214400	3.5	110350
116	1143892800	11.7	110350
116	1146484800	14.9	110350
116	1149163200	19.4	110350
116	1151755200	23.9	110350
116	1154433600	17.7	110350
116	1157112000	17.5	110350
116	1159704000	12.3	110350
116	1162382400	7.8	110350
116	1164974400	3.5	110350
116	1167652800	6	110350
116	1170331200	5.2	110350
116	1172750400	7.7	110350
116	1175428800	13.2	110350
116	1178020800	16.8	110350
116	1180699200	21.1	110350
116	1183291200	22.1	110350
116	1185969600	20.5	110350
116	1188648000	13.6	110350
116	1191240000	9.1	110350
116	1193918400	3.7	110350
116	1196510400	0.8	110350
116	1199188800	3.3	110350
116	1201867200	4.4	110350
116	1204372800	6.4	110350
116	1207051200	11	110350
116	1209643200	16.2	110350
116	1212321600	20.4	110350
116	1214913600	20.5	110350
116	1217592000	20.1	110350
116	1220270400	14.5	110350
116	1222862400	10.6	110350
116	1225540800	7.2	110350
116	1228132800	2.5	110350
116	1230811200	-1.5	110350
116	1233489600	1.2	110350
116	1235908800	5.7	110350
116	1238587200	14.3	110350
116	1241179200	16.3	110350
116	1243857600	18.2	110350
116	1246449600	21.4	110350
116	1249128000	21	110350
116	1251806400	17.2	110350
116	1254398400	9.8	110350
116	1257076800	6.8	110350
116	1259668800	1.4	110350
116	1262347200	-1.9	110350
116	1265025600	0.8	110350
116	1267444800	6	110350
116	1270123200	10.8	110350
116	1272715200	14.6	110350
116	1275393600	19.2	110350
116	1277985600	22.3	110350
116	1280664000	19.4	110350
116	1283342400	14.2	110350
116	1285934400	7.8	110350
116	1288612800	7.5	110350
116	1291204800	-2.3	110350
117	-694267200	2.5	110360
117	-691588800	0.1	110360
117	-689083200	6	110360
117	-686404800	11.5	110360
117	-683812800	16.4	110360
117	-681134400	17.2	110360
117	-678542400	18	110360
117	-675864000	19.1	110360
117	-673185600	16.2	110360
117	-670593600	9.8	110360
117	-667915200	3.8	110360
117	-665323200	-2.7	110360
117	-662644800	1.3	110360
117	-659966400	2.1	110360
117	-657547200	2.5	110360
117	-654868800	11.6	110360
117	-652276800	14.7	110360
117	-649598400	16.3	110360
117	-647006400	19.5	110360
117	-644328000	18.8	110360
117	-641649600	16.6	110360
117	-639057600	10.7	110360
117	-636379200	5.1	110360
117	-633787200	2.6	110360
117	-631108800	-3.6	110360
117	-628430400	1.7	110360
117	-626011200	6.7	110360
117	-623332800	9.9	110360
117	-620740800	16	110360
117	-618062400	19.9	110360
117	-615470400	21.7	110360
117	-612792000	20.2	110360
117	-610113600	15.6	110360
117	-607521600	7.8	110360
117	-604843200	4.5	110360
117	-602251200	-0.1	110360
117	-599572800	1	110360
117	-596894400	3.5	110360
117	-594475200	4	110360
117	-591796800	9.8	110360
117	-589204800	13.8	110360
117	-586526400	17.8	110360
117	-583934400	19.6	110360
117	-581256000	20.4	110360
117	-578577600	16.7	110360
117	-575985600	8.1	110360
117	-573307200	6.7	110360
117	-570715200	1.6	110360
117	-568036800	0.3	110360
117	-565358400	0.7	110360
117	-562852800	1.6	110360
117	-560174400	12.1	110360
117	-557582400	13.8	110360
117	-554904000	17.7	110360
117	-552312000	21.2	110360
117	-549633600	21.8	110360
117	-546955200	13	110360
117	-544363200	8.9	110360
117	-541684800	3.1	110360
117	-539092800	-1.4	110360
117	-536414400	-0.9	110360
117	-533736000	1	110360
117	-531316800	4.7	110360
117	-528638400	10.4	110360
117	-526046400	14	110360
117	-523368000	18.2	110360
117	-520776000	20.7	110360
117	-518097600	18.2	110360
117	-515419200	16.2	110360
117	-512827200	10.8	110360
117	-510148800	3.2	110360
117	-507556800	0.8	110360
117	-504878400	-4.9	110360
117	-502200000	-6	110360
117	-499780800	5.3	110360
117	-497102400	6.8	110360
117	-494510400	13.6	110360
117	-491832000	18.7	110360
117	-489240000	17.4	110360
117	-486561600	19.1	110360
117	-483883200	16.8	110360
117	-481291200	9.6	110360
117	-478612800	2.9	110360
117	-476020800	3.3	110360
117	-473342400	-2	110360
117	-470664000	-0.6	110360
117	-468244800	1.5	110360
117	-465566400	7.6	110360
117	-462974400	13.2	110360
117	-460296000	16.8	110360
117	-457704000	19.4	110360
117	-455025600	18.3	110360
117	-452347200	15.1	110360
117	-449755200	9.4	110360
117	-447076800	4.4	110360
117	-444484800	3.1	110360
117	-441806400	0	110360
117	-439128000	-9.4	110360
117	-436622400	1.9	110360
117	-433944000	8.7	110360
117	-431352000	14.2	110360
117	-428673600	16.4	110360
117	-426081600	20.1	110360
117	-423403200	18.9	110360
117	-420724800	16.5	110360
117	-418132800	9.4	110360
117	-415454400	1.8	110360
117	-412862400	0.5	110360
117	-410184000	-2	110360
117	-407505600	3.5	110360
117	-405086400	6.6	110360
117	-402408000	9.3	110360
117	-399816000	11.7	110360
117	-397137600	19.6	110360
117	-394545600	20.3	110360
117	-391867200	17.7	110360
117	-389188800	13.9	110360
117	-386596800	9.1	110360
117	-383918400	5.4	110360
117	-381326400	0.9	110360
117	-378648000	-0.6	110360
117	-375969600	2.9	110360
117	-373550400	-0.1	110360
117	-370872000	7.3	110360
117	-368280000	17.9	110360
117	-365601600	17.2	110360
117	-363009600	20.3	110360
117	-360331200	19.3	110360
117	-357652800	15.6	110360
117	-355060800	10.3	110360
117	-352382400	5.2	110360
117	-349790400	2.3	110360
117	-347112000	-0.1	110360
117	-344433600	-0.3	110360
117	-342014400	6.9	110360
117	-339336000	10.3	110360
117	-336744000	14.1	110360
117	-334065600	16.9	110360
117	-331473600	20.2	110360
117	-328795200	18.7	110360
117	-326116800	13.9	110360
117	-323524800	9.3	110360
117	-320846400	4.3	110360
117	-318254400	2.6	110360
117	-315576000	-1.6	110360
117	-312897600	-0.5	110360
117	-310392000	4.9	110360
117	-307713600	9.6	110360
117	-305121600	13.7	110360
117	-302443200	18.3	110360
117	-299851200	17.9	110360
117	-297172800	19	110360
117	-294494400	13.9	110360
117	-291902400	10.6	110360
117	-289224000	6.1	110360
117	-286632000	1.8	110360
117	-283953600	-3	110360
117	-281275200	3.3	110360
117	-278856000	7.8	110360
117	-276177600	12.7	110360
117	-273585600	12.7	110360
117	-270907200	18.5	110360
117	-268315200	18.3	110360
117	-265636800	19.5	110360
117	-262958400	17.8	110360
117	-260366400	11.3	110360
117	-257688000	3.7	110360
117	-255096000	-1.6	110360
117	-252417600	0.2	110360
117	-249739200	0.4	110360
117	-247320000	1.5	110360
117	-244641600	11	110360
117	-242049600	12.6	110360
117	-239371200	16	110360
117	-236779200	18.3	110360
117	-234100800	20.8	110360
117	-231422400	14.3	110360
117	-228830400	9.8	110360
117	-226152000	3.5	110360
117	-223560000	-4	110360
117	-220881600	-6.6	110360
117	-218203200	-5.4	110360
117	-215784000	2.2	110360
117	-213105600	10.7	110360
117	-210513600	14.2	110360
117	-207835200	18.2	110360
117	-205243200	21.1	110360
117	-202564800	19.7	110360
117	-199886400	16.3	110360
117	-197294400	9.7	110360
117	-194616000	7.3	110360
117	-192024000	-5.3	110360
117	-189345600	-5.6	110360
117	-186667200	0.2	110360
117	-184161600	0.8	110360
117	-181483200	11	110360
117	-178891200	14.2	110360
117	-176212800	19.9	110360
117	-173620800	20.6	110360
117	-170942400	18.7	110360
117	-168264000	15.8	110360
117	-165672000	9.8	110360
117	-162993600	6	110360
117	-160401600	-0.9	110360
117	-157723200	-0.2	110360
117	-155044800	-2.6	110360
117	-152625600	4.2	110360
117	-149947200	8.6	110360
117	-147355200	12.8	110360
117	-144676800	17.4	110360
117	-142084800	18.3	110360
117	-139406400	17.1	110360
117	-136728000	15.7	110360
117	-134136000	7.8	110360
117	-131457600	1.6	110360
117	-128865600	2	110360
117	-126187200	-3.9	110360
117	-123508800	6.4	110360
117	-121089600	4.8	110360
117	-118411200	11.4	110360
117	-115819200	14.2	110360
117	-113140800	17.8	110360
117	-110548800	18.5	110360
117	-107870400	18.2	110360
117	-105192000	15.2	110360
117	-102600000	13.4	110360
117	-99921600	3.4	110360
117	-97329600	1.8	110360
117	-94651200	-1.1	110360
117	-91972800	2.4	110360
117	-89553600	6.8	110360
117	-86875200	9.4	110360
117	-84283200	14.7	110360
117	-81604800	17.7	110360
117	-79012800	21.4	110360
117	-76334400	19.2	110360
117	-73656000	16.1	110360
117	-71064000	11.6	110360
117	-68385600	3.6	110360
117	-65793600	0.9	110360
117	-63115200	-1.9	110360
117	-60436800	1.8	110360
117	-57931200	6.2	110360
117	-55252800	11.5	110360
117	-52660800	14.8	110360
117	-49982400	18.6	110360
117	-47390400	19.3	110360
117	-44712000	18.1	110360
117	-42033600	15.1	110360
117	-39441600	10.1	110360
117	-36763200	5.1	110360
117	-34171200	-2.8	110360
117	-31492800	-2.5	110360
117	-28814400	-1.3	110360
117	-26395200	2.2	110360
117	-23716800	10	110360
117	-21124800	17	110360
117	-18446400	16.9	110360
117	-15854400	20.1	110360
117	-13176000	18	110360
117	-10497600	15.8	110360
117	-7905600	11.2	110360
117	-5227200	6.4	110360
117	-2635200	-4.1	110360
117	43200	-2.6	110360
117	2721600	-0.1	110360
117	5140800	3.1	110360
117	7819200	8.7	110360
117	10411200	12.8	110360
117	13089600	18.6	110360
117	15681600	19.4	110360
117	18360000	19.1	110360
117	21038400	15	110360
117	23630400	9	110360
117	26308800	6.9	110360
117	28900800	0.5	110360
117	31579200	-2.8	110360
117	34257600	2.3	110360
117	36676800	2	110360
117	39355200	10.4	110360
117	41947200	15.6	110360
117	44625600	16.9	110360
117	47217600	20.3	110360
117	49896000	21.5	110360
117	52574400	13.5	110360
117	55166400	8.9	110360
117	57844800	3.7	110360
117	60436800	3.2	110360
117	63115200	-3	110360
117	65793600	2.4	110360
117	68299200	6.5	110360
117	70977600	9.4	110360
117	73569600	13.7	110360
117	76248000	17.9	110360
117	78840000	19.8	110360
117	81518400	18.3	110360
117	84196800	12.5	110360
117	86788800	7.1	110360
117	89467200	4.6	110360
117	92059200	-0.5	110360
117	94737600	-0.8	110360
117	97416000	2	110360
117	99835200	4.9	110360
117	102513600	8.1	110360
117	105105600	15	110360
117	107784000	17.8	110360
117	110376000	20.2	110360
117	113054400	19.9	110360
117	115732800	16	110360
117	118324800	8.2	110360
117	121003200	2.9	110360
117	123595200	0.4	110360
117	126273600	1.4	110360
117	128952000	4.2	110360
117	131371200	7.1	110360
117	134049600	9.3	110360
117	136641600	13.7	110360
117	139320000	16.2	110360
117	141912000	19.1	110360
117	144590400	21.2	110360
117	147268800	15.4	110360
117	149860800	6.8	110360
117	152539200	4	110360
117	155131200	4.2	110360
117	157809600	2.9	110360
117	160488000	0.2	110360
117	162907200	5.5	110360
117	165585600	9	110360
117	168177600	15.6	110360
117	170856000	17.1	110360
117	173448000	20.2	110360
117	176126400	19.3	110360
117	178804800	17.6	110360
117	181396800	9.2	110360
117	184075200	2.8	110360
117	186667200	0.6	110360
117	189345600	1.5	110360
117	192024000	-0.6	110360
117	194529600	2	110360
117	197208000	9.9	110360
117	199800000	14.4	110360
117	202478400	18.5	110360
117	205070400	21.2	110360
117	207748800	17.2	110360
117	210427200	14.1	110360
117	213019200	10.4	110360
117	215697600	6	110360
117	218289600	-0.1	110360
117	220968000	-0.8	110360
117	223646400	3.1	110360
117	226065600	8.3	110360
117	228744000	8.5	110360
117	231336000	14.8	110360
117	234014400	19.1	110360
117	236606400	19.8	110360
117	239284800	18.6	110360
117	241963200	14	110360
117	244555200	10.8	110360
117	247233600	5.7	110360
117	249825600	-0.7	110360
117	252504000	0.2	110360
117	255182400	-1.4	110360
117	257601600	6.4	110360
117	260280000	8.4	110360
117	262872000	13.2	110360
117	265550400	17.1	110360
117	268142400	18.3	110360
117	270820800	18.5	110360
117	273499200	15.3	110360
117	276091200	10.4	110360
117	278769600	1.6	110360
117	281361600	0.3	110360
117	284040000	-3.8	110360
117	286718400	0.7	110360
117	289137600	6.2	110360
117	291816000	8.2	110360
117	294408000	15.1	110360
117	297086400	19.9	110360
117	299678400	17.7	110360
117	302356800	18.6	110360
117	305035200	15.4	110360
117	307627200	8.2	110360
117	310305600	4.5	110360
117	312897600	4.2	110360
117	315576000	-3.9	110360
117	318254400	1.8	110360
117	320760000	3.5	110360
117	323438400	6.7	110360
117	326030400	11.5	110360
117	328708800	17.1	110360
117	331300800	18.4	110360
117	333979200	18.9	110360
117	336657600	14.4	110360
117	339249600	9.2	110360
117	341928000	2.7	110360
117	344520000	0.5	110360
117	347198400	-1.7	110360
117	349876800	1.2	110360
117	352296000	8.1	110360
117	354974400	9.3	110360
117	357566400	14.7	110360
117	360244800	18.8	110360
117	362836800	19.3	110360
117	365515200	19.7	110360
117	368193600	15.6	110360
117	370785600	10.3	110360
117	373464000	5.1	110360
117	376056000	-0.5	110360
117	378734400	-3.6	110360
117	381412800	-1.6	110360
117	383832000	5.4	110360
117	386510400	7.8	110360
117	389102400	14.9	110360
117	391780800	18.8	110360
117	394372800	20.3	110360
117	397051200	19.6	110360
117	399729600	17.7	110360
117	402321600	10.3	110360
117	4.05e+08	4.8	110360
117	407592000	2.4	110360
117	410270400	4.7	110360
117	412948800	-1.8	110360
117	415368000	6.2	110360
117	418046400	11.3	110360
117	420638400	15.3	110360
117	423316800	17.8	110360
117	425908800	22.9	110360
117	428587200	20.3	110360
117	431265600	15.7	110360
117	433857600	10.2	110360
117	436536000	2.1	110360
117	439128000	0.4	110360
117	441806400	0.6	110360
117	444484800	0	110360
117	446990400	3.6	110360
117	449668800	8.6	110360
117	452260800	13.5	110360
117	454939200	16.7	110360
117	457531200	18.1	110360
117	460209600	18.6	110360
117	462888000	14.6	110360
117	465480000	10.5	110360
117	468158400	5	110360
117	470750400	-0.2	110360
117	473428800	-6.6	110360
117	476107200	-3.2	110360
117	478526400	3.2	110360
117	481204800	10	110360
117	483796800	15.8	110360
117	486475200	15.9	110360
117	489067200	20.3	110360
117	491745600	19.3	110360
117	494424000	15.7	110360
117	497016000	9.2	110360
117	499694400	1.8	110360
117	502286400	3.1	110360
117	504964800	0.1	110360
117	507643200	-5.7	110360
117	510062400	2.6	110360
117	512740800	11.2	110360
117	515332800	17	110360
117	518011200	17.4	110360
117	520603200	19.3	110360
117	523281600	19.9	110360
117	525960000	14.7	110360
117	528552000	9.9	110360
117	531230400	4.6	110360
117	533822400	-0.3	110360
117	536500800	-5	110360
117	539179200	-0.7	110360
117	541598400	-0.8	110360
117	544276800	10	110360
117	546868800	12.9	110360
117	549547200	17.4	110360
117	552139200	20.5	110360
117	554817600	17.7	110360
117	557496000	17.7	110360
117	560088000	10.6	110360
117	562766400	4.9	110360
117	565358400	2.3	110360
117	568036800	2.3	110360
117	570715200	2.8	110360
117	573220800	3.5	110360
117	575899200	9.3	110360
117	578491200	15.5	110360
117	581169600	17.4	110360
117	583761600	21.4	110360
117	586440000	19.9	110360
117	589118400	15.3	110360
117	591710400	9.8	110360
117	594388800	1.2	110360
117	596980800	3	110360
117	599659200	0.5	110360
117	602337600	4.3	110360
117	604756800	7.8	110360
117	607435200	10.6	110360
117	610027200	14.2	110360
117	612705600	16.2	110360
117	615297600	20.4	110360
117	617976000	19.3	110360
117	620654400	15.3	110360
117	623246400	10.8	110360
117	625924800	2.9	110360
117	628516800	1.1	110360
117	631195200	-0.2	110360
117	633873600	4.9	110360
117	636292800	8.7	110360
117	638971200	8.9	110360
117	641563200	15.3	110360
117	644241600	17.8	110360
117	646833600	19.3	110360
117	649512000	20.6	110360
117	652190400	13.5	110360
117	654782400	10.1	110360
117	657460800	5.7	110360
117	660052800	-0.2	110360
117	662731200	0	110360
117	665409600	-3.3	110360
117	667828800	6.4	110360
117	670507200	8.5	110360
117	673099200	11.6	110360
117	675777600	17.2	110360
117	678369600	21.1	110360
117	681048000	19.8	110360
117	683726400	16.5	110360
117	686318400	8.7	110360
117	688996800	4.8	110360
117	691588800	-0.7	110360
117	694267200	1.9	110360
117	696945600	3.3	110360
117	699451200	5.4	110360
117	702129600	9.9	110360
117	704721600	15.1	110360
117	707400000	18.8	110360
117	709992000	21.4	110360
117	712670400	24.5	110360
117	715348800	16	110360
117	717940800	8.7	110360
117	720619200	5	110360
117	723211200	0.1	110360
117	725889600	1.1	110360
117	728568000	-1.9	110360
117	730987200	3.8	110360
117	733665600	10.2	110360
117	736257600	17.2	110360
117	738936000	18.6	110360
117	741528000	19.3	110360
117	744206400	19.7	110360
117	746884800	15.1	110360
117	749476800	10.4	110360
117	752155200	1.3	110360
117	754747200	2.4	110360
117	757425600	4.1	110360
117	760104000	0.7	110360
117	762523200	8.5	110360
117	765201600	10.3	110360
117	767793600	15.1	110360
117	770472000	18.7	110360
117	773064000	22.8	110360
117	775742400	21.5	110360
117	778420800	17.3	110360
117	781012800	8	110360
117	783691200	6.5	110360
117	786283200	1.8	110360
117	788961600	-0.3	110360
117	791640000	5	110360
117	794059200	4.1	110360
117	796737600	10.2	110360
117	799329600	14.4	110360
117	802008000	17.2	110360
117	804600000	22.6	110360
117	807278400	19.3	110360
117	809956800	14	110360
117	812548800	10.9	110360
117	815227200	2.2	110360
117	817819200	-0.7	110360
117	820497600	-3.2	110360
117	823176000	-3.4	110360
117	825681600	1.6	110360
117	828360000	9.4	110360
117	830952000	15.3	110360
117	833630400	18.6	110360
117	836222400	18.3	110360
117	838900800	18.8	110360
117	841579200	12.3	110360
117	844171200	10.9	110360
117	846849600	6.8	110360
117	849441600	-2.8	110360
117	852120000	-3	110360
117	854798400	3	110360
117	857217600	4.9	110360
117	859896000	7.2	110360
117	862488000	15.4	110360
117	865166400	18.2	110360
117	867758400	19.1	110360
117	870436800	20	110360
117	873115200	15	110360
117	875707200	7.7	110360
117	878385600	4.8	110360
117	880977600	2.1	110360
117	883656000	1.4	110360
117	886334400	5	110360
117	888753600	4.7	110360
117	891432000	11.4	110360
117	894024000	15.2	110360
117	896702400	19.7	110360
117	899294400	20.7	110360
117	901972800	20.6	110360
117	904651200	14.6	110360
117	907243200	10.7	110360
117	909921600	2.1	110360
117	912513600	-1.4	110360
117	915192000	-0.1	110360
117	917870400	0.7	110360
117	920289600	6.7	110360
117	922968000	11.3	110360
117	925560000	15.4	110360
117	928238400	18	110360
117	930830400	21	110360
117	933508800	18.8	110360
117	936187200	17.3	110360
117	938779200	10.7	110360
117	941457600	3.1	110360
117	944049600	0.5	110360
117	946728000	-1.8	110360
117	949406400	4.1	110360
117	951912000	6	110360
117	954590400	13.1	110360
117	957182400	17.2	110360
117	959860800	20.2	110360
117	962452800	19	110360
117	965131200	21.1	110360
117	967809600	15	110360
117	970401600	12.7	110360
117	973080000	7.5	110360
117	975672000	1.9	110360
117	978350400	0	110360
117	981028800	2.6	110360
117	983448000	6.7	110360
117	986126400	9.2	110360
117	988718400	16.8	110360
117	991396800	17.4	110360
117	993988800	20.9	110360
117	996667200	21.5	110360
117	999345600	13.7	110360
117	1001937600	13	110360
117	1004616000	3.7	110360
117	1007208000	-2.6	110360
117	1009886400	0.6	110360
117	1012564800	5.5	110360
117	1014984000	6.8	110360
117	1017662400	9.7	110360
117	1020254400	17.3	110360
117	1022932800	20.2	110360
117	1025524800	21.6	110360
117	1028203200	20.3	110360
117	1030881600	14.5	110360
117	1033473600	9.1	110360
117	1036152000	7.3	110360
117	1038744000	-1	110360
117	1041422400	-1	110360
117	1044100800	-2.3	110360
117	1046520000	5.6	110360
117	1049198400	9.4	110360
117	1051790400	17.6	110360
117	1054468800	22.1	110360
117	1057060800	21.6	110360
117	1059739200	23.4	110360
117	1062417600	15.4	110360
117	1065009600	7.6	110360
117	1067688000	6.3	110360
117	1070280000	0.7	110360
117	1072958400	-2.1	110360
117	1075636800	2.8	110360
117	1078142400	3.9	110360
117	1080820800	11.3	110360
117	1083412800	13.9	110360
117	1086091200	17.8	110360
117	1088683200	20.1	110360
117	1091361600	20.5	110360
117	1094040000	15.5	110360
117	1096632000	11.3	110360
117	1099310400	5.8	110360
117	1101902400	0.9	110360
117	1104580800	1.3	110360
117	1107259200	-1.8	110360
117	1109678400	3.2	110360
117	1112356800	10.9	110360
117	1114948800	15.6	110360
117	1117627200	18.9	110360
117	1120219200	20.9	110360
117	1122897600	18.6	110360
117	1125576000	16.3	110360
117	1128168000	10.2	110360
117	1130846400	3.9	110360
117	1133438400	0.3	110360
117	1136116800	-4.1	110360
117	1138795200	-0.8	110360
117	1141214400	3.1	110360
117	1143892800	11.4	110360
117	1146484800	14.8	110360
117	1149163200	18.9	110360
117	1151755200	23.4	110360
117	1154433600	18.2	110360
117	1157112000	17.3	110360
117	1159704000	12.4	110360
117	1162382400	7.5	110360
117	1164974400	3.2	110360
117	1167652800	5.5	110360
117	1170331200	4.8	110360
117	1172750400	7.3	110360
117	1175428800	12.6	110360
117	1178020800	16.8	110360
117	1180699200	21.1	110360
117	1183291200	22.3	110360
117	1185969600	20.6	110360
117	1188648000	13.5	110360
117	1191240000	8.8	110360
117	1193918400	3.5	110360
117	1196510400	0.4	110360
117	1199188800	3.1	110360
117	1201867200	3.7	110360
117	1204372800	6.2	110360
117	1207051200	10.8	110360
117	1209643200	15.8	110360
117	1212321600	20.1	110360
117	1214913600	20.7	110360
117	1217592000	20.1	110360
117	1220270400	14.5	110360
117	1222862400	10.5	110360
117	1225540800	7.1	110360
117	1228132800	2.4	110360
118	-1072958400	2.5	110370
118	-1070280000	1.4	110370
118	-1067774400	6.2	110370
118	-1065096000	9.9	110370
118	-1062504000	15.2	110370
118	-1059825600	18.6	110370
118	-1057233600	20.9	110370
118	-1054555200	18.2	110370
118	-1051876800	15.2	110370
118	-1049284800	7	110370
118	-1046606400	4	110370
118	-1044014400	0.9	110370
118	-1041336000	-3.2	110370
118	-1038657600	1.8	110370
118	-1036238400	5.9	110370
118	-1033560000	9.5	110370
118	-1030968000	17.5	110370
118	-1028289600	19.5	110370
118	-1025697600	20.3	110370
118	-1023019200	19.1	110370
118	-1020340800	15.2	110370
118	-1017748800	11.2	110370
118	-1015070400	4.8	110370
118	-1012478400	0.1	110370
118	-1009800000	0.2	110370
118	-1007121600	1.5	110370
118	-1004702400	8.5	110370
118	-1002024000	6.9	110370
118	-999432000	12.8	110370
118	-996753600	19.6	110370
118	-994161600	20.3	110370
118	-991483200	19.7	110370
118	-988804800	14.6	110370
118	-986212800	11.1	110370
118	-983534400	6.8	110370
118	-980942400	-2.1	110370
118	-978264000	0.3	110370
118	-975585600	2.6	110370
118	-973166400	2.3	110370
118	-970488000	12.9	110370
118	-967896000	13.5	110370
118	-965217600	18.6	110370
118	-962625600	20.4	110370
118	-959947200	20.1	110370
118	-957268800	14.8	110370
118	-954676800	8.2	110370
118	-951998400	5.7	110370
118	-949406400	-0.9	110370
118	-946728000	-9.2	110370
118	-944049600	-6.8	110370
118	-941544000	2.4	110370
118	-938865600	10.1	110370
118	-936273600	13.1	110370
118	-933595200	18.3	110370
118	-931003200	19.3	110370
118	-928324800	16.6	110370
118	-925646400	14.3	110370
118	-923054400	9.4	110370
118	-920376000	6.5	110370
118	-917784000	-3.1	110370
118	-915105600	-4.6	110370
118	-912427200	0.3	110370
118	-910008000	5.4	110370
118	-907329600	8.1	110370
118	-904737600	12.1	110370
118	-902059200	17.7	110370
118	-899467200	19.2	110370
118	-896788800	18.1	110370
118	-894110400	13.1	110370
118	-891518400	9.3	110370
118	-888840000	1.4	110370
118	-886248000	1.9	110370
118	-883569600	-9.9	110370
118	-880891200	-4.5	110370
118	-878472000	1.5	110370
118	-875793600	8.4	110370
118	-873201600	15.6	110370
118	-870523200	17.2	110370
118	-867931200	18.6	110370
118	-865252800	20.2	110370
118	-862574400	18.6	110370
118	-859982400	12.7	110370
118	-857304000	3.8	110370
118	-854712000	1.6	110370
118	-852033600	-4.6	110370
118	-849355200	3.1	110370
118	-846936000	6.4	110370
118	-844257600	11.2	110370
118	-841665600	13.4	110370
118	-838987200	16.3	110370
118	-836395200	19.1	110370
118	-833716800	20.8	110370
118	-831038400	16.9	110370
118	-828446400	11.5	110370
118	-825768000	4	110370
118	-823176000	0.4	110370
118	-820497600	3.7	110370
118	-817819200	-0.8	110370
118	-815313600	1.8	110370
118	-812635200	10.1	110370
118	-810043200	13.1	110370
118	-807364800	16.8	110370
118	-804772800	18.9	110370
118	-802094400	20.8	110370
118	-799416000	14.9	110370
118	-796824000	10.5	110370
118	-794145600	4.3	110370
118	-791553600	-0.5	110370
118	-788875200	-6.1	110370
118	-786196800	2.7	110370
118	-783777600	6.5	110370
118	-781099200	10.6	110370
118	-778507200	16.1	110370
118	-775828800	19.2	110370
118	-773236800	21.1	110370
118	-770558400	19.4	110370
118	-767880000	15.4	110370
118	-765288000	10.1	110370
118	-762609600	4.4	110370
118	-760017600	1.6	110370
118	-757339200	-4	110370
118	-754660800	2.7	110370
118	-752241600	5.7	110370
118	-749563200	12.7	110370
118	-746971200	17.3	110370
118	-744292800	18.5	110370
118	-741700800	21.3	110370
118	-739022400	19.7	110370
118	-736344000	16.7	110370
118	-733752000	6.6	110370
118	-731073600	3.9	110370
118	-728481600	-1.8	110370
118	-725803200	-6.4	110370
118	-723124800	-5.5	110370
118	-720705600	3.9	110370
118	-718027200	12.5	110370
118	-715435200	16.2	110370
118	-712756800	20.1	110370
118	-710164800	21.7	110370
118	-707486400	19.8	110370
118	-704808000	19.1	110370
118	-702216000	8	110370
118	-699537600	7.3	110370
118	-696945600	2.2	110370
118	-694267200	2.7	110370
118	-691588800	0.1	110370
118	-689083200	6.2	110370
118	-686404800	12.1	110370
118	-683812800	16.8	110370
118	-681134400	17.7	110370
118	-678542400	18.2	110370
118	-675864000	19.2	110370
118	-673185600	16.3	110370
118	-670593600	10.2	110370
118	-667915200	4	110370
118	-665323200	-2.6	110370
118	-662644800	1.5	110370
118	-659966400	2.2	110370
118	-657547200	2.9	110370
118	-654868800	12.1	110370
118	-652276800	15.4	110370
118	-649598400	16.8	110370
118	-647006400	19.8	110370
118	-644328000	18.8	110370
118	-641649600	16.8	110370
118	-639057600	10.9	110370
118	-636379200	5.5	110370
118	-633787200	3.1	110370
118	-631108800	-3.6	110370
118	-628430400	2	110370
118	-626011200	6.7	110370
118	-623332800	10.1	110370
118	-620740800	16.4	110370
118	-618062400	20.3	110370
118	-615470400	21.7	110370
118	-612792000	19.9	110370
118	-610113600	15.4	110370
118	-607521600	7.8	110370
118	-604843200	4.9	110370
118	-602251200	0.4	110370
118	-599572800	1.5	110370
118	-596894400	3.6	110370
118	-594475200	4.2	110370
118	-591796800	10.3	110370
118	-589204800	14.5	110370
118	-586526400	18.3	110370
118	-583934400	20.1	110370
118	-581256000	20.4	110370
118	-578577600	16.7	110370
118	-575985600	8.6	110370
118	-573307200	7.5	110370
118	-570715200	1.9	110370
118	-568036800	0.5	110370
118	-565358400	0.6	110370
118	-562852800	1.4	110370
118	-560174400	12.8	110370
118	-557582400	14	110370
118	-554904000	17.9	110370
118	-552312000	21.1	110370
118	-549633600	21.2	110370
118	-546955200	12.8	110370
118	-544363200	9.2	110370
118	-541684800	3.5	110370
118	-539092800	-1	110370
118	-536414400	-0.9	110370
118	-533736000	1.1	110370
118	-531316800	4.7	110370
118	-528638400	10.8	110370
118	-526046400	14.4	110370
118	-523368000	18.4	110370
118	-520776000	20.7	110370
118	-518097600	18.2	110370
118	-515419200	16	110370
118	-512827200	11.2	110370
118	-510148800	3.5	110370
118	-507556800	1.3	110370
118	-504878400	-4.8	110370
118	-502200000	-6	110370
118	-499780800	5.5	110370
118	-497102400	6.9	110370
118	-494510400	13.7	110370
118	-491832000	19	110370
118	-489240000	17.6	110370
118	-486561600	19.1	110370
118	-483883200	16.7	110370
118	-481291200	9.5	110370
118	-478612800	3.2	110370
118	-476020800	3.7	110370
118	-473342400	-1.9	110370
118	-470664000	-0.7	110370
118	-468244800	1.5	110370
118	-465566400	7.6	110370
118	-462974400	13.4	110370
118	-460296000	16.9	110370
118	-457704000	19.2	110370
118	-455025600	17.8	110370
118	-452347200	14.7	110370
118	-449755200	9.8	110370
118	-447076800	4.8	110370
118	-444484800	3.4	110370
118	-441806400	-0.1	110370
118	-439128000	-9.5	110370
118	-436622400	2	110370
118	-433944000	8.9	110370
118	-431352000	14.1	110370
118	-428673600	16.4	110370
118	-426081600	20	110370
118	-423403200	18.5	110370
118	-420724800	16.1	110370
118	-418132800	9.2	110370
118	-415454400	2.2	110370
118	-412862400	1	110370
118	-410184000	-1.8	110370
118	-407505600	3.6	110370
118	-405086400	6.7	110370
118	-402408000	9.2	110370
118	-399816000	12	110370
118	-397137600	19.6	110370
118	-394545600	20.2	110370
118	-391867200	17.6	110370
118	-389188800	13.8	110370
118	-386596800	9.1	110370
118	-383918400	6	110370
118	-381326400	1.4	110370
118	-378648000	-0.6	110370
118	-375969600	2.7	110370
118	-373550400	-0.4	110370
118	-370872000	7.2	110370
118	-368280000	17.9	110370
118	-365601600	16.8	110370
118	-363009600	20.1	110370
118	-360331200	19.1	110370
118	-357652800	15.2	110370
118	-355060800	10.5	110370
118	-352382400	5.5	110370
118	-349790400	2.7	110370
118	-347112000	0.1	110370
118	-344433600	-0.6	110370
118	-342014400	7	110370
118	-339336000	10.3	110370
118	-336744000	14	110370
118	-334065600	17	110370
118	-331473600	19.9	110370
118	-328795200	18.7	110370
118	-326116800	13	110370
118	-323524800	9	110370
118	-320846400	4.9	110370
118	-318254400	3	110370
118	-315576000	-1.5	110370
118	-312897600	-0.4	110370
118	-310392000	4.9	110370
118	-307713600	9.6	110370
118	-305121600	13.8	110370
118	-302443200	18.2	110370
118	-299851200	17.8	110370
118	-297172800	18.7	110370
118	-294494400	13.7	110370
118	-291902400	10.9	110370
118	-289224000	6.5	110370
118	-286632000	2	110370
118	-283953600	-2.5	110370
118	-281275200	3.3	110370
118	-278856000	8	110370
118	-276177600	12.7	110370
118	-273585600	13	110370
118	-270907200	18.5	110370
118	-268315200	18.2	110370
118	-265636800	19.3	110370
118	-262958400	17.2	110370
118	-260366400	11.5	110370
118	-257688000	4.2	110370
118	-255096000	-1.2	110370
118	-252417600	0.7	110370
118	-249739200	0.6	110370
118	-247320000	1.7	110370
118	-244641600	11.3	110370
118	-242049600	12.8	110370
118	-239371200	16	110370
118	-236779200	18.2	110370
118	-234100800	20.4	110370
118	-231422400	14	110370
118	-228830400	9.5	110370
118	-226152000	4	110370
118	-223560000	-3.5	110370
118	-220881600	-6.5	110370
118	-218203200	-5.6	110370
118	-215784000	2.1	110370
118	-213105600	10.8	110370
118	-210513600	14.4	110370
118	-207835200	18.5	110370
118	-205243200	20.8	110370
118	-202564800	19.4	110370
118	-199886400	16.1	110370
118	-197294400	9.8	110370
118	-194616000	7.6	110370
118	-192024000	-4.8	110370
118	-189345600	-5.5	110370
118	-186667200	0.3	110370
118	-184161600	0.7	110370
118	-181483200	11.1	110370
118	-178891200	14.3	110370
118	-176212800	19.9	110370
118	-173620800	20.3	110370
118	-170942400	18	110370
118	-168264000	15.5	110370
118	-165672000	8.9	110370
118	-162993600	6.2	110370
118	-160401600	-0.5	110370
118	-157723200	0.2	110370
118	-155044800	-2.7	110370
118	-152625600	4	110370
118	-149947200	8.6	110370
118	-147355200	13	110370
118	-144676800	17.5	110370
118	-142084800	18.2	110370
118	-139406400	16.6	110370
118	-136728000	15.7	110370
118	-134136000	7.9	110370
118	-131457600	2.1	110370
118	-128865600	2.6	110370
118	-126187200	-3.7	110370
118	-123508800	6.7	110370
118	-121089600	5.2	110370
118	-118411200	11.2	110370
118	-115819200	14.7	110370
118	-113140800	18.2	110370
118	-110548800	18.6	110370
118	-107870400	18.4	110370
118	-105192000	15.4	110370
118	-102600000	13.8	110370
118	-99921600	3.9	110370
118	-97329600	2.4	110370
118	-94651200	-0.7	110370
118	-91972800	2.8	110370
118	-89553600	7.2	110370
118	-86875200	9.9	110370
118	-84283200	15.4	110370
118	-81604800	18.1	110370
118	-79012800	21.8	110370
118	-76334400	19.4	110370
118	-73656000	16.2	110370
118	-71064000	12.3	110370
118	-68385600	4.2	110370
118	-65793600	1.2	110370
118	-63115200	-1.7	110370
118	-60436800	2	110370
118	-57931200	6.7	110370
118	-55252800	11.9	110370
118	-52660800	15.5	110370
118	-49982400	19.2	110370
118	-47390400	19.6	110370
118	-44712000	18.3	110370
118	-42033600	15.6	110370
118	-39441600	10.4	110370
118	-36763200	5.6	110370
118	-34171200	-2.2	110370
118	-31492800	-2.2	110370
118	-28814400	-1.1	110370
118	-26395200	2.6	110370
118	-23716800	10.5	110370
118	-21124800	17.6	110370
118	-18446400	17.2	110370
118	-15854400	20.6	110370
118	-13176000	17.9	110370
118	-10497600	15.9	110370
118	-7905600	11.6	110370
118	-5227200	6.9	110370
118	-2635200	-3.8	110370
118	43200	-2.6	110370
118	2721600	-0.1	110370
118	5140800	3.3	110370
118	7819200	9	110370
118	10411200	13	110370
118	13089600	19	110370
118	15681600	19.4	110370
118	18360000	19.1	110370
118	21038400	15	110370
118	23630400	9.1	110370
118	26308800	7.2	110370
118	28900800	0.7	110370
118	31579200	-2.8	110370
118	34257600	2.4	110370
118	36676800	2.1	110370
118	39355200	10.2	110370
118	41947200	15.5	110370
118	44625600	16.3	110370
118	47217600	19.9	110370
118	49896000	20.7	110370
118	52574400	13.3	110370
118	55166400	8.8	110370
118	57844800	4.3	110370
118	60436800	3.6	110370
118	63115200	-2.5	110370
118	65793600	2.8	110370
118	68299200	6.7	110370
118	70977600	9.4	110370
118	73569600	14	110370
118	76248000	18.1	110370
118	78840000	19.6	110370
118	81518400	18.4	110370
118	84196800	12.8	110370
118	86788800	7.3	110370
118	89467200	5.1	110370
118	92059200	0	110370
118	94737600	-0.6	110370
118	97416000	2.1	110370
118	99835200	4.8	110370
118	102513600	8.1	110370
118	105105600	15.1	110370
118	107784000	17.4	110370
118	110376000	19.9	110370
118	113054400	19.6	110370
118	115732800	15.8	110370
118	118324800	8.3	110370
118	121003200	3.4	110370
118	123595200	0.9	110370
118	126273600	1.9	110370
118	128952000	4.4	110370
118	131371200	7.5	110370
118	134049600	9.3	110370
118	136641600	13.6	110370
118	139320000	16	110370
118	141912000	18.7	110370
118	144590400	20.7	110370
118	147268800	15.2	110370
118	149860800	6.9	110370
118	152539200	4.2	110370
118	155131200	4.5	110370
118	157809600	3.1	110370
118	160488000	0.6	110370
118	162907200	5.5	110370
118	165585600	9.1	110370
118	168177600	15.4	110370
118	170856000	16.8	110370
118	173448000	20.1	110370
118	176126400	19.1	110370
118	178804800	17.5	110370
118	181396800	9.3	110370
118	184075200	3.4	110370
118	186667200	0.9	110370
118	189345600	2	110370
118	192024000	0	110370
118	194529600	2.3	110370
118	197208000	9.9	110370
118	199800000	14.3	110370
118	202478400	17.7	110370
118	205070400	20.5	110370
118	207748800	16.7	110370
118	210427200	13.7	110370
118	213019200	10.5	110370
118	215697600	6.3	110370
118	218289600	0.4	110370
118	220968000	-0.4	110370
118	223646400	3.4	110370
118	226065600	8.4	110370
118	228744000	8.5	110370
118	231336000	14.3	110370
118	234014400	18.5	110370
118	236606400	19.2	110370
118	239284800	18.1	110370
118	241963200	13.3	110370
118	244555200	10.9	110370
118	247233600	6.1	110370
118	249825600	-0.2	110370
118	252504000	0.7	110370
118	255182400	-1.1	110370
118	257601600	6.6	110370
118	260280000	8.8	110370
118	262872000	13.1	110370
118	265550400	16.9	110370
118	268142400	17.9	110370
118	270820800	18.1	110370
118	273499200	15.1	110370
118	276091200	10.4	110370
118	278769600	2	110370
118	281361600	0.6	110370
118	284040000	-4	110370
118	286718400	0.9	110370
118	289137600	6.3	110370
118	291816000	8.7	110370
118	294408000	15	110370
118	297086400	19.7	110370
118	299678400	17.8	110370
118	302356800	18.5	110370
118	305035200	15.1	110370
118	307627200	8.1	110370
118	310305600	4.6	110370
118	312897600	4.4	110370
118	315576000	-3.6	110370
118	318254400	2.3	110370
118	320760000	3.8	110370
118	323438400	7.1	110370
118	326030400	11.7	110370
118	328708800	17.1	110370
118	331300800	18.3	110370
118	333979200	18.9	110370
118	336657600	14.4	110370
118	339249600	9.2	110370
118	341928000	2.8	110370
118	344520000	0.7	110370
118	347198400	-1.8	110370
118	349876800	1.5	110370
118	352296000	8.2	110370
118	354974400	9	110370
118	357566400	14.6	110370
118	360244800	18.6	110370
118	362836800	19.2	110370
118	365515200	19.7	110370
118	368193600	15.4	110370
118	370785600	10.2	110370
118	373464000	5.1	110370
118	376056000	-0.4	110370
118	378734400	-3.8	110370
118	381412800	-1.4	110370
118	383832000	5.6	110370
118	386510400	7.9	110370
118	389102400	14.9	110370
118	391780800	18.6	110370
118	394372800	20.3	110370
118	397051200	19.6	110370
118	399729600	17.6	110370
118	402321600	10.3	110370
118	4.05e+08	5	110370
118	407592000	2.5	110370
118	410270400	4.7	110370
118	412948800	-2.1	110370
118	415368000	6.2	110370
118	418046400	11.4	110370
118	420638400	15.3	110370
118	423316800	17.5	110370
118	425908800	22.6	110370
118	428587200	20.2	110370
118	431265600	15.6	110370
118	433857600	10.3	110370
118	436536000	2.2	110370
118	439128000	0.6	110370
118	441806400	1	110370
118	444484800	0.3	110370
118	446990400	3.7	110370
118	449668800	8.7	110370
118	452260800	13.3	110370
118	454939200	16.7	110370
118	457531200	18	110370
118	460209600	18.5	110370
118	462888000	14.7	110370
118	465480000	10.6	110370
118	468158400	5.3	110370
118	470750400	-0.1	110370
118	473428800	-6.8	110370
118	476107200	-3.2	110370
118	478526400	3.5	110370
118	481204800	10.1	110370
118	483796800	15.6	110370
118	486475200	15.9	110370
118	489067200	19.9	110370
118	491745600	19.3	110370
118	494424000	15.8	110370
118	497016000	9	110370
118	499694400	1.7	110370
118	502286400	3.1	110370
118	504964800	0.2	110370
118	507643200	-5.7	110370
118	510062400	3	110370
118	512740800	11.3	110370
118	515332800	17	110370
118	518011200	17.4	110370
118	520603200	19	110370
118	523281600	19.7	110370
118	525960000	14.5	110370
118	528552000	9.8	110370
118	531230400	4.8	110370
118	533822400	0.2	110370
118	536500800	-5	110370
118	539179200	-0.7	110370
118	541598400	-0.6	110370
118	544276800	10.1	110370
118	546868800	12.9	110370
118	549547200	17.4	110370
118	552139200	20.4	110370
118	554817600	17.8	110370
118	557496000	17.4	110370
118	560088000	10.5	110370
118	562766400	5.2	110370
118	565358400	2.6	110370
118	568036800	2.5	110370
118	570715200	3.3	110370
118	573220800	3.7	110370
118	575899200	9.4	110370
118	578491200	15.7	110370
118	581169600	17.2	110370
118	583761600	20.7	110370
118	586440000	19.7	110370
118	589118400	15.2	110370
118	591710400	9.9	110370
118	594388800	1	110370
118	596980800	2.9	110370
118	599659200	0.5	110370
118	602337600	4.6	110370
118	604756800	7.7	110370
118	607435200	10.6	110370
118	610027200	14.2	110370
118	612705600	16.1	110370
118	615297600	20.4	110370
118	617976000	19.3	110370
118	620654400	15.4	110370
118	623246400	10.4	110370
118	625924800	2.9	110370
118	628516800	1.2	110370
118	631195200	0	110370
118	633873600	4.8	110370
118	636292800	8.6	110370
118	638971200	8.8	110370
118	641563200	15.5	110370
118	644241600	17.8	110370
118	646833600	19.5	110370
118	649512000	20.4	110370
118	652190400	13.5	110370
118	654782400	10.2	110370
118	657460800	5.9	110370
118	660052800	-0.1	110370
118	662731200	0.2	110370
118	665409600	-3.1	110370
118	667828800	6.4	110370
118	670507200	8.7	110370
118	673099200	11.7	110370
118	675777600	17.2	110370
118	678369600	21	110370
118	681048000	20	110370
118	683726400	16.5	110370
118	686318400	8.8	110370
118	688996800	4.9	110370
118	691588800	-0.7	110370
118	694267200	2.1	110370
118	696945600	3.4	110370
118	699451200	5.5	110370
118	702129600	10	110370
118	704721600	15.2	110370
118	707400000	18.7	110370
118	709992000	21.3	110370
118	712670400	24.2	110370
118	715348800	15.6	110370
118	717940800	8.7	110370
118	720619200	5.2	110370
118	723211200	0.3	110370
118	725889600	1.1	110370
118	728568000	-2.1	110370
118	730987200	4	110370
118	733665600	10.4	110370
118	736257600	17.3	110370
118	738936000	18.6	110370
118	741528000	20.6	110370
118	744206400	19.6	110370
118	746884800	16.1	110370
118	749476800	10.3	110370
118	752155200	0.9	110370
118	754747200	2.1	110370
118	757425600	4.1	110370
118	760104000	0.5	110370
118	762523200	8.3	110370
118	765201600	10.2	110370
118	767793600	14.9	110370
118	770472000	18.8	110370
118	773064000	23.2	110370
118	775742400	21.6	110370
118	778420800	17.4	110370
118	781012800	8.1	110370
118	783691200	6.7	110370
118	786283200	2.1	110370
118	788961600	0.1	110370
118	791640000	5.4	110370
118	794059200	4.3	110370
118	796737600	10.6	110370
118	799329600	14.7	110370
118	802008000	17.2	110370
118	804600000	22.8	110370
118	807278400	19.4	110370
118	809956800	14.3	110370
118	812548800	11.1	110370
118	815227200	2.5	110370
118	817819200	-0.4	110370
118	820497600	-3	110370
118	823176000	-3.2	110370
118	825681600	2	110370
118	828360000	9.8	110370
118	830952000	15.8	110370
118	833630400	18.9	110370
118	836222400	18.5	110370
118	838900800	19	110370
118	841579200	12.5	110370
118	844171200	11	110370
118	846849600	7.1	110370
118	849441600	-2.7	110370
118	852120000	-2.8	110370
118	854798400	3	110370
118	857217600	5.2	110370
118	859896000	7.4	110370
118	862488000	15.8	110370
118	865166400	18.6	110370
118	867758400	19.3	110370
118	870436800	20.2	110370
118	873115200	15.2	110370
118	875707200	7.8	110370
118	878385600	5.1	110370
118	880977600	2.3	110370
118	883656000	1.7	110370
118	886334400	5.1	110370
118	888753600	5	110370
118	891432000	11.6	110370
118	894024000	15.5	110370
118	896702400	19.8	110370
118	899294400	20.7	110370
118	901972800	20.9	110370
118	904651200	14.7	110370
118	907243200	10.8	110370
118	909921600	2.3	110370
118	912513600	-1.1	110370
118	915192000	0.3	110370
118	917870400	1.1	110370
118	920289600	6.9	110370
118	922968000	11.5	110370
118	925560000	15.8	110370
118	928238400	18.2	110370
118	930830400	21.2	110370
118	933508800	19.2	110370
118	936187200	17.6	110370
118	938779200	10.7	110370
118	941457600	3.4	110370
118	944049600	1	110370
118	946728000	-1.4	110370
118	949406400	4.6	110370
118	951912000	6.1	110370
118	954590400	13.3	110370
118	957182400	17.2	110370
118	959860800	20.3	110370
118	962452800	19.1	110370
118	965131200	21.6	110370
118	967809600	15.2	110370
118	970401600	12.8	110370
118	973080000	7.7	110370
118	975672000	2.1	110370
118	978350400	0.2	110370
118	981028800	2.7	110370
118	983448000	6.8	110370
118	986126400	9.4	110370
118	988718400	16.8	110370
118	991396800	17.4	110370
118	993988800	21	110370
118	996667200	21.6	110370
118	999345600	13.7	110370
118	1001937600	13	110370
118	1004616000	3.8	110370
118	1007208000	-2.1	110370
118	1009886400	0.8	110370
118	1012564800	6	110370
118	1014984000	6.9	110370
118	1017662400	9.9	110370
118	1020254400	17.6	110370
118	1022932800	20.3	110370
118	1025524800	21.9	110370
118	1028203200	20.6	110370
118	1030881600	14.6	110370
118	1033473600	9.2	110370
118	1036152000	7.5	110370
118	1038744000	-0.8	110370
118	1041422400	-0.7	110370
118	1044100800	-2	110370
118	1046520000	5.7	110370
118	1049198400	9.8	110370
118	1051790400	17.9	110370
118	1054468800	22.4	110370
118	1057060800	21.7	110370
118	1059739200	23.4	110370
118	1062417600	15.3	110370
118	1065009600	7.6	110370
118	1067688000	6.5	110370
118	1070280000	0.9	110370
118	1072958400	-1.9	110370
118	1075636800	3.1	110370
118	1078142400	4.1	110370
118	1080820800	11.5	110370
118	1083412800	14.2	110370
118	1086091200	18	110370
118	1088683200	20	110370
118	1091361600	20.5	110370
118	1094040000	15.2	110370
118	1096632000	11.3	110370
118	1099310400	5.9	110370
118	1101902400	1.2	110370
118	1104580800	1.5	110370
118	1107259200	-1.3	110370
118	1109678400	3.5	110370
118	1112356800	11	110370
118	1114948800	15.7	110370
118	1117627200	18.9	110370
118	1120219200	20.9	110370
118	1122897600	18.7	110370
118	1125576000	16.4	110370
118	1128168000	10.2	110370
118	1130846400	4	110370
118	1133438400	0.4	110370
118	1136116800	-4.1	110370
118	1138795200	-0.6	110370
118	1141214400	3.4	110370
118	1143892800	11.5	110370
118	1146484800	14.9	110370
118	1149163200	19.1	110370
118	1151755200	23.8	110370
118	1154433600	18.2	110370
118	1157112000	17.4	110370
118	1159704000	12	110370
118	1162382400	7.7	110370
118	1164974400	3.4	110370
118	1167652800	5.6	110370
118	1170331200	4.9	110370
118	1172750400	7.4	110370
118	1175428800	12.5	110370
118	1178020800	16.9	110370
118	1180699200	21.2	110370
118	1183291200	22.3	110370
118	1185969600	20.6	110370
118	1188648000	13.7	110370
118	1191240000	8.8	110370
118	1193918400	3.7	110370
118	1196510400	0.7	110370
118	1199188800	3.1	110370
118	1201867200	4	110370
118	1204372800	6.3	110370
118	1207051200	10.8	110370
118	1209643200	15.9	110370
118	1212321600	20.2	110370
118	1214913600	20.7	110370
118	1217592000	20.3	110370
118	1220270400	14.7	110370
118	1222862400	10.5	110370
118	1225540800	7.3	110370
118	1228132800	2.5	110370
119	-197294400	10	110400
119	-194616000	7.5	110400
119	-192024000	-4.7	110400
119	-189345600	-5	110400
119	-186667200	0.1	110400
119	-184161600	0.9	110400
119	-181483200	11	110400
119	-178891200	14.5	110400
119	-176212800	20.1	110400
119	-173620800	20.9	110400
119	-170942400	18.5	110400
119	-168264000	15.7	110400
119	-165672000	9.1	110400
119	-162993600	6.4	110400
119	-160401600	-0.6	110400
119	-157723200	0.4	110400
119	-155044800	-2.5	110400
119	-152625600	4.1	110400
119	-149947200	8.6	110400
119	-147355200	12.8	110400
119	-144676800	17.6	110400
119	-142084800	18.2	110400
119	-139406400	17	110400
119	-136728000	15.6	110400
119	-134136000	8.3	110400
119	-131457600	2.2	110400
119	-128865600	2.5	110400
119	-126187200	-3.7	110400
119	-123508800	6.6	110400
119	-121089600	4.8	110400
119	-118411200	11.3	110400
119	-115819200	14.6	110400
119	-113140800	18.2	110400
119	-110548800	18.6	110400
119	-107870400	18	110400
119	-105192000	15.2	110400
119	-102600000	13.5	110400
119	-99921600	3.5	110400
119	-97329600	1.9	110400
119	-94651200	-0.7	110400
119	-91972800	2.6	110400
119	-89553600	6.6	110400
119	-86875200	9.2	110400
119	-84283200	14.7	110400
119	-81604800	17.6	110400
119	-79012800	21.5	110400
119	-76334400	19	110400
119	-73656000	15.8	110400
119	-71064000	11.9	110400
119	-68385600	4.1	110400
119	-65793600	1.2	110400
119	-63115200	-1.6	110400
119	-60436800	1.8	110400
119	-57931200	6.1	110400
119	-55252800	11.2	110400
119	-52660800	14.8	110400
119	-49982400	18.6	110400
119	-47390400	19.4	110400
119	-44712000	17.8	110400
119	-42033600	14.9	110400
119	-39441600	10.3	110400
119	-36763200	5.4	110400
119	-34171200	-2.2	110400
119	-31492800	-2	110400
119	-28814400	-1.1	110400
119	-26395200	2.2	110400
119	-23716800	9.9	110400
119	-21124800	17.2	110400
119	-18446400	16.8	110400
119	-15854400	20.6	110400
119	-13176000	18	110400
119	-10497600	15.8	110400
119	-7905600	11.6	110400
119	-5227200	6.7	110400
119	-2635200	-3.7	110400
119	43200	-2.3	110400
119	2721600	0.2	110400
119	5140800	3.3	110400
119	7819200	8.7	110400
119	10411200	12.7	110400
119	13089600	18.9	110400
119	15681600	19.5	110400
119	18360000	19.1	110400
119	21038400	14.9	110400
119	23630400	9.2	110400
119	26308800	7.2	110400
119	28900800	0.7	110400
119	31579200	-2.3	110400
119	34257600	2.7	110400
119	36676800	2.2	110400
119	39355200	10.6	110400
119	41947200	15.7	110400
119	44625600	16.7	110400
119	47217600	20.4	110400
119	49896000	21.6	110400
119	52574400	13.8	110400
119	55166400	9.5	110400
119	57844800	4.4	110400
119	60436800	3.7	110400
119	63115200	-2.1	110400
119	65793600	2.7	110400
119	68299200	7.2	110400
119	70977600	9.5	110400
119	73569600	14.2	110400
119	76248000	18.4	110400
119	78840000	20.1	110400
119	81518400	18.5	110400
119	84196800	12.9	110400
119	86788800	7.8	110400
119	89467200	5.2	110400
119	92059200	0.2	110400
119	94737600	-0.3	110400
119	97416000	2	110400
119	99835200	5.1	110400
119	102513600	8	110400
119	105105600	15.2	110400
119	107784000	17.8	110400
119	110376000	20.3	110400
119	113054400	20.1	110400
119	115732800	16.5	110400
119	118324800	8.8	110400
119	121003200	3.3	110400
119	123595200	0.9	110400
119	126273600	2.3	110400
119	128952000	4.5	110400
119	131371200	7.7	110400
119	134049600	9.5	110400
119	136641600	13.6	110400
119	139320000	16.1	110400
119	141912000	18.9	110400
119	144590400	21.3	110400
119	147268800	15.5	110400
119	149860800	6.9	110400
119	152539200	4.4	110400
119	155131200	4.8	110400
119	157809600	3.3	110400
119	160488000	0.8	110400
119	162907200	5.8	110400
119	165585600	9.2	110400
119	168177600	15.7	110400
119	170856000	17.1	110400
119	173448000	20.1	110400
119	176126400	19.6	110400
119	178804800	17.8	110400
119	181396800	9.5	110400
119	184075200	3.4	110400
119	186667200	1.2	110400
119	189345600	1.8	110400
119	192024000	0.1	110400
119	194529600	2.4	110400
119	197208000	10.1	110400
119	199800000	14.2	110400
119	202478400	18.6	110400
119	205070400	20.9	110400
119	207748800	17	110400
119	210427200	13.9	110400
119	213019200	10.8	110400
119	215697600	6.3	110400
119	218289600	0.1	110400
119	220968000	-0.2	110400
119	223646400	3.4	110400
119	226065600	8.6	110400
119	228744000	8.4	110400
119	231336000	14.5	110400
119	234014400	18.9	110400
119	236606400	19.6	110400
119	239284800	18.3	110400
119	241963200	13.7	110400
119	244555200	10.7	110400
119	247233600	5.7	110400
119	249825600	-0.3	110400
119	252504000	0.5	110400
119	255182400	-1	110400
119	257601600	6.6	110400
119	260280000	8.5	110400
119	262872000	13	110400
119	265550400	17.1	110400
119	268142400	18	110400
119	270820800	18	110400
119	273499200	15.2	110400
119	276091200	10.5	110400
119	278769600	1.9	110400
119	281361600	0.5	110400
119	284040000	-3.8	110400
119	286718400	0.8	110400
119	289137600	6	110400
119	291816000	8.1	110400
119	294408000	14.9	110400
119	297086400	19.6	110400
119	299678400	17.5	110400
119	302356800	18.3	110400
119	305035200	15.2	110400
119	307627200	8.3	110400
119	310305600	4.6	110400
119	312897600	4.2	110400
119	315576000	-3.7	110400
119	318254400	2.3	110400
119	320760000	3.9	110400
119	323438400	6.8	110400
119	326030400	11.9	110400
119	328708800	17.5	110400
119	331300800	18.8	110400
119	333979200	19.3	110400
119	336657600	14.7	110400
119	339249600	9.4	110400
119	341928000	2.7	110400
119	344520000	0.6	110400
119	347198400	-1.4	110400
119	349876800	1.3	110400
119	352296000	8.1	110400
119	354974400	9.5	110400
119	357566400	14.7	110400
119	360244800	18.9	110400
119	362836800	19.6	110400
119	365515200	19.9	110400
119	368193600	15.7	110400
119	370785600	10.3	110400
119	373464000	5.1	110400
119	376056000	-0.6	110400
119	378734400	-3.5	110400
119	381412800	-1.7	110400
119	383832000	5.7	110400
119	386510400	7.7	110400
119	389102400	14.9	110400
119	391780800	18.9	110400
119	394372800	20.5	110400
119	397051200	19.9	110400
119	399729600	18.1	110400
119	402321600	10.4	110400
119	4.05e+08	5	110400
119	407592000	2.5	110400
119	410270400	4.8	110400
119	412948800	-1.4	110400
119	415368000	6.5	110400
119	418046400	11.3	110400
119	420638400	15.4	110400
119	423316800	18	110400
119	425908800	23.4	110400
119	428587200	20.7	110400
119	431265600	15.9	110400
119	433857600	10.4	110400
119	436536000	2.4	110400
119	439128000	0.7	110400
119	441806400	0.9	110400
119	444484800	0.2	110400
119	446990400	3.8	110400
119	449668800	8.7	110400
119	452260800	13.3	110400
119	454939200	16.7	110400
119	457531200	18.3	110400
119	460209600	18.8	110400
119	462888000	14.9	110400
119	465480000	10.7	110400
119	468158400	5.2	110400
119	470750400	0.2	110400
119	473428800	-6.1	110400
119	476107200	-2.7	110400
119	478526400	3.5	110400
119	481204800	10.2	110400
119	483796800	15.7	110400
119	486475200	16	110400
119	489067200	20.7	110400
119	491745600	19.5	110400
119	494424000	15.8	110400
119	497016000	9.5	110400
119	499694400	2	110400
119	502286400	3.1	110400
119	504964800	0.2	110400
119	507643200	-5.4	110400
119	510062400	2.9	110400
119	512740800	11.1	110400
119	515332800	17	110400
119	518011200	17.5	110400
119	520603200	19.5	110400
119	523281600	20.1	110400
119	525960000	15	110400
119	528552000	10.3	110400
119	531230400	4.8	110400
119	533822400	0	110400
119	536500800	-4.7	110400
119	539179200	-0.3	110400
119	541598400	-0.8	110400
119	544276800	10.2	110400
119	546868800	12.9	110400
119	549547200	17.6	110400
119	552139200	20.7	110400
119	554817600	17.9	110400
119	557496000	18	110400
119	560088000	10.7	110400
119	562766400	5.1	110400
119	565358400	2.5	110400
119	568036800	2.5	110400
119	570715200	2.8	110400
119	573220800	3.5	110400
119	575899200	9.5	110400
119	578491200	15.7	110400
119	581169600	17.7	110400
119	583761600	21.5	110400
119	586440000	20.1	110400
119	589118400	15.2	110400
119	591710400	10	110400
119	594388800	1.3	110400
119	596980800	3.2	110400
119	599659200	0.6	110400
119	602337600	4.3	110400
119	604756800	7.9	110400
119	607435200	10.4	110400
119	610027200	14.2	110400
119	612705600	16.2	110400
119	615297600	20.3	110400
119	617976000	19.2	110400
119	620654400	15.4	110400
119	623246400	10.5	110400
119	625924800	2.9	110400
119	628516800	1.5	110400
119	631195200	-0.1	110400
119	633873600	5.1	110400
119	636292800	8.9	110400
119	638971200	8.8	110400
119	641563200	15.4	110400
119	644241600	17.9	110400
119	646833600	19.7	110400
119	649512000	20.7	110400
119	652190400	13.6	110400
119	654782400	10.2	110400
119	657460800	5.9	110400
119	660052800	0	110400
119	662731200	0.4	110400
119	665409600	-3.2	110400
119	667828800	6.6	110400
119	670507200	8.6	110400
119	673099200	11.6	110400
119	675777600	17.1	110400
119	678369600	21.2	110400
119	681048000	20	110400
119	683726400	16.6	110400
119	686318400	8.9	110400
119	688996800	4.7	110400
119	691588800	-0.5	110400
119	694267200	1.9	110400
119	696945600	3.5	110400
119	699451200	5.7	110400
119	702129600	10.1	110400
119	704721600	15.3	110400
119	707400000	18.9	110400
119	709992000	21.6	110400
119	712670400	24.7	110400
119	715348800	16	110400
119	717940800	8.7	110400
119	720619200	5.4	110400
119	723211200	0.2	110400
119	725889600	1.5	110400
119	728568000	-1.8	110400
119	730987200	4.2	110400
119	733665600	10.6	110400
119	736257600	17.1	110400
119	738936000	18.5	110400
119	741528000	19.4	110400
119	744206400	20.1	110400
119	746884800	15.1	110400
119	749476800	10.3	110400
119	752155200	1.3	110400
119	754747200	2.1	110400
119	757425600	4.1	110400
119	760104000	0.5	110400
119	762523200	8.1	110400
119	765201600	10	110400
119	767793600	14.9	110400
119	770472000	18.9	110400
119	773064000	23.2	110400
119	775742400	21.8	110400
119	778420800	17.7	110400
119	781012800	8.2	110400
119	783691200	6.9	110400
119	786283200	1.9	110400
119	788961600	-0.2	110400
119	791640000	5.4	110400
119	794059200	4.2	110400
119	796737600	10.4	110400
119	799329600	14.6	110400
119	802008000	17.2	110400
119	804600000	23	110400
119	807278400	19.7	110400
119	809956800	14.3	110400
119	812548800	11.2	110400
119	815227200	2.3	110400
119	817819200	-0.5	110400
119	820497600	-3.1	110400
119	823176000	-3.1	110400
119	825681600	1.6	110400
119	828360000	9.5	110400
119	830952000	15.1	110400
119	833630400	18.5	110400
119	836222400	18.2	110400
119	838900800	18.7	110400
119	841579200	12.1	110400
119	844171200	10.9	110400
119	846849600	6.8	110400
119	849441600	-2.5	110400
119	852120000	-2.6	110400
119	854798400	3.7	110400
119	857217600	5.5	110400
119	859896000	7.3	110400
119	862488000	15.5	110400
119	865166400	18.1	110400
119	867758400	19.1	110400
119	870436800	20.1	110400
119	873115200	15.6	110400
119	875707200	7.9	110400
119	878385600	5	110400
119	880977600	2.1	110400
119	883656000	1.6	110400
119	886334400	5.7	110400
119	888753600	5	110400
119	891432000	11.4	110400
119	894024000	15.2	110400
119	896702400	19.5	110400
119	899294400	20.5	110400
119	901972800	20.8	110400
119	904651200	14.7	110400
119	907243200	10.6	110400
119	909921600	2.2	110400
119	912513600	-1.1	110400
119	915192000	0.3	110400
119	917870400	0.9	110400
119	920289600	6.8	110400
119	922968000	11.4	110400
119	925560000	15.4	110400
119	928238400	17.8	110400
119	930830400	20.9	110400
119	933508800	19	110400
119	936187200	17.4	110400
119	938779200	10.6	110400
119	941457600	3.1	110400
119	944049600	0.8	110400
119	946728000	-1.4	110400
119	949406400	4.5	110400
119	951912000	6.1	110400
119	954590400	13.1	110400
119	957182400	17.1	110400
119	959860800	20.3	110400
119	962452800	18.9	110400
119	965131200	21.4	110400
119	967809600	15.1	110400
119	970401600	12.6	110400
119	973080000	7.3	110400
119	975672000	2.1	110400
119	978350400	0.2	110400
119	981028800	2.8	110400
119	983448000	6.9	110400
119	986126400	9.2	110400
119	988718400	16.8	110400
119	991396800	17.3	110400
119	993988800	20.8	110400
119	996667200	21.6	110400
119	999345600	13.6	110400
119	1001937600	13.1	110400
119	1004616000	4	110400
119	1007208000	-2.1	110400
119	1009886400	1.2	110400
119	1012564800	5.8	110400
119	1014984000	7	110400
119	1017662400	9.9	110400
119	1020254400	17.3	110400
119	1022932800	20.2	110400
119	1025524800	21.6	110400
119	1028203200	20.3	110400
119	1030881600	14.6	110400
119	1033473600	9.2	110400
119	1036152000	7.3	110400
119	1038744000	-0.6	110400
119	1041422400	-0.6	110400
119	1044100800	-2.2	110400
119	1046520000	6.1	110400
119	1049198400	9.6	110400
119	1051790400	17.6	110400
119	1054468800	22.4	110400
119	1057060800	21.7	110400
119	1059739200	23.7	110400
119	1062417600	15.5	110400
119	1065009600	7.6	110400
119	1067688000	6.4	110400
119	1070280000	0.8	110400
119	1072958400	-1.8	110400
119	1075636800	3.2	110400
119	1078142400	4.1	110400
119	1080820800	11.2	110400
119	1083412800	14	110400
119	1086091200	17.7	110400
119	1088683200	19.9	110400
119	1091361600	20.6	110400
119	1094040000	15.5	110400
119	1096632000	11.3	110400
119	1099310400	6	110400
119	1101902400	1.1	110400
119	1104580800	1.6	110400
119	1107259200	-1.4	110400
119	1109678400	3.5	110400
119	1112356800	11	110400
119	1114948800	15.5	110400
119	1117627200	19	110400
119	1120219200	20.9	110400
119	1122897600	18.6	110400
119	1125576000	16.3	110400
119	1128168000	10.5	110400
119	1130846400	3.9	110400
119	1133438400	0.4	110400
119	1136116800	-4	110400
119	1138795200	-0.7	110400
119	1141214400	3.3	110400
119	1143892800	11.6	110400
119	1146484800	14.7	110400
119	1149163200	18.9	110400
119	1151755200	23.6	110400
119	1154433600	18	110400
119	1157112000	17.6	110400
119	1159704000	12.4	110400
119	1162382400	7.5	110400
119	1164974400	3.1	110400
119	1167652800	5.6	110400
119	1170331200	4.9	110400
119	1172750400	7.4	110400
119	1175428800	12.9	110400
119	1178020800	16.6	110400
119	1180699200	21	110400
119	1183291200	22.2	110400
119	1185969600	20.5	110400
119	1188648000	13.7	110400
119	1191240000	9	110400
119	1193918400	3.7	110400
119	1196510400	0.5	110400
119	1199188800	3.3	110400
119	1201867200	4.2	110400
119	1204372800	6.2	110400
119	1207051200	11	110400
119	1209643200	16	110400
119	1212321600	20.3	110400
119	1214913600	20.6	110400
119	1217592000	20.4	110400
119	1220270400	14.8	110400
119	1222862400	10.6	110400
119	1225540800	7	110400
119	1228132800	2.3	110400
137	-3124094400	-3.2	111900
137	-3121416000	-0.7	111900
137	-3118996800	4.2	111900
137	-3116318400	9.6	111900
137	-3113726400	11.3	111900
137	-3111048000	15.6	111900
137	-3108456000	20.1	111900
137	-3105777600	18.7	111900
137	-3103099200	15.2	111900
137	-3100507200	7.3	111900
137	-3097828800	2.7	111900
137	-3095236800	-6.4	111900
137	-3092558400	-1.1	111900
137	-3089880000	0.8	111900
137	-3087374400	6.1	111900
137	-3084696000	11.7	111900
137	-3082104000	16.4	111900
137	-3079425600	17.3	111900
137	-3076833600	20.1	111900
137	-3074155200	17.5	111900
137	-3071476800	15.9	111900
137	-3068884800	12.4	111900
137	-3066206400	6.1	111900
137	-3063614400	3.8	111900
137	-3060936000	0.9	111900
137	-3058257600	0	111900
137	-3055838400	7.2	111900
137	-3053160000	8.7	111900
137	-3050568000	11.7	111900
137	-3047889600	17.3	111900
137	-3045297600	21.7	111900
137	-3042619200	20.6	111900
137	-3039940800	13.7	111900
137	-3037348800	12.1	111900
137	-3034670400	5.2	111900
137	-3032078400	0.3	111900
137	-3029400000	-1.5	111900
137	-3026721600	0.2	111900
137	-3024302400	3.5	111900
137	-3021624000	11.4	111900
137	-3019032000	10.2	111900
137	-3016353600	18.1	111900
137	-3013761600	21.9	111900
137	-3011083200	17.5	111900
137	-3008404800	17.8	111900
137	-3005812800	10.1	111900
137	-3003134400	0.9	111900
137	-3000542400	-0.8	111900
137	-2997864000	-0.7	111900
137	-2995185600	-4.2	111900
137	-2992766400	-0.1	111900
137	-2990088000	8.3	111900
137	-2987496000	15.3	111900
137	-2984817600	21.1	111900
137	-2982225600	19.5	111900
137	-2979547200	19.8	111900
137	-2976868800	13.8	111900
137	-2974276800	7.8	111900
137	-2971598400	3	111900
137	-2969006400	-2.8	111900
137	-2966328000	-5.4	111900
137	-2963649600	-0.8	111900
137	-2961144000	5.8	111900
137	-2958465600	12.2	111900
137	-2955873600	10.7	111900
137	-2953195200	18.6	111900
137	-2950603200	19.4	111900
137	-2947924800	19.4	111900
137	-2945246400	13.8	111900
137	-2942654400	10.1	111900
137	-2939976000	0.3	111900
137	-2937384000	2.1	111900
137	-2934705600	1.5	111900
137	-2932027200	2.9	111900
137	-2929608000	3.5	111900
137	-2926929600	8.4	111900
137	-2924337600	12.2	111900
137	-2921659200	19.8	111900
137	-2919067200	19.5	111900
137	-2916388800	21.2	111900
137	-2913710400	12.2	111900
137	-2911118400	7.8	111900
137	-2908440000	5.5	111900
137	-2905848000	-0.4	111900
137	-2903169600	-2.2	111900
137	-2900491200	3.1	111900
137	-2898072000	4.3	111900
137	-2895393600	10.3	111900
137	-2892801600	14.9	111900
137	-2890123200	17.8	111900
137	-2887531200	18.4	111900
137	-2884852800	18.8	111900
137	-2882174400	16.1	111900
137	-2879582400	11.1	111900
137	-2876904000	4.9	111900
137	-2874312000	-2.1	111900
137	-2871633600	-2.2	111900
137	-2868955200	2.1	111900
137	-2866536000	3.6	111900
137	-2863857600	9.4	111900
137	-2861265600	12.5	111900
137	-2858587200	19.1	111900
137	-2855995200	17.7	111900
137	-2853316800	19.8	111900
137	-2850638400	16	111900
137	-2848046400	8.1	111900
137	-2845368000	1.3	111900
137	-2842776000	-7.7	111900
137	-2840097600	-2.4	111900
137	-2837419200	-1.6	111900
137	-2834913600	3.5	111900
137	-2832235200	12.4	111900
137	-2829643200	12.9	111900
137	-2826964800	17.6	111900
137	-2824372800	21.9	111900
137	-2821694400	17.5	111900
137	-2819016000	15.3	111900
137	-2816424000	9.9	111900
137	-2813745600	4.8	111900
137	-2811153600	3.3	111900
137	-2808475200	-5.1	111900
137	-2805796800	-0.5	111900
137	-2803377600	4.4	111900
137	-2800699200	7.1	111900
137	-2798107200	13.2	111900
137	-2795428800	17.2	111900
137	-2792836800	21.4	111900
137	-2790158400	19.8	111900
137	-2787480000	13.5	111900
137	-2784888000	6.1	111900
137	-2782209600	3	111900
137	-2779617600	0.2	111900
137	-2776939200	0.4	111900
137	-2774260800	2	111900
137	-2771841600	8.8	111900
137	-2769163200	9.5	111900
137	-2766571200	14.7	111900
137	-2763892800	16.2	111900
137	-2761300800	19.9	111900
137	-2758622400	16.4	111900
137	-2755944000	14.1	111900
137	-2753352000	10.5	111900
137	-2750673600	5	111900
137	-2748081600	1.3	111900
137	-2745403200	-2.3	111900
137	-2742724800	1.2	111900
137	-2740305600	-0.2	111900
137	-2737627200	7.6	111900
137	-2735035200	14.7	111900
137	-2732356800	18.5	111900
137	-2729764800	20.1	111900
137	-2727086400	18.7	111900
137	-2724408000	15.1	111900
137	-2721816000	9.7	111900
137	-2719137600	3.4	111900
137	-2716545600	-0.9	111900
137	-2713867200	0.4	111900
137	-2711188800	1.5	111900
137	-2708683200	5.3	111900
137	-2706004800	8.6	111900
137	-2703412800	15.4	111900
137	-2700734400	15.3	111900
137	-2698142400	20.4	111900
137	-2695464000	17.8	111900
137	-2692785600	14.9	111900
137	-2690193600	8.4	111900
137	-2687515200	2.1	111900
137	-2684923200	0.4	111900
137	-2682244800	-2.9	111900
137	-2679566400	2.6	111900
137	-2677147200	5.3	111900
137	-2674468800	12.3	111900
137	-2671876800	13.1	111900
137	-2669198400	19.1	111900
137	-2666606400	21.4	111900
137	-2663928000	17.8	111900
137	-2661249600	15.3	111900
137	-2658657600	9.2	111900
137	-2655979200	4.3	111900
137	-2653387200	-2.1	111900
137	-2650708800	-2.3	111900
137	-2648030400	-2	111900
137	-2645611200	0.2	111900
137	-2642932800	10.9	111900
137	-2640340800	14.3	111900
137	-2637662400	16.7	111900
137	-2635070400	19.5	111900
137	-2632392000	18.9	111900
137	-2629713600	16.7	111900
137	-2627121600	10.7	111900
137	-2624443200	5	111900
137	-2621851200	1.2	111900
137	-2619172800	-4.4	111900
137	-2616494400	-2.2	111900
137	-2614075200	2.2	111900
137	-2611396800	9.5	111900
137	-2608804800	12.8	111900
137	-2606126400	16.9	111900
137	-2603534400	22	111900
137	-2600856000	18.3	111900
137	-2598177600	15.3	111900
137	-2595585600	6.5	111900
137	-2592907200	4	111900
137	-2590315200	-1.3	111900
137	-2587636800	-3.3	111900
137	-2584958400	-4.1	111900
137	-2582452800	2.7	111900
137	-2579774400	7.9	111900
137	-2577182400	15.3	111900
137	-2574504000	17.7	111900
137	-2571912000	17.5	111900
137	-2569233600	17.4	111900
137	-2566555200	15	111900
137	-2563963200	7	111900
137	-2561284800	1	111900
137	-2558692800	0	111900
137	-2556014400	-3.5	111900
137	-2553336000	-0.9	111900
137	-2550916800	0.9	111900
137	-2548238400	9	111900
137	-2545646400	17	111900
137	-2542968000	19.5	111900
137	-2540376000	19.6	111900
137	-2537697600	17.4	111900
137	-2535019200	11.3	111900
137	-2532427200	10.6	111900
137	-2529748800	2.3	111900
137	-2527156800	-4.8	111900
137	-2524478400	0.5	111900
137	-2521800000	-2.7	111900
137	-2519380800	5.3	111900
137	-2516702400	9.1	111900
137	-2514110400	15.3	111900
137	-2511432000	15.5	111900
137	-2508840000	19.5	111900
137	-2506161600	21.3	111900
137	-2503483200	14.3	111900
137	-2500891200	8.1	111900
137	-2498212800	3.4	111900
137	-2495620800	-5.7	111900
137	-2492942400	-7.2	111900
137	-2490264000	-2.7	111900
137	-2487844800	4.3	111900
137	-2485166400	7	111900
137	-2482574400	16	111900
137	-2479896000	17.9	111900
137	-2477304000	19.7	111900
137	-2474625600	18	111900
137	-2471947200	15.3	111900
137	-2469355200	11.7	111900
137	-2466676800	3	111900
137	-2464084800	0.9	111900
137	-2461406400	-2.3	111900
137	-2458728000	1	111900
137	-2456222400	2.5	111900
137	-2453544000	10.5	111900
137	-2450952000	15	111900
137	-2448273600	18.1	111900
137	-2445681600	19.4	111900
137	-2443003200	21	111900
137	-2440324800	16.9	111900
137	-2437732800	9.1	111900
137	-2435054400	1.3	111900
137	-2432462400	-2.9	111900
137	-2429784000	-7.7	111900
137	-2427105600	2	111900
137	-2424686400	4.8	111900
137	-2422008000	9.2	111900
137	-2419416000	13.7	111900
137	-2416737600	17.1	111900
137	-2414145600	19.3	111900
137	-2411467200	18.7	111900
137	-2408788800	14.9	111900
137	-2406196800	11	111900
137	-2403518400	1.7	111900
137	-2400926400	0.3	111900
137	-2398248000	-3.7	111900
137	-2395569600	2.3	111900
137	-2393150400	5.6	111900
137	-2390472000	11.9	111900
137	-2387880000	14.8	111900
137	-2385201600	16.3	111900
137	-2382609600	21.1	111900
137	-2379931200	18.5	111900
137	-2377252800	13.3	111900
137	-2374660800	10.4	111900
137	-2371982400	4.8	111900
137	-2369390400	-0.5	111900
137	-2366712000	-2.3	111900
137	-2364033600	-4.8	111900
137	-2361614400	2.6	111900
137	-2358936000	9.4	111900
137	-2356344000	13.4	111900
137	-2353665600	17.5	111900
137	-2351073600	20.7	111900
137	-2348395200	18.5	111900
137	-2345716800	16.6	111900
137	-2343124800	9	111900
137	-2340446400	5.5	111900
137	-2337854400	-0.6	111900
137	-2335176000	-5	111900
137	-2332497600	-1.1	111900
137	-2329992000	6.2	111900
137	-2327313600	7.4	111900
137	-2324721600	12.4	111900
137	-2322043200	18.3	111900
137	-2319451200	20.2	111900
137	-2316772800	16.4	111900
137	-2314094400	15	111900
137	-2311502400	11.4	111900
137	-2308824000	2.6	111900
137	-2306232000	0.1	111900
137	-2303553600	-1.7	111900
137	-2300875200	2	111900
137	-2298456000	7.3	111900
137	-2295777600	10	111900
137	-2293185600	12.4	111900
137	-2290507200	18.7	111900
137	-2287915200	19.5	111900
137	-2285236800	18.7	111900
137	-2282558400	14.8	111900
137	-2279966400	7.7	111900
137	-2277288000	1.2	111900
137	-2274696000	-1	111900
137	-2272017600	0.3	111900
137	-2269339200	1.7	111900
137	-2266920000	5.2	111900
137	-2264241600	10.7	111900
137	-2261649600	14.2	111900
137	-2258971200	16.4	111900
137	-2256379200	18.1	111900
137	-2253700800	19.7	111900
137	-2251022400	15.3	111900
137	-2248430400	9.8	111900
137	-2245752000	6.8	111900
137	-2243160000	1.8	111900
137	-2240481600	2.1	111900
137	-2237803200	0.5	111900
137	-2235384000	3.6	111900
137	-2232705600	9.6	111900
137	-2230113600	13.8	111900
137	-2227435200	17.1	111900
137	-2224843200	20	111900
137	-2222164800	19	111900
137	-2219486400	13.9	111900
137	-2216894400	7.4	111900
137	-2214216000	5.9	111900
137	-2211624000	-4.6	111900
137	-2208945600	-0.4	111900
137	-2206267200	3.9	111900
137	-2203848000	1.3	111900
137	-2201169600	8.3	111900
137	-2198577600	12.8	111900
137	-2195899200	17.9	111900
137	-2193307200	20.9	111900
137	-2190628800	17.7	111900
137	-2187950400	16.2	111900
137	-2185358400	10	111900
137	-2182680000	6.6	111900
137	-2180088000	0.7	111900
137	-2177409600	-4.9	111900
137	-2174731200	-3.8	111900
137	-2172312000	4	111900
137	-2169633600	10.4	111900
137	-2167041600	14.7	111900
137	-2164363200	18.3	111900
137	-2161771200	20.6	111900
137	-2159092800	18.9	111900
137	-2156414400	13.8	111900
137	-2153822400	11	111900
137	-2151144000	2.6	111900
137	-2148552000	2.6	111900
137	-2145873600	2.9	111900
137	-2143195200	-0.2	111900
137	-2140776000	4.4	111900
137	-2138097600	9.4	111900
137	-2135505600	11	111900
137	-2132827200	16.3	111900
137	-2130235200	18.3	111900
137	-2127556800	18.7	111900
137	-2124878400	14.3	111900
137	-2122286400	8.5	111900
137	-2119608000	0.3	111900
137	-2117016000	-3.3	111900
137	-2114337600	-4	111900
137	-2111659200	3.8	111900
137	-2109240000	7	111900
137	-2106561600	6.3	111900
137	-2103969600	14.2	111900
137	-2101291200	16.1	111900
137	-2098699200	18.4	111900
137	-2096020800	18.2	111900
137	-2093342400	14.1	111900
137	-2090750400	9.7	111900
137	-2088072000	5.3	111900
137	-2085480000	0.5	111900
137	-2082801600	-2.3	111900
137	-2080123200	2.8	111900
137	-2077617600	4.5	111900
137	-2074939200	10.1	111900
137	-2072347200	13.7	111900
137	-2069668800	17.8	111900
137	-2067076800	21.6	111900
137	-2064398400	19.6	111900
137	-2061720000	13.2	111900
137	-2059128000	9.4	111900
137	-2056449600	3.2	111900
137	-2053857600	1.2	111900
137	-2051179200	-3	111900
137	-2048500800	1.3	111900
137	-2046081600	6.8	111900
137	-2043403200	8.8	111900
137	-2040811200	14	111900
137	-2038132800	18.8	111900
137	-2035540800	21.6	111900
137	-2032862400	20.6	111900
137	-2030184000	15.9	111900
137	-2027592000	4.7	111900
137	-2024913600	4.5	111900
137	-2022321600	1.2	111900
137	-2019643200	-0.9	111900
137	-2016964800	0.8	111900
137	-2014545600	4.4	111900
137	-2011867200	10	111900
137	-2009275200	14.8	111900
137	-2006596800	16.3	111900
137	-2004004800	19.5	111900
137	-2001326400	18.1	111900
137	-1998648000	13.1	111900
137	-1996056000	9.2	111900
137	-1993377600	6.9	111900
137	-1990785600	-1.6	111900
137	-1988107200	-1.3	111900
137	-1985428800	-1.3	111900
137	-1983009600	2.8	111900
137	-1980331200	7.1	111900
137	-1977739200	15.7	111900
137	-1975060800	18	111900
137	-1972468800	18.2	111900
137	-1969790400	19	111900
137	-1967112000	14.5	111900
137	-1964520000	14	111900
137	-1961841600	2.6	111900
137	-1959249600	1.7	111900
137	-1956571200	-3.1	111900
137	-1953892800	2	111900
137	-1951387200	3.6	111900
137	-1948708800	8	111900
137	-1946116800	17.1	111900
137	-1943438400	19.6	111900
137	-1940846400	19.5	111900
137	-1938168000	17.4	111900
137	-1935489600	12.9	111900
137	-1932897600	8	111900
137	-1930219200	-0.4	111900
137	-1927627200	-1.7	111900
137	-1924948800	-2.4	111900
137	-1922270400	-2.9	111900
137	-1919851200	3	111900
137	-1917172800	9.9	111900
137	-1914580800	12.4	111900
137	-1911902400	16.7	111900
137	-1909310400	17.6	111900
137	-1906632000	18.6	111900
137	-1903953600	14.9	111900
137	-1901361600	11.1	111900
137	-1898683200	2.7	111900
137	-1896091200	1.9	111900
137	-1893412800	0.5	111900
137	-1890734400	3.1	111900
137	-1888315200	5.1	111900
137	-1885636800	9	111900
137	-1883044800	13.6	111900
137	-1880366400	17.8	111900
137	-1877774400	18.1	111900
137	-1875096000	18.3	111900
137	-1872417600	13.3	111900
137	-1869825600	9.5	111900
137	-1867147200	3.9	111900
137	-1864555200	3.8	111900
137	-1861876800	-1.3	111900
137	-1859198400	0.1	111900
137	-1856779200	5.4	111900
137	-1854100800	9.1	111900
137	-1851508800	14.9	111900
137	-1848830400	17.6	111900
137	-1846238400	21.1	111900
137	-1843560000	20.5	111900
137	-1840881600	15.6	111900
137	-1838289600	9.1	111900
137	-1835611200	6.6	111900
137	-1833019200	2.3	111900
137	-1830340800	-3.1	111900
137	-1827662400	2.8	111900
137	-1825156800	7.5	111900
137	-1822478400	7.8	111900
137	-1819886400	13.6	111900
137	-1817208000	18.1	111900
137	-1814616000	18.9	111900
137	-1811937600	16.8	111900
137	-1809259200	9.9	111900
137	-1806667200	6.6	111900
137	-1803988800	1.4	111900
137	-1801396800	1.4	111900
137	-1798718400	-2.8	111900
137	-1796040000	-0.2	111900
137	-1793620800	6.7	111900
137	-1790942400	9.5	111900
137	-1788350400	13.5	111900
137	-1785672000	17.2	111900
137	-1783080000	16.3	111900
137	-1780401600	16.9	111900
137	-1777723200	14	111900
137	-1775131200	9.9	111900
137	-1772452800	6.1	111900
137	-1769860800	1.4	111900
137	-1767182400	-5.8	111900
137	-1764504000	-2.1	111900
137	-1762084800	6	111900
137	-1759406400	10.9	111900
137	-1756814400	13.6	111900
137	-1754136000	16.7	111900
137	-1751544000	18.8	111900
137	-1748865600	18.9	111900
137	-1746187200	14.1	111900
137	-1743595200	8.3	111900
137	-1740916800	3.1	111900
137	-1738324800	1.9	111900
137	-1735646400	0.7	111900
137	-1732968000	0.9	111900
137	-1730548800	3.1	111900
137	-1727870400	9.2	111900
137	-1725278400	15.1	111900
137	-1722600000	19.4	111900
137	-1720008000	18.4	111900
137	-1717329600	16.7	111900
137	-1714651200	12.5	111900
137	-1712059200	7.8	111900
137	-1709380800	2.5	111900
137	-1706788800	4	111900
137	-1704110400	3.6	111900
137	-1701432000	0.7	111900
137	-1698926400	8.2	111900
137	-1696248000	10.3	111900
137	-1693656000	15.6	111900
137	-1690977600	15.7	111900
137	-1688385600	18.5	111900
137	-1685707200	17.9	111900
137	-1683028800	12.8	111900
137	-1680436800	8.2	111900
137	-1677758400	5.7	111900
137	-1675166400	3.5	111900
137	-1672488000	-2	111900
137	-1669809600	-5.2	111900
137	-1667390400	1.9	111900
137	-1664712000	7.5	111900
137	-1662120000	15.5	111900
137	-1659441600	19.3	111900
137	-1656849600	19.7	111900
137	-1654171200	18.5	111900
137	-1651492800	15.2	111900
137	-1648900800	8.9	111900
137	-1646222400	4	111900
137	-1643630400	-2.2	111900
137	-1640952000	-0.6	111900
137	-1638273600	0.6	111900
137	-1635854400	4.9	111900
137	-1633176000	12.1	111900
137	-1630584000	15.8	111900
137	-1627905600	14.6	111900
137	-1625313600	18.4	111900
137	-1622635200	18.3	111900
137	-1619956800	15.9	111900
137	-1617364800	9.8	111900
137	-1614686400	3.2	111900
137	-1612094400	2.4	111900
137	-1609416000	1	111900
137	-1606737600	-0.6	111900
137	-1604318400	4.8	111900
137	-1601640000	7.4	111900
137	-1599048000	11.1	111900
137	-1596369600	17	111900
137	-1593777600	17.2	111900
137	-1591099200	18.5	111900
137	-1588420800	16.7	111900
137	-1585828800	7.9	111900
137	-1583150400	2.8	111900
137	-1580558400	1.1	111900
137	-1577880000	2.5	111900
137	-1575201600	3.2	111900
137	-1572696000	7.4	111900
137	-1570017600	12.6	111900
137	-1567425600	16.3	111900
137	-1564747200	16.4	111900
137	-1562155200	19.9	111900
137	-1559476800	17	111900
137	-1556798400	15.2	111900
137	-1554206400	6.7	111900
137	-1551528000	-0.4	111900
137	-1548936000	0.3	111900
137	-1546257600	4.2	111900
137	-1543579200	1	111900
137	-1541160000	6.2	111900
137	-1538481600	7.9	111900
137	-1535889600	15.7	111900
137	-1533211200	16.3	111900
137	-1530619200	20.5	111900
137	-1527940800	20.6	111900
137	-1525262400	14.2	111900
137	-1522670400	10.9	111900
137	-1519992000	1.1	111900
137	-1517400000	-0.8	111900
137	-1514721600	-2.1	111900
137	-1512043200	-1.9	111900
137	-1509624000	5.6	111900
137	-1506945600	8	111900
137	-1504353600	15	111900
137	-1501675200	18.6	111900
137	-1499083200	19.2	111900
137	-1496404800	18.3	111900
137	-1493726400	12.6	111900
137	-1491134400	6.5	111900
137	-1488456000	2.6	111900
137	-1485864000	1.6	111900
137	-1483185600	1.4	111900
137	-1480507200	0.9	111900
137	-1478088000	5.1	111900
137	-1475409600	8.3	111900
137	-1472817600	16	111900
137	-1470139200	14.5	111900
137	-1467547200	20.8	111900
137	-1464868800	18.8	111900
137	-1462190400	14.7	111900
137	-1459598400	11.7	111900
137	-1456920000	5.4	111900
137	-1454328000	-0.1	111900
137	-1451649600	-2.7	111900
137	-1448971200	-2.1	111900
137	-1446465600	3.4	111900
137	-1443787200	8.7	111900
137	-1441195200	16.1	111900
137	-1438516800	16.9	111900
137	-1435924800	19.1	111900
137	-1433246400	16.4	111900
137	-1430568000	15.6	111900
137	-1427976000	9.4	111900
137	-1425297600	2.7	111900
137	-1422705600	-0.2	111900
137	-1420027200	0.4	111900
137	-1417348800	4.5	111900
137	-1414929600	3.4	111900
137	-1412251200	9.8	111900
137	-1409659200	15.1	111900
137	-1406980800	16.2	111900
137	-1404388800	19	111900
137	-1401710400	18.4	111900
137	-1399032000	13.2	111900
137	-1396440000	9.5	111900
137	-1393761600	4.3	111900
137	-1391169600	-1.1	111900
137	-1388491200	-2	111900
137	-1385812800	4.8	111900
137	-1383393600	5	111900
137	-1380715200	11.7	111900
137	-1378123200	13.6	111900
137	-1375444800	16.2	111900
137	-1372852800	18.9	111900
137	-1370174400	17.9	111900
137	-1367496000	16	111900
137	-1364904000	10.2	111900
137	-1362225600	9.7	111900
137	-1359633600	0.8	111900
137	-1356955200	1.8	111900
137	-1354276800	0.2	111900
137	-1351857600	7.2	111900
137	-1349179200	9.8	111900
137	-1346587200	13.6	111900
137	-1343908800	18.5	111900
137	-1341316800	20.2	111900
137	-1338638400	19.7	111900
137	-1335960000	16.1	111900
137	-1333368000	8.9	111900
137	-1330689600	4.5	111900
137	-1328097600	-3.5	111900
137	-1325419200	0.4	111900
137	-1322740800	1.4	111900
137	-1320235200	2.9	111900
137	-1317556800	10.6	111900
137	-1314964800	11.7	111900
137	-1312286400	17.1	111900
137	-1309694400	22.4	111900
137	-1307016000	20	111900
137	-1304337600	15	111900
137	-1301745600	10.1	111900
137	-1299067200	7.3	111900
137	-1296475200	-0.9	111900
137	-1293796800	-5.5	111900
137	-1291118400	-10.1	111900
137	-1288699200	2.6	111900
137	-1286020800	6.8	111900
137	-1283428800	15.3	111900
137	-1280750400	17.2	111900
137	-1278158400	20.5	111900
137	-1275480000	20	111900
137	-1272801600	17	111900
137	-1270209600	11.3	111900
137	-1267531200	6.2	111900
137	-1264939200	2.9	111900
137	-1262260800	0	111900
137	-1259582400	-1.2	111900
137	-1257163200	6.7	111900
137	-1254484800	10.7	111900
137	-1251892800	14.1	111900
137	-1249214400	19.6	111900
137	-1246622400	19.1	111900
137	-1243944000	17.8	111900
137	-1241265600	15.6	111900
137	-1238673600	9.6	111900
137	-1235995200	7.1	111900
137	-1233403200	-0.1	111900
137	-1230724800	-0.2	111900
137	-1228046400	-0.5	111900
137	-1225627200	1.1	111900
137	-1222948800	7.2	111900
137	-1220356800	17.6	111900
137	-1217678400	19.6	111900
137	-1215086400	20.4	111900
137	-1212408000	17.7	111900
137	-1209729600	11.6	111900
137	-1207137600	8.2	111900
137	-1204459200	3.6	111900
137	-1201867200	-1	111900
137	-1199188800	0.1	111900
137	-1196510400	-2.9	111900
137	-1194004800	0.8	111900
137	-1191326400	10.4	111900
137	-1188734400	15.5	111900
137	-1186056000	17.2	111900
137	-1183464000	21.5	111900
137	-1180785600	20.7	111900
137	-1178107200	19.3	111900
137	-1175515200	10.3	111900
137	-1172836800	4.2	111900
137	-1170244800	-0.2	111900
137	-1167566400	-3.6	111900
137	-1164888000	1.4	111900
137	-1162468800	5.3	111900
137	-1159790400	8.4	111900
137	-1157198400	13.2	111900
137	-1154520000	15.4	111900
137	-1151928000	19.5	111900
137	-1149249600	19.3	111900
137	-1146571200	14.5	111900
137	-1143979200	9.5	111900
137	-1141300800	3.7	111900
137	-1138708800	-5.4	111900
137	-1136030400	-1.2	111900
137	-1133352000	0.9	111900
137	-1130932800	7.3	111900
137	-1128254400	13	111900
137	-1125662400	16.2	111900
137	-1122984000	17.6	111900
137	-1120392000	21	111900
137	-1117713600	19.2	111900
137	-1115035200	16.1	111900
137	-1112443200	9.9	111900
137	-1109764800	6.4	111900
137	-1107172800	5.2	111900
137	-1104494400	-3	111900
137	-1101816000	1.5	111900
137	-1099396800	2.5	111900
137	-1096718400	9.4	111900
137	-1094126400	12.5	111900
137	-1091448000	20	111900
137	-1088856000	20.3	111900
137	-1086177600	18.6	111900
137	-1083499200	15.8	111900
137	-1080907200	11.7	111900
137	-1078228800	5	111900
137	-1075636800	0.9	111900
137	-1072958400	3.8	111900
137	-1070280000	1.8	111900
137	-1067774400	6.8	111900
137	-1065096000	10	111900
137	-1062504000	14.6	111900
137	-1059825600	17.4	111900
137	-1057233600	20.8	111900
137	-1054555200	17.6	111900
137	-1051876800	14.9	111900
137	-1049284800	6.1	111900
137	-1046606400	3.7	111900
137	-1044014400	0.5	111900
137	-1041336000	-3	111900
137	-1038657600	2	111900
137	-1036238400	6.3	111900
137	-1033560000	9.2	111900
137	-1030968000	16.9	111900
137	-1028289600	19.1	111900
137	-1025697600	19.4	111900
137	-1023019200	18.3	111900
137	-1020340800	15.1	111900
137	-1017748800	10.5	111900
137	-1015070400	4.3	111900
137	-1012478400	-0.2	111900
137	-1009800000	0.5	111900
137	-1007121600	1.6	111900
137	-1004702400	8.7	111900
137	-1002024000	6.5	111900
137	-999432000	13.3	111900
137	-996753600	19.2	111900
137	-994161600	19.8	111900
137	-991483200	18.9	111900
137	-988804800	14.9	111900
137	-986212800	10.6	111900
137	-983534400	6.3	111900
137	-980942400	-2	111900
137	-978264000	0.5	111900
137	-975585600	2.3	111900
137	-973166400	1.8	111900
137	-970488000	13	111900
137	-967896000	13.2	111900
137	-965217600	18.1	111900
137	-962625600	20.3	111900
137	-959947200	19.5	111900
137	-957268800	14.6	111900
137	-954676800	7.9	111900
137	-951998400	5.2	111900
137	-949406400	-1.5	111900
137	-946728000	-8.6	111900
137	-944049600	-6.2	111900
137	-941544000	2.8	111900
137	-938865600	9.9	111900
137	-936273600	12.7	111900
137	-933595200	17.7	111900
137	-931003200	18.8	111900
137	-928324800	16	111900
137	-925646400	15.1	111900
137	-923054400	8.9	111900
137	-920376000	6.5	111900
137	-917784000	-4.2	111900
137	-915105600	-4.2	111900
137	-912427200	0.5	111900
137	-910008000	5.5	111900
137	-907329600	8.1	111900
137	-904737600	11.5	111900
137	-902059200	17.4	111900
137	-899467200	18.9	111900
137	-896788800	18	111900
137	-894110400	13.2	111900
137	-891518400	8.8	111900
137	-888840000	0.8	111900
137	-886248000	0.9	111900
137	-883569600	-9.4	111900
137	-880891200	-3.8	111900
137	-878472000	1.5	111900
137	-875793600	8	111900
137	-873201600	14.8	111900
137	-870523200	16.8	111900
137	-867931200	18.6	111900
137	-865252800	19.7	111900
137	-862574400	18.8	111900
137	-859982400	12.5	111900
137	-857304000	3.6	111900
137	-854712000	1.8	111900
137	-852033600	-5	111900
137	-849355200	3.1	111900
137	-846936000	6.3	111900
137	-844257600	11.7	111900
137	-841665600	13.3	111900
137	-838987200	16.2	111900
137	-836395200	19.5	111900
137	-833716800	21.7	111900
137	-831038400	16.6	111900
137	-828446400	10.8	111900
137	-825768000	3.8	111900
137	-823176000	0.6	111900
137	-820497600	3.3	111900
137	-817819200	-0.8	111900
137	-815313600	1.3	111900
137	-812635200	10.5	111900
137	-810043200	13.1	111900
137	-807364800	16.7	111900
137	-804772800	19.1	111900
137	-802094400	20.9	111900
137	-799416000	15	111900
137	-796824000	10.3	111900
137	-794145600	4.1	111900
137	-791553600	-0.5	111900
137	-788875200	-5.2	111900
137	-786196800	2.3	111900
137	-783777600	6.9	111900
137	-781099200	11.1	111900
137	-778507200	17.2	111900
137	-775828800	20.2	111900
137	-773236800	21.9	111900
137	-770558400	20.4	111900
137	-767880000	15.6	111900
137	-765288000	9.9	111900
137	-762609600	4.1	111900
137	-760017600	1.6	111900
137	-757339200	-4.1	111900
137	-754660800	3.4	111900
137	-752241600	6	111900
137	-749563200	12.6	111900
137	-746971200	17.2	111900
137	-744292800	18.9	111900
137	-741700800	21.2	111900
137	-739022400	19.8	111900
137	-736344000	17.1	111900
137	-733752000	6.2	111900
137	-731073600	3.8	111900
137	-728481600	-2.3	111900
137	-725803200	-6.1	111900
137	-723124800	-5	111900
137	-720705600	4.2	111900
137	-718027200	12.2	111900
137	-715435200	15.7	111900
137	-712756800	19	111900
137	-710164800	21	111900
137	-707486400	19.2	111900
137	-704808000	18	111900
137	-702216000	7.6	111900
137	-699537600	6.5	111900
137	-696945600	1.8	111900
137	-694267200	3.2	111900
137	-691588800	0.4	111900
137	-689083200	6.1	111900
137	-686404800	11.9	111900
137	-683812800	16.8	111900
137	-681134400	17.1	111900
137	-678542400	17.5	111900
137	-675864000	18.6	111900
137	-673185600	16.3	111900
137	-670593600	9.6	111900
137	-667915200	3.9	111900
137	-665323200	-2.2	111900
137	-662644800	1.4	111900
137	-659966400	2.2	111900
137	-657547200	3.1	111900
137	-654868800	12.3	111900
137	-652276800	15.1	111900
137	-649598400	16.7	111900
137	-647006400	19.4	111900
137	-644328000	18.6	111900
137	-641649600	16.4	111900
137	-639057600	11.1	111900
137	-636379200	5.3	111900
137	-633787200	2.4	111900
137	-631108800	-4.1	111900
137	-628430400	1.8	111900
137	-626011200	6.7	111900
137	-623332800	10.2	111900
137	-620740800	16.5	111900
137	-618062400	19.8	111900
137	-615470400	21.2	111900
137	-612792000	19.8	111900
137	-610113600	15.6	111900
137	-607521600	7.4	111900
137	-604843200	5.1	111900
137	-602251200	0.4	111900
137	-599572800	0.6	111900
137	-596894400	3.8	111900
137	-594475200	4.3	111900
137	-591796800	10.4	111900
137	-589204800	13.9	111900
137	-586526400	18	111900
137	-583934400	19.6	111900
137	-581256000	20.3	111900
137	-578577600	16.7	111900
137	-575985600	8.1	111900
137	-573307200	7.5	111900
137	-570715200	1.3	111900
137	-568036800	0	111900
137	-565358400	0.5	111900
137	-562852800	2.1	111900
137	-560174400	13	111900
137	-557582400	13.6	111900
137	-554904000	17.7	111900
137	-552312000	21	111900
137	-549633600	21.2	111900
137	-546955200	13	111900
137	-544363200	8.7	111900
137	-541684800	2.8	111900
137	-539092800	-0.9	111900
137	-536414400	-1.1	111900
137	-533736000	0.7	111900
137	-531316800	4.5	111900
137	-528638400	10.8	111900
137	-526046400	14	111900
137	-523368000	18.1	111900
137	-520776000	20.7	111900
137	-518097600	17.8	111900
137	-515419200	15.9	111900
137	-512827200	11.1	111900
137	-510148800	2.8	111900
137	-507556800	0.5	111900
137	-504878400	-4.8	111900
137	-502200000	-5.8	111900
137	-499780800	5.9	111900
137	-497102400	7.2	111900
137	-494510400	13.8	111900
137	-491832000	18.8	111900
137	-489240000	17.6	111900
137	-486561600	18.8	111900
137	-483883200	16.3	111900
137	-481291200	9.3	111900
137	-478612800	3.2	111900
137	-476020800	3.5	111900
137	-473342400	-1.4	111900
137	-470664000	0.3	111900
137	-468244800	2	111900
137	-465566400	7.6	111900
137	-462974400	13.1	111900
137	-460296000	16.8	111900
137	-457704000	19	111900
137	-455025600	17.7	111900
137	-452347200	14.8	111900
137	-449755200	9	111900
137	-447076800	4.2	111900
137	-444484800	3.1	111900
137	-441806400	-0.3	111900
137	-439128000	-8.9	111900
137	-436622400	1.6	111900
137	-433944000	8.8	111900
137	-431352000	13.9	111900
137	-428673600	16.3	111900
137	-426081600	19.6	111900
137	-423403200	18.1	111900
137	-420724800	15.8	111900
137	-418132800	9	111900
137	-415454400	1.8	111900
137	-412862400	0.2	111900
137	-410184000	-2.4	111900
137	-407505600	3.6	111900
137	-405086400	6.6	111900
137	-402408000	9.5	111900
137	-399816000	11.6	111900
137	-397137600	19.2	111900
137	-394545600	19.9	111900
137	-391867200	17.3	111900
137	-389188800	14	111900
137	-386596800	9.6	111900
137	-383918400	6.3	111900
137	-381326400	1	111900
137	-378648000	-0.6	111900
137	-375969600	3.5	111900
137	-373550400	0.4	111900
137	-370872000	7.7	111900
137	-368280000	18.6	111900
137	-365601600	17.2	111900
137	-363009600	20.2	111900
137	-360331200	19.4	111900
137	-357652800	15.3	111900
137	-355060800	10.8	111900
137	-352382400	5.5	111900
137	-349790400	3.4	111900
137	-347112000	0.2	111900
137	-344433600	-0.2	111900
137	-342014400	7.3	111900
137	-339336000	10.5	111900
137	-336744000	14.4	111900
137	-334065600	17	111900
137	-331473600	20.3	111900
137	-328795200	18.5	111900
137	-326116800	13.6	111900
137	-323524800	9.4	111900
137	-320846400	5	111900
137	-318254400	3.6	111900
137	-315576000	-1.5	111900
137	-312897600	-0.3	111900
137	-310392000	5	111900
137	-307713600	9.9	111900
137	-305121600	13.7	111900
137	-302443200	18.5	111900
137	-299851200	18	111900
137	-297172800	19.1	111900
137	-294494400	13.9	111900
137	-291902400	11	111900
137	-289224000	6.2	111900
137	-286632000	2.4	111900
137	-283953600	-2.7	111900
137	-281275200	3.4	111900
137	-278856000	8.1	111900
137	-276177600	12.9	111900
137	-273585600	13	111900
137	-270907200	19	111900
137	-268315200	18.5	111900
137	-265636800	19.3	111900
137	-262958400	17.8	111900
137	-260366400	11.2	111900
137	-257688000	4.2	111900
137	-255096000	-1.5	111900
137	-252417600	-0.2	111900
137	-249739200	0.5	111900
137	-247320000	1.6	111900
137	-244641600	11.5	111900
137	-242049600	12.9	111900
137	-239371200	16.1	111900
137	-236779200	18.1	111900
137	-234100800	20.5	111900
137	-231422400	14.4	111900
137	-228830400	10.2	111900
137	-226152000	3.8	111900
137	-223560000	-3.3	111900
137	-220881600	-5.9	111900
137	-218203200	-4.6	111900
137	-215784000	2.6	111900
137	-213105600	10.9	111900
137	-210513600	14.3	111900
137	-207835200	18.7	111900
137	-205243200	20.9	111900
137	-202564800	19.7	111900
137	-199886400	16.4	111900
137	-197294400	9.7	111900
137	-194616000	8.4	111900
137	-192024000	-5.1	111900
137	-189345600	-5	111900
137	-186667200	0.5	111900
137	-184161600	1	111900
137	-181483200	11.1	111900
137	-178891200	14.7	111900
137	-176212800	20	111900
137	-173620800	20.4	111900
137	-170942400	18.7	111900
137	-168264000	15.8	111900
137	-165672000	8.7	111900
137	-162993600	6.4	111900
137	-160401600	-0.3	111900
137	-157723200	0.5	111900
137	-155044800	-2.4	111900
137	-152625600	4.3	111900
137	-149947200	8.6	111900
137	-147355200	13	111900
137	-144676800	17.7	111900
137	-142084800	18.7	111900
137	-139406400	17.3	111900
137	-136728000	15.7	111900
137	-134136000	7.9	111900
137	-131457600	2.3	111900
137	-128865600	2	111900
137	-126187200	-3.3	111900
137	-123508800	6.6	111900
137	-121089600	4.9	111900
137	-118411200	12.1	111900
137	-115819200	15	111900
137	-113140800	18.3	111900
137	-110548800	18.6	111900
137	-107870400	18.2	111900
137	-105192000	15.2	111900
137	-102600000	13.5	111900
137	-99921600	3.6	111900
137	-97329600	1.9	111900
137	-94651200	-0.9	111900
137	-91972800	2.3	111900
137	-89553600	6.9	111900
137	-86875200	9.3	111900
137	-84283200	15.3	111900
137	-81604800	17.6	111900
137	-79012800	21.5	111900
137	-76334400	18.9	111900
137	-73656000	16.2	111900
137	-71064000	11.7	111900
137	-68385600	4.4	111900
137	-65793600	0.9	111900
137	-63115200	-1.9	111900
137	-60436800	2.3	111900
137	-57931200	6	111900
137	-55252800	12	111900
137	-52660800	15.2	111900
137	-49982400	18.9	111900
137	-47390400	19.4	111900
137	-44712000	18.1	111900
137	-42033600	15.3	111900
137	-39441600	10.4	111900
137	-36763200	5.6	111900
137	-34171200	-2.4	111900
137	-31492800	-1.8	111900
137	-28814400	-0.9	111900
137	-26395200	2.4	111900
137	-23716800	9.9	111900
137	-21124800	17.7	111900
137	-18446400	16.9	111900
137	-15854400	20.3	111900
137	-13176000	17.8	111900
137	-10497600	15.7	111900
137	-7905600	11.1	111900
137	-5227200	6.2	111900
137	-2635200	-3.2	111900
137	43200	-1.8	111900
137	2721600	0.5	111900
137	5140800	3	111900
137	7819200	8.8	111900
137	10411200	12.9	111900
137	13089600	18.9	111900
137	15681600	19.5	111900
137	18360000	19.1	111900
137	21038400	14.9	111900
137	23630400	8.5	111900
137	26308800	7.1	111900
137	28900800	0.3	111900
137	31579200	-1.2	111900
137	34257600	2.6	111900
137	36676800	2.2	111900
137	39355200	11	111900
137	41947200	16.2	111900
137	44625600	16.8	111900
137	47217600	20.2	111900
137	49896000	21.5	111900
137	52574400	13.8	111900
137	55166400	9.2	111900
137	57844800	4	111900
137	60436800	3	111900
137	63115200	-2.7	111900
137	65793600	2.7	111900
137	68299200	7	111900
137	70977600	9.7	111900
137	73569600	14	111900
137	76248000	18.6	111900
137	78840000	19.8	111900
137	81518400	18.2	111900
137	84196800	12.7	111900
137	86788800	7.6	111900
137	89467200	5	111900
137	92059200	0.3	111900
137	94737600	-0.6	111900
137	97416000	2.2	111900
137	99835200	4.9	111900
137	102513600	8.2	111900
137	105105600	15.7	111900
137	107784000	17.8	111900
137	110376000	19.7	111900
137	113054400	20	111900
137	115732800	15.9	111900
137	118324800	8.1	111900
137	121003200	2.8	111900
137	123595200	1	111900
137	126273600	1.4	111900
137	128952000	4.3	111900
137	131371200	7.7	111900
137	134049600	9.5	111900
137	136641600	13.8	111900
137	139320000	16.2	111900
137	141912000	19.3	111900
137	144590400	21.1	111900
137	147268800	15.1	111900
137	149860800	6.7	111900
137	152539200	5	111900
137	155131200	4.4	111900
137	157809600	3	111900
137	160488000	0.8	111900
137	162907200	5.8	111900
137	165585600	9.4	111900
137	168177600	15.7	111900
137	170856000	16.8	111900
137	173448000	20	111900
137	176126400	19	111900
137	178804800	17.8	111900
137	181396800	9.6	111900
137	184075200	3	111900
137	186667200	0.9	111900
137	189345600	1.4	111900
137	192024000	-0.3	111900
137	194529600	2.3	111900
137	197208000	10.2	111900
137	199800000	14.7	111900
137	202478400	18.7	111900
137	205070400	21.1	111900
137	207748800	16.8	111900
137	210427200	13.8	111900
137	213019200	10.2	111900
137	215697600	6	111900
137	218289600	0.2	111900
137	220968000	-0.1	111900
137	223646400	3.5	111900
137	226065600	8.5	111900
137	228744000	8.4	111900
137	231336000	14.7	111900
137	234014400	18.5	111900
137	236606400	19.4	111900
137	239284800	18.5	111900
137	241963200	13.9	111900
137	244555200	10.8	111900
137	247233600	5.7	111900
137	249825600	-0.6	111900
137	252504000	0.1	111900
137	255182400	-0.9	111900
137	257601600	6.4	111900
137	260280000	8.5	111900
137	262872000	12.8	111900
137	265550400	17.1	111900
137	268142400	18.2	111900
137	270820800	18.3	111900
137	273499200	15.5	111900
137	276091200	10.3	111900
137	278769600	1.5	111900
137	281361600	0.5	111900
137	284040000	-3.5	111900
137	286718400	0.6	111900
137	289137600	6.6	111900
137	291816000	8.5	111900
137	294408000	15.4	111900
137	297086400	19.8	111900
137	299678400	17.4	111900
137	302356800	18.1	111900
137	305035200	15.6	111900
137	307627200	8.5	111900
137	310305600	5.2	111900
137	312897600	4.1	111900
137	315576000	-3.4	111900
137	318254400	2.2	111900
137	320760000	4.1	111900
137	323438400	7.1	111900
137	326030400	12	111900
137	328708800	17.3	111900
137	331300800	18.5	111900
137	333979200	19.4	111900
137	336657600	15.1	111900
137	339249600	9.7	111900
137	341928000	2.4	111900
137	344520000	0.4	111900
137	347198400	-1.3	111900
137	349876800	1.3	111900
137	352296000	8.5	111900
137	354974400	9.8	111900
137	357566400	14.9	111900
137	360244800	18.8	111900
137	362836800	19.9	111900
137	365515200	19.6	111900
137	368193600	15.9	111900
137	370785600	10.5	111900
137	373464000	5.1	111900
137	376056000	-0.1	111900
137	378734400	-3.5	111900
137	381412800	-1.7	111900
137	383832000	5.6	111900
137	386510400	8.3	111900
137	389102400	15.1	111900
137	391780800	19	111900
137	394372800	20.5	111900
137	397051200	19.6	111900
137	399729600	18.1	111900
137	402321600	10.5	111900
137	4.05e+08	5.2	111900
137	407592000	2.5	111900
137	410270400	4.4	111900
137	412948800	-1.2	111900
137	415368000	6.6	111900
137	418046400	11.8	111900
137	420638400	15.8	111900
137	423316800	18.2	111900
137	425908800	23.4	111900
137	428587200	20.7	111900
137	431265600	16.3	111900
137	433857600	10.6	111900
137	436536000	2.7	111900
137	439128000	0.8	111900
137	441806400	0.7	111900
137	444484800	-0.2	111900
137	446990400	3.7	111900
137	449668800	8.8	111900
137	452260800	13.7	111900
137	454939200	17.3	111900
137	457531200	18.5	111900
137	460209600	18.9	111900
137	462888000	14.9	111900
137	465480000	11.1	111900
137	468158400	5	111900
137	470750400	0.3	111900
137	473428800	-5.6	111900
137	476107200	-2.9	111900
137	478526400	3	111900
137	481204800	10.4	111900
137	483796800	15.7	111900
137	486475200	16.2	111900
137	489067200	20.6	111900
137	491745600	19.4	111900
137	494424000	16.5	111900
137	497016000	9.5	111900
137	499694400	2.2	111900
137	502286400	3	111900
137	504964800	0.1	111900
137	507643200	-5.4	111900
137	510062400	2.9	111900
137	512740800	11.7	111900
137	515332800	17.2	111900
137	518011200	17.9	111900
137	520603200	19.6	111900
137	523281600	20.1	111900
137	525960000	15.3	111900
137	528552000	10.6	111900
137	531230400	4.9	111900
137	533822400	-0.1	111900
137	536500800	-4.7	111900
137	539179200	-0.2	111900
137	541598400	-0.4	111900
137	544276800	10.6	111900
137	546868800	13	111900
137	549547200	18	111900
137	552139200	21.1	111900
137	554817600	17.6	111900
137	557496000	18.1	111900
137	560088000	10.6	111900
137	562766400	5	111900
137	565358400	2.1	111900
137	568036800	2	111900
137	570715200	2.9	111900
137	573220800	3.7	111900
137	575899200	9.9	111900
137	578491200	15.7	111900
137	581169600	17.7	111900
137	583761600	21.7	111900
137	586440000	20.2	111900
137	589118400	15.4	111900
137	591710400	9.9	111900
137	594388800	1.4	111900
137	596980800	2.6	111900
137	599659200	0.2	111900
137	602337600	4.3	111900
137	604756800	8.5	111900
137	607435200	10.8	111900
137	610027200	14.5	111900
137	612705600	16.4	111900
137	615297600	20.8	111900
137	617976000	19.2	111900
137	620654400	15.7	111900
137	623246400	11.1	111900
137	625924800	3.6	111900
137	628516800	2.1	111900
137	631195200	-0.3	111900
137	633873600	5.6	111900
137	636292800	9.1	111900
137	638971200	9.4	111900
137	641563200	16	111900
137	644241600	17.9	111900
137	646833600	19.8	111900
137	649512000	21.2	111900
137	652190400	14	111900
137	654782400	10	111900
137	657460800	5.8	111900
137	660052800	-0.3	111900
137	662731200	0.2	111900
137	665409600	-2.6	111900
137	667828800	6.7	111900
137	670507200	8.8	111900
137	673099200	11.5	111900
137	675777600	17.4	111900
137	678369600	21	111900
137	681048000	20	111900
137	683726400	16.5	111900
137	686318400	8.5	111900
137	688996800	4.8	111900
137	691588800	-1	111900
137	694267200	1.5	111900
137	696945600	3.6	111900
137	699451200	5.7	111900
137	702129600	10.3	111900
137	704721600	15.6	111900
137	707400000	18.8	111900
137	709992000	21.7	111900
137	712670400	24.9	111900
137	715348800	16.3	111900
137	717940800	8.6	111900
137	720619200	5.2	111900
137	723211200	0.3	111900
137	725889600	1.2	111900
137	728568000	-1	111900
137	730987200	4.2	111900
137	733665600	10.6	111900
137	736257600	17.5	111900
137	738936000	18.5	111900
137	741528000	19.5	111900
137	744206400	20.1	111900
137	746884800	15.3	111900
137	749476800	10.4	111900
137	752155200	1.1	111900
137	754747200	2	111900
137	757425600	3.8	111900
137	760104000	0.8	111900
137	762523200	8.5	111900
137	765201600	10.2	111900
137	767793600	15	111900
137	770472000	18.7	111900
137	773064000	23.2	111900
137	775742400	21.8	111900
137	778420800	17.6	111900
137	781012800	7.9	111900
137	783691200	6.9	111900
137	786283200	1.6	111900
137	788961600	-0.3	111900
137	791640000	5.2	111900
137	794059200	4.3	111900
137	796737600	10.7	111900
137	799329600	14.7	111900
137	802008000	17.1	111900
137	804600000	23.1	111900
137	807278400	19.4	111900
137	809956800	14.2	111900
137	812548800	11.3	111900
137	815227200	2.4	111900
137	817819200	-0.8	111900
137	820497600	-2.6	111900
137	823176000	-2.9	111900
137	825681600	2	111900
137	828360000	10.6	111900
137	830952000	15.7	111900
137	833630400	19.2	111900
137	836222400	18.6	111900
137	838900800	19	111900
137	841579200	11.4	111900
137	844171200	10.5	111900
137	846849600	7.4	111900
137	849441600	-2.2	111900
137	852120000	-2.4	111900
137	854798400	3.6	111900
137	857217600	6.2	111900
137	859896000	7.4	111900
137	862488000	16.2	111900
137	865166400	18.9	111900
137	867758400	18.7	111900
137	870436800	20.9	111900
137	873115200	15.9	111900
137	875707200	7.9	111900
137	878385600	5.5	111900
137	880977600	2.2	111900
137	883656000	2.5	111900
137	886334400	6.8	111900
137	888753600	5.2	111900
137	891432000	12	111900
137	894024000	15.9	111900
137	896702400	19.8	111900
137	899294400	20.6	111900
137	901972800	20.8	111900
137	904651200	14.1	111900
137	907243200	10.2	111900
137	909921600	2.6	111900
137	912513600	-1.3	111900
137	915192000	-0.6	111900
137	917870400	1	111900
137	920289600	7	111900
137	922968000	11.7	111900
137	925560000	15.7	111900
137	928238400	18.4	111900
137	930830400	21	111900
137	933508800	19	111900
137	936187200	17.5	111900
137	938779200	10.7	111900
137	941457600	3.2	111900
137	944049600	0.7	111900
137	946728000	-1.5	111900
137	949406400	4.5	111900
137	951912000	6.3	111900
137	954590400	13.6	111900
137	957182400	17.6	111900
137	959860800	20.8	111900
137	962452800	19.1	111900
137	965131200	21.8	111900
137	967809600	15.4	111900
137	970401600	12.6	111900
137	973080000	7.9	111900
137	975672000	1.8	111900
137	978350400	0.2	111900
137	981028800	3.4	111900
137	983448000	7.1	111900
137	986126400	9.9	111900
137	988718400	17.7	111900
137	991396800	18	111900
137	993988800	21.4	111900
137	996667200	22.2	111900
137	999345600	13.9	111900
137	1001937600	13.3	111900
137	1004616000	4	111900
137	1007208000	-2.3	111900
137	1009886400	0.8	111900
137	1012564800	5.4	111900
137	1014984000	7	111900
137	1017662400	9.9	111900
137	1020254400	17.9	111900
137	1022932800	21.2	111900
137	1025524800	22.4	111900
137	1028203200	20.6	111900
137	1030881600	14.6	111900
137	1033473600	9.6	111900
137	1036152000	7.7	111900
137	1038744000	-0.7	111900
137	1041422400	-0.7	111900
137	1044100800	-2.1	111900
137	1046520000	6.4	111900
137	1049198400	10	111900
137	1051790400	18.2	111900
137	1054468800	22.4	111900
137	1057060800	22.3	111900
137	1059739200	23.2	111900
137	1062417600	15.6	111900
137	1065009600	7.9	111900
137	1067688000	6.5	111900
137	1070280000	1	111900
137	1072958400	-1.6	111900
137	1075636800	2.7	111900
137	1078142400	4.3	111900
137	1080820800	11.4	111900
137	1083412800	13.8	111900
137	1086091200	18.1	111900
137	1088683200	20.1	111900
137	1091361600	20.2	111900
137	1094040000	15.1	111900
137	1096632000	11.1	111900
137	1099310400	5.6	111900
137	1101902400	0.8	111900
137	1104580800	0.7	111900
137	1107259200	-2.1	111900
137	1109678400	3.5	111900
137	1112356800	11.3	111900
137	1114948800	15.6	111900
137	1117627200	19	111900
137	1120219200	20.6	111900
137	1122897600	18.7	111900
137	1125576000	16.7	111900
137	1128168000	11	111900
137	1130846400	4	111900
137	1133438400	0.9	111900
137	1136116800	-3.5	111900
137	1138795200	-0.4	111900
137	1141214400	3.8	111900
137	1143892800	11.7	111900
137	1146484800	14.8	111900
137	1149163200	19.2	111900
137	1151755200	23.5	111900
137	1154433600	18.1	111900
137	1157112000	17.3	111900
137	1159704000	12.5	111900
137	1162382400	7.6	111900
137	1164974400	3.1	111900
137	1167652800	5.4	111900
137	1170331200	5.3	111900
137	1172750400	7.8	111900
137	1175428800	13	111900
137	1178020800	17	111900
137	1180699200	21.1	111900
137	1183291200	22.3	111900
137	1185969600	20.7	111900
137	1188648000	13.8	111900
137	1191240000	9.1	111900
137	1193918400	3.9	111900
137	1196510400	0.5	111900
137	1199188800	3.4	111900
137	1201867200	4.3	111900
137	1204372800	6.6	111900
137	1207051200	11.3	111900
137	1209643200	16.1	111900
137	1212321600	20.4	111900
137	1214913600	20.5	111900
137	1217592000	20	111900
137	1220270400	14.4	111900
144	-978264000	1.1	112400
144	-975585600	1.5	112400
144	-973166400	1.5	112400
144	-970488000	11.6	112400
144	-967896000	12.7	112400
144	-965217600	18.1	112400
144	-962625600	19.7	112400
144	-959947200	18.8	112400
144	-957268800	13.8	112400
144	-954676800	8.5	112400
144	-951998400	4.5	112400
144	-949406400	-3.5	112400
144	-946728000	-8.5	112400
144	-944049600	-5.8	112400
144	-941544000	2.9	112400
144	-938865600	9.7	112400
144	-936273600	12.3	112400
144	-933595200	17.5	112400
144	-931003200	19.1	112400
144	-928324800	16.2	112400
144	-925646400	14.4	112400
144	-923054400	9	112400
144	-920376000	6	112400
144	-917784000	-5	112400
144	-915105600	-4.7	112400
144	-912427200	-1.8	112400
144	-910008000	4.2	112400
144	-907329600	8.4	112400
144	-904737600	11.6	112400
144	-902059200	17.8	112400
144	-899467200	19.5	112400
144	-896788800	17.3	112400
144	-894110400	12.8	112400
144	-891518400	8.1	112400
144	-888840000	0.7	112400
144	-886248000	-1.3	112400
144	-883569600	-9.6	112400
144	-880891200	-4.1	112400
144	-878472000	1.7	112400
144	-875793600	7.3	112400
144	-873201600	14.4	112400
144	-870523200	17.7	112400
144	-867931200	18.4	112400
144	-865252800	18.2	112400
144	-862574400	17.3	112400
144	-859982400	10.9	112400
144	-857304000	2.7	112400
144	-854712000	1	112400
144	-852033600	-6.9	112400
144	-849355200	2.4	112400
144	-846936000	4.9	112400
144	-844257600	10.3	112400
144	-841665600	13.6	112400
144	-838987200	16.4	112400
144	-836395200	19.6	112400
144	-833716800	20.1	112400
144	-831038400	15.6	112400
144	-828446400	10.6	112400
144	-825768000	2.5	112400
144	-823176000	0.9	112400
144	-820497600	0.6	112400
144	-817819200	-0.9	112400
144	-815313600	1.3	112400
144	-812635200	9.8	112400
144	-810043200	13	112400
144	-807364800	16.5	112400
144	-804772800	19.2	112400
144	-802094400	20.1	112400
144	-799416000	13	112400
144	-796824000	9.7	112400
144	-794145600	2.7	112400
144	-791553600	-2	112400
144	-788875200	-5.6	112400
144	-786196800	0.6	112400
144	-783777600	5.8	112400
144	-781099200	9.5	112400
144	-778507200	15.2	112400
144	-775828800	18.4	112400
144	-773236800	20.3	112400
144	-770558400	18.4	112400
144	-767880000	14.5	112400
144	-765288000	8.5	112400
144	-762609600	3.3	112400
144	-760017600	0	112400
144	-757339200	-4.5	112400
144	-754660800	1.3	112400
144	-752241600	5.1	112400
144	-749563200	11.4	112400
144	-746971200	16.4	112400
144	-744292800	18	112400
144	-741700800	20.9	112400
144	-739022400	19.7	112400
144	-736344000	15.9	112400
144	-733752000	6.3	112400
144	-731073600	3.3	112400
144	-728481600	-2.8	112400
144	-725803200	-7.6	112400
144	-723124800	-4.3	112400
144	-720705600	3.6	112400
144	-718027200	11.4	112400
144	-715435200	14.6	112400
144	-712756800	19.2	112400
144	-710164800	20.9	112400
144	-707486400	19	112400
144	-704808000	17.4	112400
144	-702216000	6.9	112400
144	-699537600	5.2	112400
144	-696945600	0.7	112400
144	-694267200	0.6	112400
144	-691588800	-1.3	112400
144	-689083200	4.9	112400
144	-686404800	10.1	112400
144	-683812800	15.4	112400
144	-681134400	16.3	112400
144	-678542400	17.7	112400
144	-675864000	18.2	112400
144	-673185600	14.8	112400
144	-670593600	9.5	112400
144	-667915200	3.2	112400
144	-665323200	-2.1	112400
144	-662644800	-0.2	112400
144	-659966400	0.5	112400
144	-657547200	1.2	112400
144	-654868800	10.8	112400
144	-652276800	13.9	112400
144	-649598400	16.1	112400
144	-647006400	19.8	112400
144	-644328000	17.6	112400
144	-641649600	15.9	112400
144	-639057600	10.5	112400
144	-636379200	4.9	112400
144	-633787200	0.1	112400
144	-631108800	-4.9	112400
144	-628430400	0	112400
144	-626011200	6.1	112400
144	-623332800	8.7	112400
144	-620740800	15.8	112400
144	-618062400	19.6	112400
144	-615470400	21.9	112400
144	-612792000	19.8	112400
144	-610113600	14.8	112400
144	-607521600	8.1	112400
144	-604843200	3.9	112400
144	-602251200	0.7	112400
144	-599572800	0.4	112400
144	-596894400	2	112400
144	-594475200	3.6	112400
144	-591796800	9	112400
144	-589204800	13.7	112400
144	-586526400	17.9	112400
144	-583934400	19	112400
144	-581256000	19.5	112400
144	-578577600	16.5	112400
144	-575985600	7.8	112400
144	-573307200	6.4	112400
144	-570715200	0.4	112400
144	-568036800	-2.8	112400
144	-565358400	-2.7	112400
144	-562852800	1	112400
144	-560174400	11.7	112400
144	-557582400	13.8	112400
144	-554904000	18.1	112400
144	-552312000	20.9	112400
144	-549633600	20.2	112400
144	-546955200	12	112400
144	-544363200	8.2	112400
144	-541684800	2.3	112400
144	-539092800	-1.3	112400
144	-536414400	-2.4	112400
144	-533736000	-0.5	112400
144	-531316800	4.1	112400
144	-528638400	9.8	112400
144	-526046400	13.9	112400
144	-523368000	17.9	112400
144	-520776000	19.9	112400
144	-518097600	17.4	112400
144	-515419200	15.5	112400
144	-512827200	11.1	112400
144	-510148800	2.4	112400
144	-507556800	-0.2	112400
144	-504878400	-6.8	112400
144	-502200000	-5.9	112400
144	-499780800	5	112400
144	-497102400	7.7	112400
144	-494510400	13.2	112400
144	-491832000	18.7	112400
144	-489240000	17.1	112400
144	-486561600	17.3	112400
144	-483883200	14.9	112400
144	-481291200	8.3	112400
144	-478612800	2.6	112400
144	-476020800	2.7	112400
144	-473342400	-2	112400
144	-470664000	-0.8	112400
144	-468244800	0.6	112400
144	-465566400	7.6	112400
144	-462974400	12.7	112400
144	-460296000	16.4	112400
144	-457704000	19.2	112400
144	-455025600	17.5	112400
144	-452347200	14.7	112400
144	-449755200	8.5	112400
144	-447076800	2.9	112400
144	-444484800	0.5	112400
144	-441806400	-0.6	112400
144	-439128000	-8.6	112400
144	-436622400	1.1	112400
144	-433944000	8	112400
144	-431352000	14.4	112400
144	-428673600	16.6	112400
144	-426081600	20.1	112400
144	-423403200	18	112400
144	-420724800	14.6	112400
144	-418132800	8.7	112400
144	-415454400	1.3	112400
144	-412862400	-1	112400
144	-410184000	-4.5	112400
144	-407505600	2.7	112400
144	-405086400	6.2	112400
144	-402408000	8.7	112400
144	-399816000	11.6	112400
144	-397137600	19.7	112400
144	-394545600	19.9	112400
144	-391867200	17.3	112400
144	-389188800	13.3	112400
144	-386596800	8.8	112400
144	-383918400	5.5	112400
144	-381326400	0	112400
144	-378648000	-3.4	112400
144	-375969600	1	112400
144	-373550400	0.9	112400
144	-370872000	6.9	112400
144	-368280000	17.9	112400
144	-365601600	17.4	112400
144	-363009600	20	112400
144	-360331200	19	112400
144	-357652800	14.4	112400
144	-355060800	9.8	112400
144	-352382400	5.6	112400
144	-349790400	0.5	112400
144	-347112000	-0.3	112400
144	-344433600	-1.7	112400
144	-342014400	6.8	112400
144	-339336000	9.8	112400
144	-336744000	13.7	112400
144	-334065600	16.9	112400
144	-331473600	20.3	112400
144	-328795200	18.1	112400
144	-326116800	13.2	112400
144	-323524800	6.9	112400
144	-320846400	3.9	112400
144	-318254400	2.3	112400
144	-315576000	-2.2	112400
144	-312897600	-1	112400
144	-310392000	4.6	112400
144	-307713600	9.2	112400
144	-305121600	13.7	112400
144	-302443200	18	112400
144	-299851200	18.1	112400
144	-297172800	18.7	112400
144	-294494400	13.4	112400
144	-291902400	10.2	112400
144	-289224000	5.3	112400
144	-286632000	2	112400
144	-283953600	-4.5	112400
144	-281275200	2.2	112400
144	-278856000	6.6	112400
144	-276177600	12.5	112400
144	-273585600	13.4	112400
144	-270907200	19.1	112400
144	-268315200	18.2	112400
144	-265636800	18.3	112400
144	-262958400	16.5	112400
144	-260366400	10.4	112400
144	-257688000	3.8	112400
144	-255096000	-3.2	112400
144	-252417600	-2.8	112400
144	-249739200	-0.3	112400
144	-247320000	1.6	112400
144	-244641600	9.4	112400
144	-242049600	13	112400
144	-239371200	15.6	112400
144	-236779200	17.6	112400
144	-234100800	19.4	112400
144	-231422400	13.2	112400
144	-228830400	9.1	112400
144	-226152000	3.4	112400
144	-223560000	-5.5	112400
144	-220881600	-6.8	112400
144	-218203200	-5.3	112400
144	-215784000	1.5	112400
144	-213105600	10.2	112400
144	-210513600	13.8	112400
144	-207835200	18.7	112400
144	-205243200	20.3	112400
144	-202564800	19	112400
144	-199886400	16.1	112400
144	-197294400	8.8	112400
144	-194616000	7	112400
144	-192024000	-6.2	112400
144	-189345600	-7.9	112400
144	-186667200	-0.3	112400
144	-184161600	2	112400
144	-181483200	10.2	112400
144	-178891200	14.3	112400
144	-176212800	20.1	112400
144	-173620800	19.9	112400
144	-170942400	17.8	112400
144	-168264000	14.2	112400
144	-165672000	8.4	112400
144	-162993600	5.9	112400
144	-160401600	-0.4	112400
144	-157723200	-1	112400
144	-155044800	-4.2	112400
144	-152625600	4	112400
144	-149947200	8	112400
144	-147355200	12.9	112400
144	-144676800	17.8	112400
144	-142084800	18.4	112400
144	-139406400	16.6	112400
144	-136728000	14.7	112400
144	-134136000	8.3	112400
144	-131457600	1.5	112400
144	-128865600	-0.4	112400
144	-126187200	-4.4	112400
144	-123508800	4.6	112400
144	-121089600	3.7	112400
144	-118411200	11.3	112400
144	-115819200	14.4	112400
144	-113140800	18.3	112400
144	-110548800	18.5	112400
144	-107870400	17.5	112400
144	-105192000	15.1	112400
144	-102600000	12.8	112400
144	-99921600	2.2	112400
144	-97329600	-0.2	112400
144	-94651200	-2.1	112400
144	-91972800	0.6	112400
144	-89553600	5.7	112400
144	-86875200	8.7	112400
144	-84283200	15	112400
144	-81604800	17.7	112400
144	-79012800	21.1	112400
144	-76334400	18.3	112400
144	-73656000	15.4	112400
144	-71064000	10.5	112400
144	-68385600	4.4	112400
144	-65793600	-1.5	112400
144	-63115200	-4.6	112400
144	-60436800	0.8	112400
144	-57931200	5	112400
144	-55252800	11.4	112400
144	-52660800	15	112400
144	-49982400	17.8	112400
144	-47390400	19.2	112400
144	-44712000	17.2	112400
144	-42033600	14	112400
144	-39441600	9.8	112400
144	-36763200	4.5	112400
144	-34171200	-3.8	112400
144	-31492800	-2.8	112400
144	-28814400	-2.1	112400
144	-26395200	2.2	112400
144	-23716800	8.6	112400
144	-21124800	16.9	112400
144	-18446400	16.9	112400
144	-15854400	19.4	112400
144	-13176000	16.8	112400
144	-10497600	14.7	112400
144	-7905600	9.1	112400
144	-5227200	4.6	112400
144	-2635200	-3.3	112400
144	43200	-2.7	112400
144	2721600	-0.6	112400
144	5140800	2.1	112400
144	7819200	8	112400
144	10411200	12.2	112400
144	13089600	18.8	112400
144	15681600	18.8	112400
144	18360000	18.5	112400
144	21038400	14.3	112400
144	23630400	7.8	112400
144	26308800	5.2	112400
144	28900800	-1.2	112400
144	31579200	-3	112400
144	34257600	1.1	112400
144	36676800	1.5	112400
144	39355200	9.7	112400
144	41947200	15.3	112400
144	44625600	17	112400
144	47217600	20	112400
144	49896000	19.5	112400
144	52574400	12.2	112400
144	55166400	7.3	112400
144	57844800	2.7	112400
144	60436800	0.4	112400
144	63115200	-3.3	112400
144	65793600	1.5	112400
144	68299200	5.9	112400
144	70977600	9.4	112400
144	73569600	13.5	112400
144	76248000	18.1	112400
144	78840000	19.4	112400
144	81518400	17.9	112400
144	84196800	11.2	112400
144	86788800	6.7	112400
144	89467200	3.4	112400
144	92059200	-1.4	112400
144	94737600	-1.6	112400
144	97416000	0.2	112400
144	99835200	3.7	112400
144	102513600	7.7	112400
144	105105600	15.3	112400
144	107784000	17.8	112400
144	110376000	19	112400
144	113054400	18.6	112400
144	115732800	15	112400
144	118324800	6.7	112400
144	121003200	0.9	112400
144	123595200	-1.7	112400
144	126273600	0.8	112400
144	128952000	3.7	112400
144	131371200	6	112400
144	134049600	8	112400
144	136641600	13.5	112400
144	139320000	15.9	112400
144	141912000	18.7	112400
144	144590400	19.8	112400
144	147268800	14.1	112400
144	149860800	5.6	112400
144	152539200	3.4	112400
144	155131200	1.8	112400
144	157809600	1.5	112400
144	160488000	0.5	112400
144	162907200	4.6	112400
144	165585600	8.7	112400
144	168177600	15.3	112400
144	170856000	16.5	112400
144	173448000	19.4	112400
144	176126400	18.4	112400
144	178804800	16.3	112400
144	181396800	8.6	112400
144	184075200	2.5	112400
144	186667200	-0.9	112400
144	189345600	-0.2	112400
144	192024000	-0.3	112400
144	194529600	1.4	112400
144	197208000	8.9	112400
144	199800000	14.1	112400
144	202478400	18	112400
144	205070400	20.5	112400
144	207748800	15.9	112400
144	210427200	13.2	112400
144	213019200	9.9	112400
144	215697600	5.2	112400
144	218289600	-2	112400
144	220968000	-0.8	112400
144	223646400	3.3	112400
144	226065600	7.1	112400
144	228744000	8	112400
144	231336000	14.7	112400
144	234014400	18.5	112400
144	236606400	19	112400
144	239284800	17.7	112400
144	241963200	12.7	112400
144	244555200	10.2	112400
144	247233600	3.8	112400
144	249825600	-1.2	112400
144	252504000	-1.3	112400
144	255182400	-1.2	112400
144	257601600	5.4	112400
144	260280000	7.7	112400
144	262872000	12.5	112400
144	265550400	16.5	112400
144	268142400	17.3	112400
144	270820800	16.7	112400
144	273499200	13.5	112400
144	276091200	8.7	112400
144	278769600	0.2	112400
144	281361600	-2.5	112400
144	284040000	-5	112400
144	286718400	-0.5	112400
144	289137600	5.2	112400
144	291816000	7.9	112400
144	294408000	14.4	112400
144	297086400	19.2	112400
144	299678400	17.4	112400
144	302356800	17.2	112400
144	305035200	14.6	112400
144	307627200	7.8	112400
144	310305600	4.1	112400
144	312897600	1.5	112400
144	315576000	-3.7	112400
144	318254400	1.3	112400
144	320760000	4.1	112400
144	323438400	7.3	112400
144	326030400	11.6	112400
144	328708800	17.1	112400
144	331300800	17.9	112400
144	333979200	18.7	112400
144	336657600	14.6	112400
144	339249600	8.1	112400
144	341928000	1.1	112400
144	344520000	-1.9	112400
144	347198400	-4.8	112400
144	349876800	-0.5	112400
144	352296000	6.3	112400
144	354974400	9.3	112400
144	357566400	14.3	112400
144	360244800	18.6	112400
144	362836800	18.6	112400
144	365515200	18.4	112400
144	368193600	15.5	112400
144	370785600	9.8	112400
144	373464000	3.3	112400
144	376056000	-1.8	112400
144	378734400	-4.2	112400
144	381412800	-2	112400
144	383832000	4.1	112400
144	386510400	7.3	112400
144	389102400	14.1	112400
144	391780800	18.5	112400
144	394372800	20.3	112400
144	397051200	18.9	112400
144	399729600	17	112400
144	402321600	10.1	112400
144	4.05e+08	4.3	112400
144	407592000	2.6	112400
144	410270400	1.7	112400
144	412948800	-2.3	112400
144	415368000	5.3	112400
144	418046400	10.8	112400
144	420638400	15	112400
144	423316800	17.4	112400
144	425908800	22	112400
144	428587200	19.2	112400
144	431265600	14.4	112400
144	433857600	8.4	112400
144	436536000	0.3	112400
144	439128000	-0.8	112400
144	441806400	-2.1	112400
144	444484800	-0.5	112400
144	446990400	3.6	112400
144	449668800	8.4	112400
144	452260800	12.9	112400
144	454939200	17.2	112400
144	457531200	18.2	112400
144	460209600	18	112400
144	462888000	14.3	112400
144	465480000	9.9	112400
144	468158400	3.6	112400
144	470750400	0.3	112400
144	473428800	-6.9	112400
144	476107200	-3.4	112400
144	478526400	3.1	112400
144	481204800	9.1	112400
144	483796800	14.9	112400
144	486475200	16.4	112400
144	489067200	19.9	112400
144	491745600	19.3	112400
144	494424000	15.2	112400
144	497016000	8.4	112400
144	499694400	1.6	112400
144	502286400	1.9	112400
144	504964800	-1.6	112400
144	507643200	-5.2	112400
144	510062400	1.9	112400
144	512740800	9.8	112400
144	515332800	16.6	112400
144	518011200	17.4	112400
144	520603200	19	112400
144	523281600	19.4	112400
144	525960000	14.2	112400
144	528552000	8.8	112400
144	531230400	3.7	112400
144	533822400	-2.8	112400
144	536500800	-5.3	112400
144	539179200	-2.1	112400
144	541598400	-1.2	112400
144	544276800	10.1	112400
144	546868800	13.1	112400
144	549547200	17.9	112400
144	552139200	20.9	112400
144	554817600	17.8	112400
144	557496000	17.5	112400
144	560088000	10.6	112400
144	562766400	3.8	112400
144	565358400	0.5	112400
144	568036800	1.2	112400
144	570715200	1.9	112400
144	573220800	3.3	112400
144	575899200	9	112400
144	578491200	14.6	112400
144	581169600	17.3	112400
144	583761600	20.8	112400
144	586440000	19.1	112400
144	589118400	14.8	112400
144	591710400	10.4	112400
144	594388800	0	112400
144	596980800	0.2	112400
144	599659200	-1	112400
144	602337600	3.4	112400
144	604756800	7.6	112400
144	607435200	10.4	112400
144	610027200	14.4	112400
144	612705600	17.1	112400
144	615297600	20.2	112400
144	617976000	19.2	112400
144	620654400	15.2	112400
144	623246400	9.4	112400
144	625924800	2	112400
144	628516800	0.8	112400
144	631195200	-1	112400
144	633873600	3.9	112400
144	636292800	7.1	112400
144	638971200	8.7	112400
144	641563200	15.1	112400
144	644241600	17.1	112400
144	646833600	18.5	112400
144	649512000	18.7	112400
144	652190400	12.9	112400
144	654782400	9.7	112400
144	657460800	3.3	112400
144	660052800	-1.5	112400
144	662731200	-1.4	112400
144	665409600	-4.4	112400
144	667828800	6.3	112400
144	670507200	8	112400
144	673099200	11.8	112400
144	675777600	17.3	112400
144	678369600	20.2	112400
144	681048000	19.1	112400
144	683726400	15.2	112400
144	686318400	7.8	112400
144	688996800	3.6	112400
144	691588800	-3.1	112400
144	694267200	-0.4	112400
144	696945600	1.9	112400
144	699451200	5.1	112400
144	702129600	9.8	112400
144	704721600	15.3	112400
144	707400000	18.2	112400
144	709992000	20.3	112400
144	712670400	22.8	112400
144	715348800	15	112400
144	717940800	8.2	112400
144	720619200	4.2	112400
144	723211200	-0.6	112400
144	725889600	-0.8	112400
144	728568000	-0.6	112400
144	730987200	4.1	112400
144	733665600	10.3	112400
144	736257600	16.4	112400
144	738936000	18.3	112400
144	741528000	18.9	112400
144	744206400	19	112400
144	746884800	14	112400
144	749476800	10.4	112400
144	752155200	1.2	112400
144	754747200	-0.9	112400
144	757425600	1.8	112400
144	760104000	0.1	112400
144	762523200	8	112400
144	765201600	9.5	112400
144	767793600	14.7	112400
144	770472000	18.6	112400
144	773064000	21.4	112400
144	775742400	20.4	112400
144	778420800	16.4	112400
144	781012800	7.6	112400
144	783691200	6.5	112400
144	786283200	0.1	112400
144	788961600	-3.1	112400
144	791640000	2.5	112400
144	794059200	4.2	112400
144	796737600	10.4	112400
144	799329600	14.8	112400
144	802008000	16.8	112400
144	804600000	21.4	112400
144	807278400	18.2	112400
144	809956800	13.6	112400
144	812548800	10.3	112400
144	815227200	2.6	112400
144	817819200	-1.5	112400
144	820497600	-2.6	112400
144	823176000	-3.8	112400
144	825681600	0.8	112400
144	828360000	9.7	112400
144	830952000	15.6	112400
144	833630400	19	112400
144	836222400	18.3	112400
144	838900800	18.7	112400
144	841579200	12.1	112400
144	844171200	10.3	112400
144	846849600	5.9	112400
144	849441600	-3	112400
144	852120000	-3	112400
144	854798400	2.1	112400
144	857217600	5.1	112400
144	859896000	7.4	112400
144	862488000	15.9	112400
144	865166400	18.2	112400
144	867758400	18.8	112400
144	870436800	19	112400
144	873115200	15	112400
144	875707200	7.2	112400
144	878385600	4.2	112400
144	880977600	0.9	112400
144	883656000	0.5	112400
144	886334400	3.8	112400
144	888753600	4.4	112400
144	891432000	10.7	112400
144	894024000	14.9	112400
144	896702400	19.3	112400
144	899294400	20.3	112400
144	901972800	20.1	112400
144	904651200	14.4	112400
144	907243200	10.6	112400
144	909921600	2.4	112400
144	912513600	-3.2	112400
144	915192000	-1.7	112400
144	917870400	0.6	112400
144	920289600	6.8	112400
144	922968000	10.9	112400
144	925560000	15.4	112400
144	928238400	18.5	112400
144	930830400	20.6	112400
144	933508800	18.8	112400
144	936187200	16.9	112400
144	938779200	10.8	112400
144	941457600	2.4	112400
144	944049600	-1.6	112400
144	946728000	-3.4	112400
144	949406400	3.1	112400
144	951912000	6.2	112400
144	954590400	13.3	112400
144	957182400	16.6	112400
144	959860800	20.2	112400
144	962452800	19	112400
144	965131200	21.1	112400
144	967809600	15.2	112400
144	970401600	12.3	112400
144	973080000	7.4	112400
144	975672000	1.8	112400
144	978350400	0.3	112400
144	981028800	3	112400
144	983448000	7.4	112400
144	986126400	9.4	112400
144	988718400	17.3	112400
144	991396800	18	112400
144	993988800	21.3	112400
144	996667200	21.7	112400
144	999345600	13.7	112400
144	1001937600	13.3	112400
144	1004616000	2.9	112400
144	1007208000	-2.9	112400
144	1009886400	-1.5	112400
144	1012564800	4	112400
144	1014984000	7	112400
144	1017662400	9.8	112400
144	1020254400	17.4	112400
144	1022932800	21.1	112400
144	1025524800	21.7	112400
144	1028203200	19.9	112400
144	1030881600	14.1	112400
144	1033473600	9.8	112400
144	1036152000	7.3	112400
144	1038744000	0.3	112400
144	1041422400	-3.4	112400
144	1044100800	-2.9	112400
144	1046520000	5.8	112400
144	1049198400	9	112400
144	1051790400	18	112400
144	1054468800	22.7	112400
144	1057060800	22.1	112400
144	1059739200	23.1	112400
144	1062417600	14.6	112400
144	1065009600	7.6	112400
144	1067688000	6	112400
144	1070280000	0.2	112400
144	1072958400	-1.9	112400
144	1075636800	0.9	112400
144	1078142400	3.8	112400
144	1080820800	10.5	112400
144	1083412800	13.6	112400
144	1086091200	18.1	112400
144	1088683200	20	112400
144	1091361600	20.1	112400
144	1094040000	14.9	112400
144	1096632000	11.6	112400
144	1099310400	4.6	112400
144	1101902400	0.1	112400
144	1104580800	-0.5	112400
144	1107259200	-2.5	112400
144	1109678400	3	112400
144	1112356800	10.4	112400
144	1114948800	16.1	112400
144	1117627200	19.2	112400
144	1120219200	20.3	112400
144	1122897600	18.2	112400
144	1125576000	16	112400
144	1128168000	10.2	112400
144	1130846400	3.6	112400
144	1133438400	-0.9	112400
144	1136116800	-4.6	112400
144	1138795200	-0.8	112400
144	1141214400	3.2	112400
144	1143892800	11	112400
144	1146484800	14.9	112400
144	1149163200	19.5	112400
144	1151755200	22.6	112400
144	1154433600	17.6	112400
144	1157112000	16.7	112400
144	1159704000	11.8	112400
144	1162382400	5.9	112400
144	1164974400	1.4	112400
144	1167652800	2.8	112400
144	1170331200	4.7	112400
144	1172750400	6.9	112400
144	1175428800	12.9	112400
144	1178020800	16.8	112400
144	1180699200	20.7	112400
144	1183291200	21.8	112400
144	1185969600	19.8	112400
144	1188648000	13.7	112400
144	1191240000	9.3	112400
144	1193918400	3.9	112400
144	1196510400	-1.5	112400
144	1199188800	1.1	112400
144	1201867200	3.4	112400
144	1204372800	6.1	112400
144	1207051200	10.7	112400
144	1209643200	16.6	112400
144	1212321600	20	112400
144	1214913600	21.2	112400
144	1217592000	20.2	112400
144	1220270400	14.7	112400
144	1222862400	11.1	112400
144	1225540800	5.4	112400
144	1228132800	0.9	112400
145	-2177409600	-7	112410
145	-2174731200	-7.5	112410
145	-2172312000	-3.8	112410
145	-2169633600	2.5	112410
145	-2167041600	7	112410
145	-2164363200	10.6	112410
145	-2161771200	12.8	112410
145	-2159092800	11.4	112410
145	-2156414400	7.7	112410
145	-2153822400	3.3	112410
145	-2151144000	-3.1	112410
145	-2148552000	-3.2	112410
145	-2145873600	-2.2	112410
145	-2143195200	-4.3	112410
145	-2140776000	-2.9	112410
145	-2138097600	1.9	112410
145	-2135505600	2.4	112410
145	-2132827200	8.6	112410
145	-2130235200	12	112410
145	-2127556800	10.4	112410
145	-2124878400	8.7	112410
145	-2122286400	2.8	112410
145	-2119608000	-1.2	112410
145	-2117016000	-4.2	112410
145	-2114337600	-3.8	112410
145	-2111659200	-1.1	112410
145	-2109240000	-1.2	112410
145	-2106561600	-1.4	112410
145	-2103969600	6.8	112410
145	-2101291200	8.4	112410
145	-2098699200	10.5	112410
145	-2096020800	11	112410
145	-2093342400	8	112410
145	-2090750400	4.9	112410
145	-2088072000	-0.7	112410
145	-2085480000	-4	112410
145	-2082801600	-4.7	112410
145	-2080123200	-4.5	112410
145	-2077617600	-2.4	112410
145	-2074939200	2.4	112410
145	-2072347200	7.4	112410
145	-2069668800	10.6	112410
145	-2067076800	14.1	112410
145	-2064398400	12.1	112410
145	-2061720000	5.8	112410
145	-2059128000	3.4	112410
145	-2056449600	-1.7	112410
145	-2053857600	-3.4	112410
145	-2051179200	-8.6	112410
145	-2048500800	-6	112410
145	-2046081600	-2.4	112410
145	-2043403200	0.4	112410
145	-2040811200	6.4	112410
145	-2038132800	10.4	112410
145	-2035540800	13.9	112410
145	-2032862400	12.3	112410
145	-2030184000	9	112410
145	-2027592000	-2.8	112410
145	-2024913600	-0.9	112410
145	-2022321600	-3.6	112410
145	-2019643200	-4.8	112410
145	-2016964800	-5.6	112410
145	-2014545600	-2.6	112410
145	-2011867200	2	112410
145	-2009275200	6.9	112410
145	-2006596800	8.2	112410
145	-2004004800	11.7	112410
145	-2001326400	11.3	112410
145	-1998648000	6.3	112410
145	-1996056000	4.6	112410
145	-1993377600	1.4	112410
145	-1990785600	-8	112410
145	-1988107200	-5.4	112410
145	-1985428800	-5.5	112410
145	-1983009600	-3.5	112410
145	-1980331200	0.4	112410
145	-1977739200	7.5	112410
145	-1975060800	10.6	112410
145	-1972468800	10.5	112410
145	-1969790400	11.5	112410
145	-1967112000	9.1	112410
145	-1964520000	5.8	112410
145	-1961841600	-0.4	112410
145	-1959249600	-3.4	112410
145	-1956571200	-3.9	112410
145	-1953892800	-3.6	112410
145	-1951387200	-4.1	112410
145	-1948708800	-1.5	112410
145	-1946116800	9	112410
145	-1943438400	10.9	112410
145	-1940846400	11.7	112410
145	-1938168000	10.3	112410
145	-1935489600	7.4	112410
145	-1932897600	4.7	112410
145	-1930219200	-1.3	112410
145	-1927627200	-4.2	112410
145	-1924948800	-5.7	112410
145	-1922270400	-7.3	112410
145	-1919851200	-4.8	112410
145	-1917172800	2.9	112410
145	-1914580800	6.9	112410
145	-1911902400	8.5	112410
145	-1909310400	10.8	112410
145	-1906632000	10.7	112410
145	-1903953600	7.7	112410
145	-1901361600	5.3	112410
145	-1898683200	-2.4	112410
145	-1896091200	-2.3	112410
145	-1893412800	-4.3	112410
145	-1890734400	-3.8	112410
145	-1888315200	-2	112410
145	-1885636800	2.1	112410
145	-1883044800	5.8	112410
145	-1880366400	10.4	112410
145	-1877774400	10.6	112410
145	-1875096000	10.7	112410
145	-1872417600	7.1	112410
145	-1869825600	4.6	112410
145	-1867147200	-2.4	112410
145	-1864555200	-1.3	112410
145	-1861876800	-4.4	112410
145	-1859198400	-4.7	112410
145	-1856779200	-2.2	112410
145	-1854100800	2	112410
145	-1851508800	7.1	112410
145	-1848830400	9.3	112410
145	-1846238400	13.1	112410
145	-1843560000	13	112410
145	-1840881600	9.8	112410
145	-1838289600	3.9	112410
145	-1835611200	1.3	112410
145	-1833019200	-2.4	112410
145	-1830340800	-4.3	112410
145	-1827662400	-1.7	112410
145	-1825156800	-0.8	112410
145	-1822478400	-0.7	112410
145	-1819886400	8	112410
145	-1817208000	10.1	112410
145	-1814616000	11.4	112410
145	-1811937600	9.1	112410
145	-1809259200	4	112410
145	-1806667200	2	112410
145	-1803988800	-3.5	112410
145	-1801396800	-1.2	112410
145	-1798718400	-5.3	112410
145	-1796040000	-6.1	112410
145	-1793620800	0.2	112410
145	-1790942400	1.6	112410
145	-1788350400	6.9	112410
145	-1785672000	9.9	112410
145	-1783080000	9.2	112410
145	-1780401600	10	112410
145	-1777723200	7.2	112410
145	-1775131200	4.9	112410
145	-1772452800	1.2	112410
145	-1769860800	-3.2	112410
145	-1767182400	-6.5	112410
145	-1764504000	-3.1	112410
145	-1762084800	-2.2	112410
145	-1759406400	3.6	112410
145	-1756814400	5.8	112410
145	-1754136000	8.3	112410
145	-1751544000	10	112410
145	-1748865600	10.5	112410
145	-1746187200	7.6	112410
145	-1743595200	3.2	112410
145	-1740916800	-0.5	112410
145	-1738324800	-2.8	112410
145	-1735646400	-5.8	112410
145	-1732968000	-5.7	112410
145	-1730548800	-2.9	112410
145	-1727870400	1.8	112410
145	-1725278400	9.1	112410
145	-1722600000	11	112410
145	-1720008000	11.2	112410
145	-1717329600	10.1	112410
145	-1714651200	7	112410
145	-1712059200	2.7	112410
145	-1709380800	-2.3	112410
145	-1706788800	-1.2	112410
145	-1704110400	-1.8	112410
145	-1701432000	-3.3	112410
145	-1698926400	0	112410
145	-1696248000	2.6	112410
145	-1693656000	7.9	112410
145	-1690977600	8.4	112410
145	-1688385600	11	112410
145	-1685707200	10.7	112410
145	-1683028800	6.3	112410
145	-1680436800	3.7	112410
145	-1677758400	-0.3	112410
145	-1675166400	-2.6	112410
145	-1672488000	-4.9	112410
145	-1669809600	-6.3	112410
145	-1667390400	-3.8	112410
145	-1664712000	-0.7	112410
145	-1662120000	9.1	112410
145	-1659441600	11.6	112410
145	-1656849600	12	112410
145	-1654171200	11.3	112410
145	-1651492800	9.6	112410
145	-1648900800	2.9	112410
145	-1646222400	-1.2	112410
145	-1643630400	-4.6	112410
145	-1640952000	-4	112410
145	-1638273600	-3.8	112410
145	-1635854400	-1.7	112410
145	-1633176000	3.1	112410
145	-1630584000	7.8	112410
145	-1627905600	7.8	112410
145	-1625313600	11.3	112410
145	-1622635200	10.5	112410
145	-1619956800	8.4	112410
145	-1617364800	3.4	112410
145	-1614686400	-0.8	112410
145	-1612094400	-2.6	112410
145	-1609416000	-3.5	112410
145	-1606737600	-5.5	112410
145	-1604318400	-2.4	112410
145	-1601640000	0.1	112410
145	-1599048000	5.7	112410
145	-1596369600	9.3	112410
145	-1593777600	9.3	112410
145	-1591099200	11.9	112410
145	-1588420800	9.4	112410
145	-1585828800	0.6	112410
145	-1583150400	-2	112410
145	-1580558400	-4.1	112410
145	-1577880000	-2.8	112410
145	-1575201600	-1.2	112410
145	-1572696000	-1.2	112410
145	-1570017600	3.1	112410
145	-1567425600	9	112410
145	-1564747200	9.3	112410
145	-1562155200	12	112410
145	-1559476800	9.8	112410
145	-1556798400	8.5	112410
145	-1554206400	4.8	112410
145	-1551528000	-1.5	112410
145	-1548936000	-2	112410
145	-1546257600	-0.1	112410
145	-1543579200	-2.4	112410
145	-1541160000	-0.2	112410
145	-1538481600	0.9	112410
145	-1535889600	8.1	112410
145	-1533211200	9.7	112410
145	-1530619200	13.6	112410
145	-1527940800	11.3	112410
145	-1525262400	9	112410
145	-1522670400	6.5	112410
145	-1519992000	-1.3	112410
145	-1517400000	-3.7	112410
145	-1514721600	-5.6	112410
145	-1512043200	-3.9	112410
145	-1509624000	-1.5	112410
145	-1506945600	0.2	112410
145	-1504353600	7.9	112410
145	-1501675200	10	112410
145	-1499083200	11	112410
145	-1496404800	11.5	112410
145	-1493726400	6.8	112410
145	-1491134400	2.6	112410
145	-1488456000	-2	112410
145	-1485864000	-3.6	112410
145	-1483185600	-5.4	112410
145	-1480507200	-3.1	112410
145	-1478088000	-1.9	112410
145	-1475409600	2.2	112410
145	-1472817600	7.7	112410
145	-1470139200	7.6	112410
145	-1467547200	13.5	112410
145	-1464868800	12	112410
145	-1462190400	7.5	112410
145	-1459598400	4.9	112410
145	-1456920000	-0.3	112410
145	-1454328000	-5.7	112410
145	-1451649600	-5.7	112410
145	-1448971200	-5.6	112410
145	-1446465600	-2.8	112410
145	-1443787200	2.6	112410
145	-1441195200	11.1	112410
145	-1438516800	9.8	112410
145	-1435924800	12.1	112410
145	-1433246400	8.9	112410
145	-1430568000	8.3	112410
145	-1427976000	3.8	112410
145	-1425297600	0	112410
145	-1422705600	-1.3	112410
145	-1420027200	1.6	112410
145	-1417348800	-3.4	112410
145	-1414929600	-4.3	112410
145	-1412251200	1.5	112410
145	-1409659200	7.6	112410
145	-1406980800	9.6	112410
145	-1404388800	11.3	112410
145	-1401710400	10.9	112410
145	-1399032000	6.3	112410
145	-1396440000	4.4	112410
145	-1393761600	-0.7	112410
145	-1391169600	-5.1	112410
145	-1388491200	-4.9	112410
145	-1385812800	-0.5	112410
145	-1383393600	-1.9	112410
145	-1380715200	3.3	112410
145	-1378123200	4.8	112410
145	-1375444800	8	112410
145	-1372852800	11.1	112410
145	-1370174400	11.6	112410
145	-1367496000	10.9	112410
145	-1364904000	4.6	112410
145	-1362225600	2.2	112410
145	-1359633600	-4.1	112410
145	-1356955200	-4.5	112410
145	-1354276800	-4.4	112410
145	-1351857600	0.8	112410
145	-1349179200	1.7	112410
145	-1346587200	6.7	112410
145	-1343908800	11	112410
145	-1341316800	12.7	112410
145	-1338638400	11.5	112410
145	-1335960000	8.8	112410
145	-1333368000	4.4	112410
145	-1330689600	0	112410
145	-1328097600	-4.6	112410
145	-1325419200	-3.7	112410
145	-1322740800	-4.7	112410
145	-1320235200	-3.5	112410
145	-1317556800	2.2	112410
145	-1314964800	3.8	112410
145	-1312286400	9.4	112410
145	-1309694400	14.6	112410
145	-1307016000	13.3	112410
145	-1304337600	7.7	112410
145	-1301745600	3.9	112410
145	-1299067200	0.8	112410
145	-1296475200	-5.7	112410
145	-1293796800	-8.8	112410
145	-1291118400	-10.8	112410
145	-1288699200	-2.6	112410
145	-1286020800	-1.4	112410
145	-1283428800	7.8	112410
145	-1280750400	9.9	112410
145	-1278158400	12.9	112410
145	-1275480000	13.2	112410
145	-1272801600	10.5	112410
145	-1270209600	5.7	112410
145	-1267531200	0.7	112410
145	-1264939200	-2.1	112410
145	-1262260800	-0.2	112410
145	-1259582400	-5.8	112410
145	-1257163200	0.3	112410
145	-1254484800	2.6	112410
145	-1251892800	6.1	112410
145	-1249214400	12.1	112410
145	-1246622400	11.4	112410
145	-1243944000	10.9	112410
145	-1241265600	8.9	112410
145	-1238673600	3.4	112410
145	-1235995200	2.3	112410
145	-1233403200	-4.9	112410
145	-1230724800	-5.4	112410
145	-1228046400	-5.9	112410
145	-1225627200	-5.4	112410
145	-1222948800	-0.7	112410
145	-1220356800	9.3	112410
145	-1217678400	11.9	112410
145	-1215086400	12.5	112410
145	-1212408000	10.2	112410
145	-1209729600	3.7	112410
145	-1207137600	3.1	112410
145	-1204459200	-0.6	112410
145	-1201867200	-4.7	112410
145	-1199188800	-0.4	112410
145	-1196510400	-9.4	112410
145	-1194004800	-5.8	112410
145	-1191326400	1.1	112410
145	-1188734400	7.2	112410
145	-1186056000	8.6	112410
145	-1183464000	13	112410
145	-1180785600	13.9	112410
145	-1178107200	12.1	112410
145	-1175515200	4.2	112410
145	-1172836800	0.6	112410
145	-1170244800	0.3	112410
145	-1167566400	-6.5	112410
145	-1164888000	-5.8	112410
145	-1162468800	-1	112410
145	-1159790400	-0.4	112410
145	-1157198400	4.9	112410
145	-1154520000	7.2	112410
145	-1151928000	12.2	112410
145	-1149249600	11.7	112410
145	-1146571200	8.1	112410
145	-1143979200	3.6	112410
145	-1141300800	-1.9	112410
145	-1138708800	-7.6	112410
145	-1136030400	-4	112410
145	-1133352000	-3.7	112410
145	-1130932800	-0.1	112410
145	-1128254400	4.9	112410
145	-1125662400	8.7	112410
145	-1122984000	9.6	112410
145	-1120392000	12.9	112410
145	-1117713600	11.1	112410
145	-1115035200	9.9	112410
145	-1112443200	4.4	112410
145	-1109764800	0.1	112410
145	-1107172800	0	112410
145	-1104494400	-8.6	112410
145	-1101816000	-4.9	112410
145	-1099396800	-4.3	112410
145	-1096718400	1.2	112410
145	-1094126400	4.6	112410
145	-1091448000	11.9	112410
145	-1088856000	12.5	112410
145	-1086177600	11.1	112410
145	-1083499200	9.3	112410
145	-1080907200	5.2	112410
145	-1078228800	-0.3	112410
145	-1075636800	-4.2	112410
145	-1072958400	-1.7	112410
145	-1070280000	-3.6	112410
145	-1067774400	0.7	112410
145	-1065096000	1.9	112410
145	-1062504000	7	112410
145	-1059825600	9.6	112410
145	-1057233600	12.5	112410
145	-1054555200	10.3	112410
145	-1051876800	7.8	112410
145	-1049284800	-0.5	112410
145	-1046606400	0.3	112410
145	-1044014400	-2	112410
145	-1041336000	-5.4	112410
145	-1038657600	-2.7	112410
145	-1036238400	-1.7	112410
145	-1033560000	0.5	112410
145	-1030968000	8.8	112410
145	-1028289600	11	112410
145	-1025697600	11.8	112410
145	-1023019200	11	112410
145	-1020340800	8.5	112410
145	-1017748800	4.4	112410
145	-1015070400	-1.6	112410
145	-1012478400	-5.8	112410
145	-1009800000	-5.1	112410
145	-1007121600	-4.2	112410
145	-1004702400	1.6	112410
145	-1002024000	-2	112410
145	-999432000	5.1	112410
145	-996753600	12.1	112410
145	-994161600	12.1	112410
145	-991483200	11.5	112410
145	-988804800	8.1	112410
145	-986212800	5.5	112410
145	-983534400	3.6	112410
145	-980942400	-6.5	112410
145	-978264000	-2.2	112410
145	-975585600	-1.3	112410
145	-973166400	-6.2	112410
145	-970488000	5.2	112410
145	-967896000	5.2	112410
145	-965217600	10.7	112410
145	-962625600	12.4	112410
145	-959947200	11.9	112410
145	-957268800	7.6	112410
145	-954676800	2.4	112410
145	-951998400	0.9	112410
145	-949406400	-5.6	112410
145	-946728000	-9.6	112410
145	-944049600	-4.9	112410
145	-941544000	-3	112410
145	-938865600	2.3	112410
145	-936273600	5.3	112410
145	-933595200	9.9	112410
145	-931003200	11.3	112410
145	-928324800	8.9	112410
145	-925646400	8.8	112410
145	-923054400	3.6	112410
145	-920376000	1.5	112410
145	-917784000	-8.8	112410
145	-915105600	-7.3	112410
145	-912427200	-3.9	112410
145	-910008000	-1.5	112410
145	-907329600	0.7	112410
145	-904737600	3.7	112410
145	-902059200	10.2	112410
145	-899467200	11.3	112410
145	-896788800	10.6	112410
145	-894110400	6.7	112410
145	-891518400	2.2	112410
145	-888840000	-3.7	112410
145	-886248000	-4.1	112410
145	-883569600	-10.9	112410
145	-880891200	-7.7	112410
145	-878472000	-1.8	112410
145	-875793600	0.2	112410
145	-873201600	7.1	112410
145	-870523200	9.8	112410
145	-867931200	10.9	112410
145	-865252800	12	112410
145	-862574400	11.6	112410
145	-859982400	6.9	112410
145	-857304000	-1.6	112410
145	-854712000	-1	112410
145	-852033600	-4.8	112410
145	-849355200	-1.5	112410
145	-846936000	-0.5	112410
145	-844257600	3.2	112410
145	-841665600	6.4	112410
145	-838987200	8.2	112410
145	-836395200	12.4	112410
145	-833716800	13.7	112410
145	-831038400	10.2	112410
145	-828446400	6.5	112410
145	-825768000	-2.1	112410
145	-823176000	-3	112410
145	-820497600	-2.4	112410
145	-817819200	-6.1	112410
145	-815313600	-5.8	112410
145	-812635200	3.9	112410
145	-810043200	5.5	112410
145	-807364800	8.3	112410
145	-804772800	11	112410
145	-802094400	13.4	112410
145	-799416000	7.2	112410
145	-796824000	3.4	112410
145	-794145600	-1.7	112410
145	-791553600	-5.4	112410
145	-788875200	-9.8	112410
145	-786196800	-2	112410
145	-783777600	-1	112410
145	-781099200	2.8	112410
145	-778507200	8	112410
145	-775828800	12.3	112410
145	-773236800	13	112410
145	-770558400	11.6	112410
145	-767880000	8.5	112410
145	-765288000	3.4	112410
145	-762609600	-0.9	112410
145	-760017600	-3.1	112410
145	-757339200	-6.6	112410
145	-754660800	-4.1	112410
145	-752241600	-0.7	112410
145	-749563200	5.3	112410
145	-746971200	8.9	112410
145	-744292800	10.5	112410
145	-741700800	13.5	112410
145	-739022400	13.2	112410
145	-736344000	10.2	112410
145	-733752000	0.8	112410
145	-731073600	-1.4	112410
145	-728481600	-7.6	112410
145	-725803200	-10.1	112410
145	-723124800	-7	112410
145	-720705600	-0.8	112410
145	-718027200	5.1	112410
145	-715435200	7.9	112410
145	-712756800	12.3	112410
145	-710164800	14	112410
145	-707486400	12.9	112410
145	-704808000	12.1	112410
145	-702216000	3.1	112410
145	-699537600	0.8	112410
145	-696945600	-5.3	112410
145	-694267200	-1.8	112410
145	-691588800	-6.3	112410
145	-689083200	0.6	112410
145	-686404800	3	112410
145	-683812800	8.5	112410
145	-681134400	9.1	112410
145	-678542400	10	112410
145	-675864000	11.8	112410
145	-673185600	9.4	112410
145	-670593600	5.1	112410
145	-667915200	1.1	112410
145	-665323200	-3.3	112410
145	-662644800	-2.3	112410
145	-659966400	-2.4	112410
145	-657547200	-5	112410
145	-654868800	4.9	112410
145	-652276800	6.8	112410
145	-649598400	8.6	112410
145	-647006400	11.7	112410
145	-644328000	10.4	112410
145	-641649600	10.1	112410
145	-639057600	5.6	112410
145	-636379200	-1.3	112410
145	-633787200	-1.3	112410
145	-631108800	-5.3	112410
145	-628430400	-1.5	112410
145	-626011200	0.1	112410
145	-623332800	1.2	112410
145	-620740800	8.8	112410
145	-618062400	12.3	112410
145	-615470400	14.3	112410
145	-612792000	13	112410
145	-610113600	8.3	112410
145	-607521600	3.1	112410
145	-604843200	-0.1	112410
145	-602251200	-4.2	112410
145	-599572800	-3.1	112410
145	-596894400	-3.2	112410
145	-594475200	-2.5	112410
145	-591796800	2.1	112410
145	-589204800	6.3	112410
145	-586526400	10.1	112410
145	-583934400	11.9	112410
145	-581256000	13	112410
145	-578577600	10.1	112410
145	-575985600	2.1	112410
145	-573307200	1.9	112410
145	-570715200	-0.1	112410
145	-568036800	-5.6	112410
145	-565358400	-6.1	112410
145	-562852800	-3	112410
145	-560174400	5.8	112410
145	-557582400	5.9	112410
145	-554904000	10.7	112410
145	-552312000	14	112410
145	-549633600	14.3	112410
145	-546955200	6.1	112410
145	-544363200	3.3	112410
145	-541684800	-1.8	112410
145	-539092800	-4.4	112410
145	-536414400	-5.9	112410
145	-533736000	-5	112410
145	-531316800	-0.4	112410
145	-528638400	3.4	112410
145	-526046400	6.7	112410
145	-523368000	10.2	112410
145	-520776000	12.8	112410
145	-518097600	11	112410
145	-515419200	10	112410
145	-512827200	6.1	112410
145	-510148800	1.7	112410
145	-507556800	-1.2	112410
145	-504878400	-9.6	112410
145	-502200000	-7.7	112410
145	-499780800	-0.9	112410
145	-497102400	0.3	112410
145	-494510400	5.7	112410
145	-491832000	11.6	112410
145	-489240000	10.1	112410
145	-486561600	11.3	112410
145	-483883200	9.8	112410
145	-481291200	4.8	112410
145	-478612800	0.2	112410
145	-476020800	-1.6	112410
145	-473342400	-3	112410
145	-470664000	-5.1	112410
145	-468244800	-3.8	112410
145	-465566400	0.6	112410
145	-462974400	5.9	112410
145	-460296000	9.5	112410
145	-457704000	12	112410
145	-455025600	10.8	112410
145	-452347200	8.6	112410
145	-449755200	3.7	112410
145	-447076800	-1	112410
145	-444484800	-0.4	112410
145	-441806400	-4.2	112410
145	-439128000	-13.1	112410
145	-436622400	-4.8	112410
145	-433944000	1.2	112410
145	-431352000	6.9	112410
145	-428673600	8.6	112410
145	-426081600	12.2	112410
145	-423403200	11.4	112410
145	-420724800	10.5	112410
145	-418132800	4.5	112410
145	-415454400	-3.7	112410
145	-412862400	-2.9	112410
145	-410184000	-3.2	112410
145	-407505600	-0.6	112410
145	-405086400	1.6	112410
145	-402408000	2	112410
145	-399816000	3.9	112410
145	-397137600	12.6	112410
145	-394545600	12.8	112410
145	-391867200	10.3	112410
145	-389188800	7.8	112410
145	-386596800	5.1	112410
145	-383918400	0.1	112410
145	-381326400	-2.2	112410
145	-378648000	-4.7	112410
145	-375969600	-0.8	112410
145	-373550400	-6.1	112410
145	-370872000	-0.5	112410
145	-368280000	11.2	112410
145	-365601600	9.1	112410
145	-363009600	12.5	112410
145	-360331200	12.3	112410
145	-357652800	9.5	112410
145	-355060800	4.5	112410
145	-352382400	0.2	112410
145	-349790400	-1.9	112410
145	-347112000	-4.7	112410
145	-344433600	-1	112410
145	-342014400	1.1	112410
145	-339336000	2.9	112410
145	-336744000	6.4	112410
145	-334065600	9.6	112410
145	-331473600	13	112410
145	-328795200	11.1	112410
145	-326116800	8.1	112410
145	-323524800	3.5	112410
145	-320846400	0	112410
145	-318254400	-2	112410
145	-315576000	-4.8	112410
145	-312897600	-4.6	112410
145	-310392000	-2.2	112410
145	-307713600	2.3	112410
145	-305121600	6.5	112410
145	-302443200	10.8	112410
145	-299851200	10.5	112410
145	-297172800	11.9	112410
145	-294494400	6.8	112410
145	-291902400	4.9	112410
145	-289224000	1.3	112410
145	-286632000	-1.5	112410
145	-283953600	-4.9	112410
145	-281275200	-0.9	112410
145	-278856000	1.7	112410
145	-276177600	6.3	112410
145	-273585600	5.6	112410
145	-270907200	11.2	112410
145	-268315200	10.7	112410
145	-265636800	12	112410
145	-262958400	12.6	112410
145	-260366400	5.8	112410
145	-257688000	0.7	112410
145	-255096000	-4.2	112410
145	-252417600	-3.7	112410
145	-249739200	-6.5	112410
145	-247320000	-5.8	112410
145	-244641600	3.1	112410
145	-242049600	5.5	112410
145	-239371200	8.2	112410
145	-236779200	10.4	112410
145	-234100800	13.6	112410
145	-231422400	8	112410
145	-228830400	4.9	112410
145	-226152000	-2.1	112410
145	-223560000	-6.3	112410
145	-220881600	-11.5	112410
145	-218203200	-8.2	112410
145	-215784000	-1.8	112410
145	-213105600	3.1	112410
145	-210513600	6.8	112410
145	-207835200	11	112410
145	-205243200	12.9	112410
145	-202564800	11.6	112410
145	-199886400	9.8	112410
145	-197294400	4.4	112410
145	-194616000	3.6	112410
145	-192024000	-4.7	112410
145	-189345600	-4.7	112410
145	-186667200	-4.7	112410
145	-184161600	-3.2	112410
145	-181483200	4	112410
145	-178891200	8.7	112410
145	-176212800	13.5	112410
145	-173620800	13.1	112410
145	-170942400	10.8	112410
145	-168264000	8.5	112410
145	-165672000	2.3	112410
145	-162993600	0	112410
145	-160401600	-2.9	112410
145	-157723200	-4	112410
145	-155044800	-9.2	112410
145	-152625600	-2	112410
145	-149947200	0.7	112410
145	-147355200	4.8	112410
145	-144676800	10.3	112410
145	-142084800	11	112410
145	-139406400	9.5	112410
145	-136728000	8	112410
145	-134136000	5.6	112410
145	-131457600	-1.8	112410
145	-128865600	-2.9	112410
145	-126187200	-7.8	112410
145	-123508800	1.5	112410
145	-121089600	-3.3	112410
145	-118411200	4.4	112410
145	-115819200	6.9	112410
145	-113140800	10.4	112410
145	-110548800	10.6	112410
145	-107870400	10.4	112410
145	-105192000	9.5	112410
145	-102600000	7.4	112410
145	-99921600	-2.6	112410
145	-97329600	-4.2	112410
145	-94651200	-5.2	112410
145	-91972800	-3.9	112410
145	-89553600	-1	112410
145	-86875200	0.9	112410
145	-84283200	7	112410
145	-81604800	9.6	112410
145	-79012800	13.4	112410
145	-76334400	11.2	112410
145	-73656000	9.9	112410
145	-71064000	7.9	112410
145	-68385600	1.4	112410
145	-65793600	-4.9	112410
145	-63115200	-7.1	112410
145	-60436800	-2.6	112410
145	-57931200	-1.6	112410
145	-55252800	4.2	112410
145	-52660800	7	112410
145	-49982400	10.2	112410
145	-47390400	10.9	112410
145	-44712000	9.9	112410
145	-42033600	8.1	112410
145	-39441600	6.6	112410
145	-36763200	0.7	112410
145	-34171200	-6	112410
145	-31492800	-3.9	112410
145	-28814400	-6.7	112410
145	-26395200	-3.9	112410
145	-23716800	1.7	112410
145	-21124800	9.4	112410
145	-18446400	8.6	112410
145	-15854400	12.2	112410
145	-13176000	9.8	112410
145	-10497600	9	112410
145	-7905600	6.1	112410
145	-5227200	1.3	112410
145	-2635200	-8	112410
145	43200	-4.4	112410
145	2721600	-6.3	112410
145	5140800	-4.3	112410
145	7819200	0.2	112410
145	10411200	4.5	112410
145	13089600	11	112410
145	15681600	11.2	112410
145	18360000	11.8	112410
145	21038400	8.7	112410
145	23630400	4.4	112410
145	26308800	2.4	112410
145	28900800	-3.4	112410
145	31579200	-3.9	112410
145	34257600	-4.8	112410
145	36676800	-5.6	112410
145	39355200	3.4	112410
145	41947200	8.7	112410
145	44625600	8.8	112410
145	47217600	12.5	112410
145	49896000	13.2	112410
145	52574400	6.4	112410
145	55166400	5.2	112410
145	57844800	-0.4	112410
145	60436800	0	112410
145	63115200	-5.9	112410
145	65793600	-2.1	112410
145	68299200	0.3	112410
145	70977600	1.9	112410
145	73569600	6.4	112410
145	76248000	10.4	112410
145	78840000	12	112410
145	81518400	10.9	112410
145	84196800	5	112410
145	86788800	1.9	112410
145	89467200	0.9	112410
145	92059200	-1.7	112410
145	94737600	-3.9	112410
145	97416000	-4.7	112410
145	99835200	-2.6	112410
145	102513600	-0.6	112410
145	105105600	8	112410
145	107784000	10.1	112410
145	110376000	11.8	112410
145	113054400	12.6	112410
145	115732800	10	112410
145	118324800	3.2	112410
145	121003200	-0.9	112410
145	123595200	-3.7	112410
145	126273600	-1.6	112410
145	128952000	-1.4	112410
145	131371200	0.3	112410
145	134049600	1.3	112410
145	136641600	5.7	112410
145	139320000	8.2	112410
145	141912000	11.5	112410
145	144590400	13.5	112410
145	147268800	8.5	112410
145	149860800	-0.8	112410
145	152539200	-0.3	112410
145	155131200	-1	112410
145	157809600	-0.3	112410
145	160488000	-3	112410
145	162907200	-0.8	112410
145	165585600	1.4	112410
145	168177600	8.3	112410
145	170856000	8.8	112410
145	173448000	11.9	112410
145	176126400	11.7	112410
145	178804800	11.5	112410
145	181396800	4.6	112410
145	184075200	-1.6	112410
145	186667200	-2	112410
145	189345600	-4.2	112410
145	192024000	-3.5	112410
145	194529600	-4.6	112410
145	197208000	2.7	112410
145	199800000	7.2	112410
145	202478400	11	112410
145	205070400	13.3	112410
145	207748800	8.9	112410
145	210427200	7.4	112410
145	213019200	6.1	112410
145	215697600	0.1	112410
145	218289600	-4.7	112410
145	220968000	-2.9	112410
145	223646400	-1.5	112410
145	226065600	2.4	112410
145	228744000	1.1	112410
145	231336000	7.1	112410
145	234014400	10.6	112410
145	236606400	11.6	112410
145	239284800	10.8	112410
145	241963200	6.7	112410
145	244555200	7.5	112410
145	247233600	0.4	112410
145	249825600	-2.7	112410
145	252504000	-4.7	112410
145	255182400	-5.6	112410
145	257601600	-0.6	112410
145	260280000	0.5	112410
145	262872000	5	112410
145	265550400	9.4	112410
145	268142400	10.4	112410
145	270820800	10.2	112410
145	273499200	7.9	112410
145	276091200	4.6	112410
145	278769600	2.4	112410
145	281361600	-2.9	112410
145	284040000	-6.7	112410
145	286718400	-4.8	112410
145	289137600	-0.4	112410
145	291816000	0.3	112410
145	294408000	7.4	112410
145	297086400	12	112410
145	299678400	10.2	112410
145	302356800	10.4	112410
145	305035200	9.5	112410
145	307627200	3.8	112410
145	310305600	-0.9	112410
145	312897600	-0.5	112410
145	315576000	-6.4	112410
145	318254400	-2.8	112410
145	320760000	-2.3	112410
145	323438400	-0.3	112410
145	326030400	4.5	112410
145	328708800	9.1	112410
145	331300800	10.7	112410
145	333979200	12.3	112410
145	336657600	9.3	112410
145	339249600	3.8	112410
145	341928000	-0.6	112410
145	344520000	-4.1	112410
145	347198400	-7	112410
145	349876800	-5.5	112410
145	352296000	1.8	112410
145	354974400	2.8	112410
145	357566400	6.9	112410
145	360244800	11.3	112410
145	362836800	11.5	112410
145	365515200	12	112410
145	368193600	9.4	112410
145	370785600	4.8	112410
145	373464000	-0.6	112410
145	376056000	-5.5	112410
145	378734400	-3.3	112410
145	381412800	-4.8	112410
145	383832000	-1.9	112410
145	386510400	-0.1	112410
145	389102400	7.5	112410
145	391780800	11.5	112410
145	394372800	13.1	112410
145	397051200	12.4	112410
145	399729600	12.2	112410
145	402321600	5	112410
145	4.05e+08	2	112410
145	407592000	-2.1	112410
145	410270400	-0.5	112410
145	412948800	-7.3	112410
145	415368000	-0.1	112410
145	418046400	4.6	112410
145	420638400	8.1	112410
145	423316800	10.4	112410
145	425908800	15.8	112410
145	428587200	12.4	112410
145	431265600	9.8	112410
145	433857600	5.3	112410
145	436536000	-0.3	112410
145	439128000	-3.1	112410
145	441806400	-4.6	112410
145	444484800	-6.5	112410
145	446990400	-4.1	112410
145	449668800	0.7	112410
145	452260800	5.7	112410
145	454939200	9.3	112410
145	457531200	11.2	112410
145	460209600	11.2	112410
145	462888000	8.5	112410
145	465480000	6.3	112410
145	468158400	1.9	112410
145	470750400	-2.4	112410
145	473428800	-9.1	112410
145	476107200	-6.7	112410
145	478526400	-2.1	112410
145	481204800	2.1	112410
145	483796800	8	112410
145	486475200	8.6	112410
145	489067200	12.9	112410
145	491745600	12.5	112410
145	494424000	10.3	112410
145	497016000	5.3	112410
145	499694400	-3.2	112410
145	502286400	0.9	112410
145	504964800	-5.8	112410
145	507643200	-9.9	112410
145	510062400	-2.7	112410
145	512740800	3.2	112410
145	515332800	9.8	112410
145	518011200	10.2	112410
145	520603200	12.3	112410
145	523281600	12.6	112410
145	525960000	8.9	112410
145	528552000	5.2	112410
145	531230400	1.2	112410
145	533822400	-3	112410
145	536500800	-8	112410
145	539179200	-3.1	112410
145	541598400	-6.9	112410
145	544276800	2.8	112410
145	546868800	5.2	112410
145	549547200	10.2	112410
145	552139200	13.4	112410
145	554817600	10.9	112410
145	557496000	12	112410
145	560088000	4.5	112410
145	562766400	0.2	112410
145	565358400	-1.4	112410
145	568036800	-1.2	112410
145	570715200	-4.1	112410
145	573220800	-3.3	112410
145	575899200	2.5	112410
145	578491200	7.2	112410
145	581169600	9.8	112410
145	583761600	13.5	112410
145	586440000	12.7	112410
145	589118400	8.6	112410
145	591710400	6.1	112410
145	594388800	-2.7	112410
145	596980800	-2.3	112410
145	599659200	-0.2	112410
145	602337600	-0.2	112410
145	604756800	1.6	112410
145	607435200	3.8	112410
145	610027200	6.8	112410
145	612705600	8.8	112410
145	615297600	12.7	112410
145	617976000	11.9	112410
145	620654400	8.7	112410
145	623246400	5.9	112410
145	625924800	-0.2	112410
145	628516800	-0.9	112410
145	631195200	-0.7	112410
145	633873600	1.4	112410
145	636292800	2.4	112410
145	638971200	1.9	112410
145	641563200	8.4	112410
145	644241600	10	112410
145	646833600	12.1	112410
145	649512000	13	112410
145	652190400	7.4	112410
145	654782400	6.2	112410
145	657460800	-0.3	112410
145	660052800	-5.4	112410
145	662731200	-2.9	112410
145	665409600	-6.8	112410
145	667828800	2	112410
145	670507200	0.9	112410
145	673099200	3.7	112410
145	675777600	10.3	112410
145	678369600	13.6	112410
145	681048000	12.5	112410
145	683726400	10.4	112410
145	686318400	3.1	112410
145	688996800	0.4	112410
145	691588800	-4	112410
145	694267200	-1.6	112410
145	696945600	-1.9	112410
145	699451200	-1.1	112410
145	702129600	2.9	112410
145	704721600	8	112410
145	707400000	11.1	112410
145	709992000	13.9	112410
145	712670400	16.9	112410
145	715348800	9.6	112410
145	717940800	2.8	112410
145	720619200	1.7	112410
145	723211200	-2.5	112410
145	725889600	-1.3	112410
145	728568000	-3.3	112410
145	730987200	-2.4	112410
145	733665600	3.3	112410
145	736257600	9.8	112410
145	738936000	10.9	112410
145	741528000	11.4	112410
145	744206400	12.5	112410
145	746884800	8	112410
145	749476800	5.1	112410
145	752155200	-2.5	112410
145	754747200	-2	112410
145	757425600	-0.5	112410
145	760104000	-3.8	112410
145	762523200	2.6	112410
145	765201600	2	112410
145	767793600	7.6	112410
145	770472000	11.1	112410
145	773064000	15.5	112410
145	775742400	14.1	112410
145	778420800	10.4	112410
145	781012800	3.3	112410
145	783691200	3	112410
145	786283200	-1.1	112410
145	788961600	-5.7	112410
145	791640000	-0.4	112410
145	794059200	-2.9	112410
145	796737600	3	112410
145	799329600	7.3	112410
145	802008000	9.2	112410
145	804600000	14.7	112410
145	807278400	11.7	112410
145	809956800	7.7	112410
145	812548800	11.9	112410
145	815227200	-0.9	112410
145	817819200	-3.1	112410
145	820497600	-1	112410
145	823176000	-6.4	112410
145	825681600	-5.1	112410
145	828360000	3.2	112410
145	830952000	8	112410
145	833630400	12.7	112410
145	836222400	12	112410
145	838900800	11.2	112410
145	841579200	4.6	112410
145	844171200	4.2	112410
145	846849600	1.2	112410
145	849441600	-4	112410
145	852120000	-1	112410
145	854798400	-1.6	112410
145	857217600	-0.2	112410
145	859896000	-0.6	112410
145	862488000	8.2	112410
145	865166400	10.5	112410
145	867758400	11.2	112410
145	870436800	13	112410
145	873115200	10.4	112410
145	875707200	2.7	112410
145	878385600	1.2	112410
145	880977600	-2	112410
145	883656000	-0.9	112410
145	886334400	1.2	112410
145	888753600	-2.4	112410
145	891432000	3.4	112410
145	894024000	7.6	112410
145	896702400	11.8	112410
145	899294400	12.5	112410
145	901972800	14.7	112410
145	904651200	8.2	112410
145	907243200	5.4	112410
145	909921600	-3.9	112410
145	912513600	-3.6	112410
145	915192000	-1.7	112410
145	917870400	-5.6	112410
145	920289600	0.2	112410
145	922968000	3.6	112410
145	925560000	8.2	112410
145	928238400	10.6	112410
145	930830400	13.2	112410
145	933508800	11.8	112410
145	936187200	11.2	112410
145	938779200	4.7	112410
145	941457600	-1.1	112410
145	944049600	-3	112410
145	946728000	-5.2	112410
145	949406400	-1.7	112410
145	951912000	-0.8	112410
145	954590400	5.6	112410
145	957182400	9.5	112410
145	959860800	12.4	112410
145	962452800	11.2	112410
145	965131200	14.5	112410
145	967809600	9.1	112410
145	970401600	7.4	112410
145	973080000	2.8	112410
145	975672000	0.3	112410
145	978350400	-3.5	112410
145	981028800	-2.4	112410
145	983448000	1.5	112410
145	986126400	2.1	112410
145	988718400	9.9	112410
145	991396800	10	112410
145	993988800	13.3	112410
145	996667200	14.8	112410
145	999345600	6.7	112410
145	1001937600	9	112410
145	1004616000	-1	112410
145	1007208000	-6.1	112410
145	1009886400	-1.8	112410
145	1012564800	0.3	112410
145	1014984000	1.2	112410
145	1017662400	2.1	112410
145	1020254400	9.8	112410
145	1022932800	13.2	112410
145	1025524800	13.8	112410
145	1028203200	12.7	112410
145	1030881600	7.5	112410
145	1033473600	4.9	112410
145	1036152000	2.7	112410
145	1038744000	-2.6	112410
145	1041422400	-4.8	112410
145	1044100800	-7	112410
145	1046520000	0.4	112410
145	1049198400	1.8	112410
145	1051790400	10.6	112410
145	1054468800	14.9	112410
145	1057060800	14.1	112410
145	1059739200	16.7	112410
145	1062417600	8.9	112410
145	1065009600	1.3	112410
145	1067688000	2.6	112410
145	1070280000	-1.4	112410
145	1072958400	-6.3	112410
145	1075636800	-3.2	112410
145	1078142400	-2.2	112410
145	1080820800	3	112410
145	1083412800	6	112410
145	1086091200	10.3	112410
145	1088683200	12.4	112410
145	1091361600	13.1	112410
145	1094040000	8.8	112410
145	1096632000	7	112410
145	1099310400	0.3	112410
145	1101902400	-0.6	112410
145	1104580800	-3.9	112410
145	1107259200	-7.6	112410
145	1109678400	-2	112410
145	1112356800	3.7	112410
145	1114948800	8.9	112410
145	1117627200	12.1	112410
145	1120219200	13.6	112410
145	1122897600	10.9	112410
145	1125576000	9.6	112410
145	1128168000	6	112410
145	1130846400	-0.2	112410
145	1133438400	-5.2	112410
145	1136116800	-5.1	112410
145	1138795200	-4.7	112410
145	1141214400	-3	112410
145	1143892800	4	112410
145	1146484800	7.5	112410
145	1149163200	11.6	112410
145	1151755200	15.7	112410
145	1154433600	10.2	112410
145	1157112000	10.9	112410
145	1159704000	7.9	112410
145	1162382400	3.4	112410
145	1164974400	1.3	112410
145	1167652800	0.2	112410
145	1170331200	-0.6	112410
145	1172750400	0.3	112410
145	1175428800	6.5	112410
145	1178020800	9.2	112410
145	1180699200	12.8	112410
145	1183291200	14.4	112410
145	1185969600	13.1	112410
145	1188648000	7.2	112410
145	1191240000	4.2	112410
145	1193918400	-1.6	112410
145	1196510400	-2.1	112410
145	1199188800	-0.8	112410
145	1201867200	-0.7	112410
145	1204372800	-1.4	112410
145	1207051200	3.1	112410
145	1209643200	9.4	112410
145	1212321600	12.5	112410
145	1214913600	13.2	112410
145	1217592000	12.9	112410
145	1220270400	7.4	112410
145	1222862400	7	112410
145	1225540800	1.2	112410
145	1228132800	-3.2	112410
146	-2840097600	-4.5	112450
146	-2837419200	-3.2	112450
146	-2834913600	2.4	112450
146	-2832235200	10.8	112450
146	-2829643200	12	112450
146	-2826964800	15.6	112450
146	-2824372800	20.7	112450
146	-2821694400	16.5	112450
146	-2819016000	14.3	112450
146	-2816424000	9.7	112450
146	-2813745600	4	112450
146	-2811153600	1.6	112450
146	-2808475200	-6.2	112450
146	-2805796800	-2	112450
146	-2803377600	3.8	112450
146	-2800699200	7	112450
146	-2798107200	13.6	112450
146	-2795428800	16.9	112450
146	-2792836800	20.2	112450
146	-2790158400	17.8	112450
146	-2787480000	13	112450
146	-2784888000	5.6	112450
146	-2782209600	1.9	112450
146	-2779617600	-0.9	112450
146	-2776939200	-1.4	112450
146	-2774260800	1	112450
146	-2771841600	7.6	112450
146	-2769163200	9	112450
146	-2766571200	14.4	112450
146	-2763892800	15.6	112450
146	-2761300800	18.6	112450
146	-2758622400	16.3	112450
146	-2755944000	13.5	112450
146	-2753352000	9.9	112450
146	-2750673600	3.4	112450
146	-2748081600	-0.2	112450
146	-2745403200	-3.7	112450
146	-2742724800	0.5	112450
146	-2740305600	-0.5	112450
146	-2737627200	7.4	112450
146	-2735035200	14.4	112450
146	-2732356800	17.5	112450
146	-2729764800	18.3	112450
146	-2727086400	17.4	112450
146	-2724408000	13.5	112450
146	-2721816000	8.9	112450
146	-2719137600	2.5	112450
146	-2716545600	-2.8	112450
146	-2713867200	-1.9	112450
146	-2711188800	0.6	112450
146	-2708683200	4.9	112450
146	-2706004800	8.2	112450
146	-2703412800	14.7	112450
146	-2700734400	14.2	112450
146	-2698142400	19.5	112450
146	-2695464000	17.1	112450
146	-2692785600	14	112450
146	-2690193600	7.2	112450
146	-2687515200	0.6	112450
146	-2684923200	-0.8	112450
146	-2682244800	-4.1	112450
146	-2679566400	1.3	112450
146	-2677147200	4	112450
146	-2674468800	10.5	112450
146	-2671876800	12.1	112450
146	-2669198400	17.4	112450
146	-2666606400	20	112450
146	-2663928000	16.8	112450
146	-2661249600	14.5	112450
146	-2658657600	8.4	112450
146	-2655979200	3.7	112450
146	-2653387200	-2.5	112450
146	-2650708800	-2.5	112450
146	-2648030400	-2.2	112450
146	-2645611200	1.1	112450
146	-2642932800	9.9	112450
146	-2640340800	13.8	112450
146	-2637662400	16.1	112450
146	-2635070400	19.2	112450
146	-2632392000	18.1	112450
146	-2629713600	14.7	112450
146	-2627121600	10	112450
146	-2624443200	4.1	112450
146	-2621851200	0.1	112450
146	-2619172800	-4.5	112450
146	-2616494400	-4	112450
146	-2614075200	1.7	112450
146	-2611396800	9.1	112450
146	-2608804800	12.1	112450
146	-2606126400	16.1	112450
146	-2603534400	20.2	112450
146	-2600856000	17.1	112450
146	-2598177600	14.8	112450
146	-2595585600	6.4	112450
146	-2592907200	4.2	112450
146	-2590315200	-1.7	112450
146	-2587636800	-4.3	112450
146	-2584958400	-3.2	112450
146	-2582452800	3.3	112450
146	-2579774400	8	112450
146	-2577182400	14	112450
146	-2574504000	17.4	112450
146	-2571912000	16.7	112450
146	-2569233600	17.6	112450
146	-2566555200	13.9	112450
146	-2563963200	7	112450
146	-2561284800	0.8	112450
146	-2558692800	-0.6	112450
146	-2556014400	-4.4	112450
146	-2553336000	-2.4	112450
146	-2550916800	2.5	112450
146	-2548238400	8.9	112450
146	-2545646400	16	112450
146	-2542968000	18.7	112450
146	-2540376000	17.9	112450
146	-2537697600	16.9	112450
146	-2535019200	11.5	112450
146	-2532427200	10.4	112450
146	-2529748800	2.3	112450
146	-2527156800	-3.7	112450
146	-2524478400	-1.2	112450
146	-2521800000	-2.6	112450
146	-2519380800	5.7	112450
146	-2516702400	9	112450
146	-2514110400	14.7	112450
146	-2511432000	15.5	112450
146	-2508840000	18.1	112450
146	-2506161600	19.9	112450
146	-2503483200	13.4	112450
146	-2500891200	7.1	112450
146	-2498212800	2.4	112450
146	-2495620800	-5.8	112450
146	-2492942400	-8	112450
146	-2490264000	-4	112450
146	-2487844800	3.6	112450
146	-2485166400	6.7	112450
146	-2482574400	14.9	112450
146	-2479896000	16.2	112450
146	-2477304000	17.5	112450
146	-2474625600	16.8	112450
146	-2471947200	13.6	112450
146	-2469355200	10.7	112450
146	-2466676800	2.7	112450
146	-2464084800	-0.1	112450
146	-2461406400	-3.6	112450
146	-2458728000	-0.2	112450
146	-2456222400	0.9	112450
146	-2453544000	9.1	112450
146	-2450952000	13.4	112450
146	-2448273600	16.2	112450
146	-2445681600	16.9	112450
146	-2443003200	18.5	112450
146	-2440324800	15.2	112450
146	-2437732800	8.7	112450
146	-2435054400	0.9	112450
146	-2432462400	-4.8	112450
146	-2429784000	-9.3	112450
146	-2427105600	-0.2	112450
146	-2424686400	4.4	112450
146	-2422008000	9.2	112450
146	-2419416000	12.9	112450
146	-2416737600	15.6	112450
146	-2414145600	17.9	112450
146	-2411467200	17.1	112450
146	-2408788800	13.6	112450
146	-2406196800	9.7	112450
146	-2403518400	0.8	112450
146	-2400926400	-1	112450
146	-2398248000	-5	112450
146	-2395569600	0.4	112450
146	-2393150400	4.8	112450
146	-2390472000	11.4	112450
146	-2387880000	13	112450
146	-2385201600	15.3	112450
146	-2382609600	18.9	112450
146	-2379931200	16.8	112450
146	-2377252800	12.2	112450
146	-2374660800	9.8	112450
146	-2371982400	3.2	112450
146	-2369390400	-2.8	112450
146	-2366712000	-3.7	112450
146	-2364033600	-6.5	112450
146	-2361614400	2	112450
146	-2358936000	8.4	112450
146	-2356344000	12.4	112450
146	-2353665600	16.6	112450
146	-2351073600	18.9	112450
146	-2348395200	16.7	112450
146	-2345716800	15.1	112450
146	-2343124800	8.7	112450
146	-2340446400	3.9	112450
146	-2337854400	-1.6	112450
146	-2335176000	-5.8	112450
146	-2332497600	-2.3	112450
146	-2329992000	5.9	112450
146	-2327313600	6.9	112450
146	-2324721600	11.6	112450
146	-2322043200	16.6	112450
146	-2319451200	18.5	112450
146	-2316772800	15.3	112450
146	-2314094400	13.8	112450
146	-2311502400	11.4	112450
146	-2308824000	2.4	112450
146	-2306232000	-1.3	112450
146	-2303553600	-2.9	112450
146	-2300875200	0.8	112450
146	-2298456000	7.2	112450
146	-2295777600	9.7	112450
146	-2293185600	11.7	112450
146	-2290507200	17.2	112450
146	-2287915200	18.6	112450
146	-2285236800	18.1	112450
146	-2282558400	14.2	112450
146	-2279966400	7.6	112450
146	-2277288000	0.2	112450
146	-2274696000	-2	112450
146	-2272017600	-1.5	112450
146	-2269339200	0.6	112450
146	-2266920000	4.5	112450
146	-2264241600	10.6	112450
146	-2261649600	13.7	112450
146	-2258971200	15.5	112450
146	-2256379200	16.6	112450
146	-2253700800	18	112450
146	-2251022400	13.8	112450
146	-2248430400	10.1	112450
146	-2245752000	6.8	112450
146	-2243160000	0.1	112450
146	-2240481600	0.3	112450
146	-2237803200	0.7	112450
146	-2235384000	3	112450
146	-2232705600	9.1	112450
146	-2230113600	12.6	112450
146	-2227435200	15.3	112450
146	-2224843200	18	112450
146	-2222164800	17.8	112450
146	-2219486400	13.5	112450
146	-2216894400	7.6	112450
146	-2214216000	4.1	112450
146	-2211624000	-4.4	112450
146	-2208945600	-0.1	112450
146	-2206267200	3.4	112450
146	-2203848000	2	112450
146	-2201169600	7.8	112450
146	-2198577600	12.4	112450
146	-2195899200	17	112450
146	-2193307200	19.7	112450
146	-2190628800	17.1	112450
146	-2187950400	15.1	112450
146	-2185358400	9.2	112450
146	-2182680000	5.8	112450
146	-2180088000	-1.7	112450
146	-2177409600	-6.7	112450
146	-2174731200	-4.9	112450
146	-2172312000	3.5	112450
146	-2169633600	9.3	112450
146	-2167041600	13.6	112450
146	-2164363200	17.5	112450
146	-2161771200	19	112450
146	-2159092800	17.4	112450
146	-2156414400	12.9	112450
146	-2153822400	9.7	112450
146	-2151144000	1.4	112450
146	-2148552000	1.3	112450
146	-2145873600	0.8	112450
146	-2143195200	-0.3	112450
146	-2140776000	3.9	112450
146	-2138097600	8.8	112450
146	-2135505600	9.8	112450
146	-2132827200	15.3	112450
146	-2130235200	17.1	112450
146	-2127556800	16.8	112450
146	-2124878400	13.3	112450
146	-2122286400	8.1	112450
146	-2119608000	-0.4	112450
146	-2117016000	-4.3	112450
146	-2114337600	-4.6	112450
146	-2111659200	2.1	112450
146	-2109240000	6.2	112450
146	-2106561600	5.9	112450
146	-2103969600	13.4	112450
146	-2101291200	16.3	112450
146	-2098699200	17.9	112450
146	-2096020800	17	112450
146	-2093342400	13.4	112450
146	-2090750400	9	112450
146	-2088072000	3.8	112450
146	-2085480000	-0.7	112450
146	-2082801600	-3.2	112450
146	-2080123200	2.1	112450
146	-2077617600	4.3	112450
146	-2074939200	9.9	112450
146	-2072347200	13.5	112450
146	-2069668800	17	112450
146	-2067076800	19.4	112450
146	-2064398400	17.3	112450
146	-2061720000	12.2	112450
146	-2059128000	9	112450
146	-2056449600	2.2	112450
146	-2053857600	0	112450
146	-2051179200	-5.9	112450
146	-2048500800	-0.8	112450
146	-2046081600	5	112450
146	-2043403200	8	112450
146	-2040811200	13	112450
146	-2038132800	16.7	112450
146	-2035540800	19.6	112450
146	-2032862400	18.5	112450
146	-2030184000	15.2	112450
146	-2027592000	3.7	112450
146	-2024913600	3.9	112450
146	-2022321600	-0.4	112450
146	-2019643200	-2.7	112450
146	-2016964800	-0.4	112450
146	-2014545600	3.5	112450
146	-2011867200	9	112450
146	-2009275200	13.6	112450
146	-2006596800	15.5	112450
146	-2004004800	18	112450
146	-2001326400	16.8	112450
146	-1998648000	12.2	112450
146	-1996056000	8.8	112450
146	-1993377600	5.7	112450
146	-1990785600	-3.2	112450
146	-1988107200	-4.1	112450
146	-1985428800	-2.8	112450
146	-1983009600	2.5	112450
146	-1980331200	6	112450
146	-1977739200	15.2	112450
146	-1975060800	17.4	112450
146	-1972468800	16.9	112450
146	-1969790400	17.1	112450
146	-1967112000	13.5	112450
146	-1964520000	12.5	112450
146	-1961841600	2.3	112450
146	-1959249600	-0.1	112450
146	-1956571200	-3.8	112450
146	-1953892800	1.6	112450
146	-1951387200	2.3	112450
146	-1948708800	7	112450
146	-1946116800	16.7	112450
146	-1943438400	18.8	112450
146	-1940846400	18.8	112450
146	-1938168000	16.2	112450
146	-1935489600	12.1	112450
146	-1932897600	8	112450
146	-1930219200	-1.3	112450
146	-1927627200	-2.7	112450
146	-1924948800	-5.6	112450
146	-1922270400	-3.9	112450
146	-1919851200	2.6	112450
146	-1917172800	9.9	112450
146	-1914580800	12.7	112450
146	-1911902400	16.6	112450
146	-1909310400	17.5	112450
146	-1906632000	18.1	112450
146	-1903953600	14.2	112450
146	-1901361600	10.6	112450
146	-1898683200	2.1	112450
146	-1896091200	1.9	112450
146	-1893412800	-1.6	112450
146	-1890734400	2.8	112450
146	-1888315200	5.5	112450
146	-1885636800	8.7	112450
146	-1883044800	13.2	112450
146	-1880366400	16.9	112450
146	-1877774400	16.9	112450
146	-1875096000	17.1	112450
146	-1872417600	12.6	112450
146	-1869825600	9.6	112450
146	-1867147200	1.9	112450
146	-1864555200	3.3	112450
146	-1861876800	-3.1	112450
146	-1859198400	-1.1	112450
146	-1856779200	4.1	112450
146	-1854100800	8.6	112450
146	-1851508800	13.2	112450
146	-1848830400	15.7	112450
146	-1846238400	19.7	112450
146	-1843560000	19.1	112450
146	-1840881600	14.5	112450
146	-1838289600	8.8	112450
146	-1835611200	6.4	112450
146	-1833019200	0.9	112450
146	-1830340800	-3.6	112450
146	-1827662400	3	112450
146	-1825156800	7	112450
146	-1822478400	7.7	112450
146	-1819886400	13.6	112450
146	-1817208000	17.6	112450
146	-1814616000	18.6	112450
146	-1811937600	15.8	112450
146	-1809259200	9.3	112450
146	-1806667200	7.1	112450
146	-1803988800	0.4	112450
146	-1801396800	-0.6	112450
146	-1798718400	-3.3	112450
146	-1796040000	-1.3	112450
146	-1793620800	6.4	112450
146	-1790942400	9.1	112450
146	-1788350400	13.1	112450
146	-1785672000	16.7	112450
146	-1783080000	15.5	112450
146	-1780401600	16	112450
146	-1777723200	13.7	112450
146	-1775131200	9.6	112450
146	-1772452800	5.4	112450
146	-1769860800	-0.1	112450
146	-1767182400	-7.4	112450
146	-1764504000	-3.1	112450
146	-1762084800	5.2	112450
146	-1759406400	10.3	112450
146	-1756814400	12.8	112450
146	-1754136000	15.5	112450
146	-1751544000	17	112450
146	-1748865600	17.1	112450
146	-1746187200	12.3	112450
146	-1743595200	7.5	112450
146	-1740916800	1.6	112450
146	-1738324800	0.8	112450
146	-1735646400	-1	112450
146	-1732968000	0.5	112450
146	-1730548800	3.2	112450
146	-1727870400	8.7	112450
146	-1725278400	14.5	112450
146	-1722600000	17.8	112450
146	-1720008000	17.6	112450
146	-1717329600	15.8	112450
146	-1714651200	11.7	112450
146	-1712059200	6.6	112450
146	-1709380800	1.3	112450
146	-1706788800	2.4	112450
146	-1704110400	0.4	112450
146	-1701432000	0	112450
146	-1698926400	7	112450
146	-1696248000	8.8	112450
146	-1693656000	14	112450
146	-1690977600	15.5	112450
146	-1688385600	18.4	112450
146	-1685707200	17.8	112450
146	-1683028800	12.4	112450
146	-1680436800	8.4	112450
146	-1677758400	5.5	112450
146	-1675166400	2.4	112450
146	-1672488000	-1.9	112450
146	-1669809600	-4.6	112450
146	-1667390400	2	112450
146	-1664712000	6.7	112450
146	-1662120000	14.8	112450
146	-1659441600	18.9	112450
146	-1656849600	18.8	112450
146	-1654171200	18.6	112450
146	-1651492800	15.2	112450
146	-1648900800	9.4	112450
146	-1646222400	3.1	112450
146	-1643630400	-3	112450
146	-1640952000	-0.9	112450
146	-1638273600	-0.5	112450
146	-1635854400	4.3	112450
146	-1633176000	10.9	112450
146	-1630584000	14.2	112450
146	-1627905600	14.4	112450
146	-1625313600	17.4	112450
146	-1622635200	16.6	112450
146	-1619956800	14.4	112450
146	-1617364800	8.6	112450
146	-1614686400	2.1	112450
146	-1612094400	1.1	112450
146	-1609416000	1.5	112450
146	-1606737600	-0.8	112450
146	-1604318400	5.2	112450
146	-1601640000	7.2	112450
146	-1599048000	10.4	112450
146	-1596369600	16.2	112450
146	-1593777600	16.1	112450
146	-1591099200	17.4	112450
146	-1588420800	15.4	112450
146	-1585828800	7.3	112450
146	-1583150400	2.1	112450
146	-1580558400	-0.5	112450
146	-1577880000	1.2	112450
146	-1575201600	2.7	112450
146	-1572696000	7	112450
146	-1570017600	11.6	112450
146	-1567425600	16.1	112450
146	-1564747200	15.5	112450
146	-1562155200	19.1	112450
146	-1559476800	16.2	112450
146	-1556798400	14.8	112450
146	-1554206400	6.1	112450
146	-1551528000	-1.1	112450
146	-1548936000	-1.2	112450
146	-1546257600	1.8	112450
146	-1543579200	-0.1	112450
146	-1541160000	5.5	112450
146	-1538481600	7.6	112450
146	-1535889600	15.1	112450
146	-1533211200	15.4	112450
146	-1530619200	19.8	112450
146	-1527940800	18.5	112450
146	-1525262400	13.9	112450
146	-1522670400	10.2	112450
146	-1519992000	0.5	112450
146	-1517400000	-2.9	112450
146	-1514721600	-3.6	112450
146	-1512043200	-2.8	112450
146	-1509624000	5.6	112450
146	-1506945600	7.8	112450
146	-1504353600	14.1	112450
146	-1501675200	17.6	112450
146	-1499083200	18.6	112450
146	-1496404800	18	112450
146	-1493726400	12.2	112450
146	-1491134400	6.3	112450
146	-1488456000	1.2	112450
146	-1485864000	0.6	112450
146	-1483185600	0.1	112450
146	-1480507200	0.1	112450
146	-1478088000	4.8	112450
146	-1475409600	8	112450
146	-1472817600	14.8	112450
146	-1470139200	13.6	112450
146	-1467547200	18.8	112450
146	-1464868800	17.5	112450
146	-1462190400	13.6	112450
146	-1459598400	11.8	112450
146	-1456920000	4.5	112450
146	-1454328000	-0.9	112450
146	-1451649600	-4.2	112450
146	-1448971200	-2.9	112450
146	-1446465600	2.8	112450
146	-1443787200	8.4	112450
146	-1441195200	15.3	112450
146	-1438516800	16.4	112450
146	-1435924800	17.8	112450
146	-1433246400	15.5	112450
146	-1430568000	15	112450
146	-1427976000	9.3	112450
146	-1425297600	2.1	112450
146	-1422705600	-1.9	112450
146	-1420027200	-1.5	112450
146	-1417348800	3.8	112450
146	-1414929600	3.4	112450
146	-1412251200	9.7	112450
146	-1409659200	15.1	112450
146	-1406980800	16	112450
146	-1404388800	18.3	112450
146	-1401710400	17.3	112450
146	-1399032000	12.4	112450
146	-1396440000	8.4	112450
146	-1393761600	2.5	112450
146	-1391169600	-4	112450
146	-1388491200	-3.6	112450
146	-1385812800	3.9	112450
146	-1383393600	3.3	112450
146	-1380715200	10.1	112450
146	-1378123200	13.4	112450
146	-1375444800	15.9	112450
146	-1372852800	17.5	112450
146	-1370174400	17.2	112450
146	-1367496000	15.2	112450
146	-1364904000	9.6	112450
146	-1362225600	9.4	112450
146	-1359633600	-1.2	112450
146	-1356955200	0	112450
146	-1354276800	-0.6	112450
146	-1351857600	7	112450
146	-1349179200	9	112450
146	-1346587200	13.5	112450
146	-1343908800	18.6	112450
146	-1341316800	20.5	112450
146	-1338638400	18.8	112450
146	-1335960000	14.9	112450
146	-1333368000	8.6	112450
146	-1330689600	3.8	112450
146	-1328097600	-3.5	112450
146	-1325419200	-3	112450
146	-1322740800	0.7	112450
146	-1320235200	2.3	112450
146	-1317556800	10.3	112450
146	-1314964800	12.1	112450
146	-1312286400	17.4	112450
146	-1309694400	21.8	112450
146	-1307016000	19.4	112450
146	-1304337600	14.2	112450
146	-1301745600	9.5	112450
146	-1299067200	5.7	112450
146	-1296475200	-1.3	112450
146	-1293796800	-6.9	112450
146	-1291118400	-9.9	112450
146	-1288699200	1.6	112450
146	-1286020800	6.4	112450
146	-1283428800	15.3	112450
146	-1280750400	16.5	112450
146	-1278158400	19.8	112450
146	-1275480000	19.4	112450
146	-1272801600	14.8	112450
146	-1270209600	9.9	112450
146	-1267531200	5.1	112450
146	-1264939200	1.1	112450
146	-1262260800	-1.4	112450
146	-1259582400	-0.6	112450
146	-1257163200	5.5	112450
146	-1254484800	10.1	112450
146	-1251892800	13.6	112450
146	-1249214400	18.8	112450
146	-1246622400	18.5	112450
146	-1243944000	17.2	112450
146	-1241265600	15	112450
146	-1238673600	8.4	112450
146	-1235995200	5.6	112450
146	-1233403200	-0.5	112450
146	-1230724800	-1.4	112450
146	-1228046400	-1	112450
146	-1225627200	0.2	112450
146	-1222948800	7.1	112450
146	-1220356800	16.4	112450
146	-1217678400	18.9	112450
146	-1215086400	20.1	112450
146	-1212408000	17.4	112450
146	-1209729600	10.6	112450
146	-1207137600	7.6	112450
146	-1204459200	2.8	112450
146	-1201867200	-3.5	112450
146	-1199188800	-2.2	112450
146	-1196510400	-5.4	112450
146	-1194004800	-1	112450
146	-1191326400	8.6	112450
146	-1188734400	14.1	112450
146	-1186056000	16.5	112450
146	-1183464000	20.2	112450
146	-1180785600	20.5	112450
146	-1178107200	17.1	112450
146	-1175515200	9	112450
146	-1172836800	3.5	112450
146	-1170244800	-0.9	112450
146	-1167566400	-4.6	112450
146	-1164888000	-1.3	112450
146	-1162468800	4.3	112450
146	-1159790400	7.4	112450
146	-1157198400	12.6	112450
146	-1154520000	14.6	112450
146	-1151928000	18.6	112450
146	-1149249600	18	112450
146	-1146571200	13.8	112450
146	-1143979200	9.1	112450
146	-1141300800	2.9	112450
146	-1138708800	-5.5	112450
146	-1136030400	-2.1	112450
146	-1133352000	-0.2	112450
146	-1130932800	6.8	112450
146	-1128254400	12	112450
146	-1125662400	15.5	112450
146	-1122984000	16.5	112450
146	-1120392000	19.6	112450
146	-1117713600	18.1	112450
146	-1115035200	15.7	112450
146	-1112443200	9	112450
146	-1109764800	4.4	112450
146	-1107172800	3.9	112450
146	-1104494400	-4.2	112450
146	-1101816000	0	112450
146	-1099396800	3.3	112450
146	-1096718400	8.8	112450
146	-1094126400	11.9	112450
146	-1091448000	18.8	112450
146	-1088856000	19.1	112450
146	-1086177600	17.7	112450
146	-1083499200	13.9	112450
146	-1080907200	11	112450
146	-1078228800	3.9	112450
146	-1075636800	-1	112450
146	-1072958400	2.9	112450
146	-1070280000	1.2	112450
146	-1067774400	6.7	112450
146	-1065096000	9.5	112450
146	-1062504000	14.2	112450
146	-1059825600	17	112450
146	-1057233600	19.8	112450
146	-1054555200	17	112450
146	-1051876800	14.1	112450
146	-1049284800	5	112450
146	-1046606400	3	112450
146	-1044014400	-1.4	112450
146	-1041336000	-4.2	112450
146	-1038657600	1.5	112450
146	-1036238400	5.7	112450
146	-1033560000	8.5	112450
146	-1030968000	15.7	112450
146	-1028289600	18.3	112450
146	-1025697600	18.9	112450
146	-1023019200	17.5	112450
146	-1020340800	14.4	112450
146	-1017748800	9.6	112450
146	-1015070400	3.3	112450
146	-1012478400	-1	112450
146	-1009800000	-2.1	112450
146	-1007121600	-0.3	112450
146	-1004702400	6.8	112450
146	-1002024000	5.9	112450
146	-999432000	12.4	112450
146	-996753600	18.9	112450
146	-994161600	19.3	112450
146	-991483200	17.9	112450
146	-988804800	13.5	112450
146	-986212800	10	112450
146	-983534400	4.8	112450
146	-980942400	-3.1	112450
146	-978264000	0.7	112450
146	-975585600	1.4	112450
146	-973166400	1.9	112450
146	-970488000	11.8	112450
146	-967896000	12.6	112450
146	-965217600	17.4	112450
146	-962625600	19.4	112450
146	-959947200	18.4	112450
146	-957268800	13.7	112450
146	-954676800	8.1	112450
146	-951998400	4.2	112450
146	-949406400	-3.3	112450
146	-946728000	-8.9	112450
146	-944049600	-4.9	112450
146	-941544000	2	112450
146	-938865600	9.5	112450
146	-936273600	11.9	112450
146	-933595200	17.1	112450
146	-931003200	18	112450
146	-928324800	15.4	112450
146	-925646400	14.1	112450
146	-923054400	8.4	112450
146	-920376000	5.8	112450
146	-917784000	-4.7	112450
146	-915105600	-5.1	112450
146	-912427200	-0.3	112450
146	-910008000	4.9	112450
146	-907329600	8	112450
146	-904737600	11	112450
146	-902059200	16.9	112450
146	-899467200	18.3	112450
146	-896788800	16.4	112450
146	-894110400	12.1	112450
146	-891518400	8.1	112450
146	-888840000	0.2	112450
146	-886248000	-1.2	112450
146	-883569600	-9.8	112450
146	-880891200	-4.2	112450
146	-878472000	1.7	112450
146	-875793600	7.8	112450
146	-873201600	14.2	112450
146	-870523200	16.9	112450
146	-867931200	17.4	112450
146	-865252800	18.1	112450
146	-862574400	17.3	112450
146	-859982400	11.4	112450
146	-857304000	2.7	112450
146	-854712000	0.8	112450
146	-852033600	-6.3	112450
146	-849355200	2.5	112450
146	-846936000	6	112450
146	-844257600	10.6	112450
146	-841665600	12.9	112450
146	-838987200	15.6	112450
146	-836395200	18.4	112450
146	-833716800	19.7	112450
146	-831038400	15.8	112450
146	-828446400	10.7	112450
146	-825768000	2.3	112450
146	-823176000	0.3	112450
146	-820497600	0.9	112450
146	-817819200	-1.2	112450
146	-815313600	1.4	112450
146	-812635200	10.2	112450
146	-810043200	12.4	112450
146	-807364800	15.6	112450
146	-804772800	18.4	112450
146	-802094400	19.7	112450
146	-799416000	13.1	112450
146	-796824000	9.7	112450
146	-794145600	3.4	112450
146	-791553600	-1.3	112450
146	-788875200	-5.1	112450
146	-786196800	1.1	112450
146	-783777600	6.4	112450
146	-781099200	10.4	112450
146	-778507200	15.8	112450
146	-775828800	18.6	112450
146	-773236800	20.1	112450
146	-770558400	17.7	112450
146	-767880000	14.4	112450
146	-765288000	9	112450
146	-762609600	2.9	112450
146	-760017600	0.6	112450
146	-757339200	-4.6	112450
146	-754660800	2.7	112450
146	-752241600	6	112450
146	-749563200	11.9	112450
146	-746971200	16	112450
146	-744292800	17.8	112450
146	-741700800	20.4	112450
146	-739022400	19.7	112450
146	-736344000	16	112450
146	-733752000	5.9	112450
146	-731073600	3.9	112450
146	-728481600	-2.6	112450
146	-725803200	-7	112450
146	-723124800	-4.1	112450
146	-720705600	4.8	112450
146	-718027200	12.1	112450
146	-715435200	14.8	112450
146	-712756800	18.5	112450
146	-710164800	19.9	112450
146	-707486400	18.6	112450
146	-704808000	17.3	112450
146	-702216000	7.2	112450
146	-699537600	5.1	112450
146	-696945600	0.9	112450
146	-694267200	1	112450
146	-691588800	-1.5	112450
146	-689083200	4.3	112450
146	-686404800	10.6	112450
146	-683812800	15.4	112450
146	-681134400	16.3	112450
146	-678542400	17.4	112450
146	-675864000	18.4	112450
146	-673185600	15	112450
146	-670593600	9.6	112450
146	-667915200	3.4	112450
146	-665323200	-2.6	112450
146	-662644800	0.7	112450
146	-659966400	1.7	112450
146	-657547200	2.6	112450
146	-654868800	11.9	112450
146	-652276800	14.2	112450
146	-649598400	15.5	112450
146	-647006400	18.8	112450
146	-644328000	17.6	112450
146	-641649600	15.6	112450
146	-639057600	10.5	112450
146	-636379200	5.3	112450
146	-633787200	0.4	112450
146	-631108800	-4.7	112450
146	-628430400	1.2	112450
146	-626011200	6.5	112450
146	-623332800	9.4	112450
146	-620740800	16.1	112450
146	-618062400	19.2	112450
146	-615470400	21	112450
146	-612792000	19.7	112450
146	-610113600	14.8	112450
146	-607521600	7.7	112450
146	-604843200	4.3	112450
146	-602251200	-0.2	112450
146	-599572800	0.3	112450
146	-596894400	3.2	112450
146	-594475200	4.1	112450
146	-591796800	9.4	112450
146	-589204800	13.1	112450
146	-586526400	17.4	112450
146	-583934400	18	112450
146	-581256000	18.9	112450
146	-578577600	16	112450
146	-575985600	7.9	112450
146	-573307200	6.7	112450
146	-570715200	0.5	112450
146	-568036800	-2.8	112450
146	-565358400	-1.3	112450
146	-562852800	2.1	112450
146	-560174400	12.3	112450
146	-557582400	13.5	112450
146	-554904000	17.9	112450
146	-552312000	20.5	112450
146	-549633600	20.2	112450
146	-546955200	12.3	112450
146	-544363200	8.5	112450
146	-541684800	2.2	112450
146	-539092800	-1.2	112450
146	-536414400	-2.6	112450
146	-533736000	0.6	112450
146	-531316800	4.8	112450
146	-528638400	10.4	112450
146	-526046400	13.9	112450
146	-523368000	17.4	112450
146	-520776000	19.1	112450
146	-518097600	16.7	112450
146	-515419200	15.4	112450
146	-512827200	11.1	112450
146	-510148800	2.2	112450
146	-507556800	-1	112450
146	-504878400	-6.5	112450
146	-502200000	-6.5	112450
146	-499780800	5	112450
146	-497102400	7.8	112450
146	-494510400	13	112450
146	-491832000	18.2	112450
146	-489240000	16.9	112450
146	-486561600	17.6	112450
146	-483883200	15.1	112450
146	-481291200	8.6	112450
146	-478612800	2.6	112450
146	-476020800	1.9	112450
146	-473342400	-2.2	112450
146	-470664000	-0.5	112450
146	-468244800	0.8	112450
146	-465566400	7.6	112450
146	-462974400	12.2	112450
146	-460296000	16.2	112450
146	-457704000	18.3	112450
146	-455025600	17.2	112450
146	-452347200	14.3	112450
146	-449755200	8.4	112450
146	-447076800	2.5	112450
146	-444484800	0.1	112450
146	-441806400	0.1	112450
146	-439128000	-8.5	112450
146	-436622400	0.9	112450
146	-433944000	8	112450
146	-431352000	14.6	112450
146	-428673600	16.2	112450
146	-426081600	18.9	112450
146	-423403200	17.8	112450
146	-420724800	14.6	112450
146	-418132800	8.8	112450
146	-415454400	0.5	112450
146	-412862400	-1.8	112450
146	-410184000	-4.3	112450
146	-407505600	3.2	112450
146	-405086400	7	112450
146	-402408000	9.5	112450
146	-399816000	11.3	112450
146	-397137600	19.6	112450
146	-394545600	19.1	112450
146	-391867200	16.9	112450
146	-389188800	13.4	112450
146	-386596800	8.4	112450
146	-383918400	5.2	112450
146	-381326400	-0.9	112450
146	-378648000	-3	112450
146	-375969600	2.3	112450
146	-373550400	0.8	112450
146	-370872000	7.3	112450
146	-368280000	17.7	112450
146	-365601600	16.8	112450
146	-363009600	19.8	112450
146	-360331200	18.9	112450
146	-357652800	14.6	112450
146	-355060800	9.8	112450
146	-352382400	4.6	112450
146	-349790400	1.5	112450
146	-347112000	-0.9	112450
146	-344433600	-1.5	112450
146	-342014400	7.6	112450
146	-339336000	10.5	112450
146	-336744000	13.8	112450
146	-334065600	16.7	112450
146	-331473600	19.8	112450
146	-328795200	17.8	112450
146	-326116800	13	112450
146	-323524800	7.4	112450
146	-320846400	3.6	112450
146	-318254400	1.9	112450
146	-315576000	-2.2	112450
146	-312897600	-0.5	112450
146	-310392000	4.6	112450
146	-307713600	9.5	112450
146	-305121600	13.1	112450
146	-302443200	17.6	112450
146	-299851200	16.8	112450
146	-297172800	18.2	112450
146	-294494400	12.8	112450
146	-291902400	10.4	112450
146	-289224000	4.9	112450
146	-286632000	1.7	112450
146	-283953600	-3.6	112450
146	-281275200	2.1	112450
146	-278856000	7.5	112450
146	-276177600	12.6	112450
146	-273585600	13	112450
146	-270907200	18.7	112450
146	-268315200	17.6	112450
146	-265636800	17.8	112450
146	-262958400	16.2	112450
146	-260366400	10.7	112450
146	-257688000	4.5	112450
146	-255096000	-2.8	112450
146	-252417600	-1.4	112450
146	-249739200	-0.4	112450
146	-247320000	1.5	112450
146	-244641600	9.6	112450
146	-242049600	12.6	112450
146	-239371200	15.2	112450
146	-236779200	16.9	112450
146	-234100800	19	112450
146	-231422400	13	112450
146	-228830400	9.3	112450
146	-226152000	3	112450
146	-223560000	-5.2	112450
146	-220881600	-6.8	112450
146	-218203200	-4.9	112450
146	-215784000	2.2	112450
146	-213105600	10.4	112450
146	-210513600	13.8	112450
146	-207835200	18.1	112450
146	-205243200	19.9	112450
146	-202564800	18.6	112450
146	-199886400	15.6	112450
146	-197294400	9	112450
146	-194616000	8.3	112450
146	-192024000	-6	112450
146	-189345600	-6.8	112450
146	-186667200	-0.4	112450
146	-184161600	1.9	112450
146	-181483200	10.3	112450
146	-178891200	14.2	112450
146	-176212800	19.3	112450
146	-173620800	19.3	112450
146	-170942400	17.7	112450
146	-168264000	14.4	112450
146	-165672000	8.5	112450
146	-162993600	5.9	112450
146	-160401600	-0.8	112450
146	-157723200	-0.7	112450
146	-155044800	-3.4	112450
146	-152625600	4.8	112450
146	-149947200	8	112450
146	-147355200	12.7	112450
146	-144676800	17.3	112450
146	-142084800	18.3	112450
146	-139406400	16.6	112450
146	-136728000	15	112450
146	-134136000	8.4	112450
146	-131457600	1.9	112450
146	-128865600	0.4	112450
146	-126187200	-4.2	112450
146	-123508800	5.5	112450
146	-121089600	4.2	112450
146	-118411200	11.6	112450
146	-115819200	14.2	112450
146	-113140800	17.8	112450
146	-110548800	17.9	112450
146	-107870400	17.3	112450
146	-105192000	14.9	112450
146	-102600000	13.3	112450
146	-99921600	2.4	112450
146	-97329600	0.1	112450
146	-94651200	-2.5	112450
146	-91972800	1.1	112450
146	-89553600	6.2	112450
146	-86875200	8.8	112450
146	-84283200	15.1	112450
146	-81604800	17.1	112450
146	-79012800	20.5	112450
146	-76334400	17.9	112450
146	-73656000	15.2	112450
146	-71064000	10.9	112450
146	-68385600	4.3	112450
146	-65793600	-1.3	112450
146	-63115200	-3.9	112450
146	-60436800	1.4	112450
146	-57931200	5.4	112450
146	-55252800	11.5	112450
146	-52660800	14.4	112450
146	-49982400	17.5	112450
146	-47390400	18.7	112450
146	-44712000	16.9	112450
146	-42033600	14	112450
146	-39441600	10	112450
146	-36763200	4.8	112450
146	-34171200	-3.4	112450
146	-31492800	-3.3	112450
146	-28814400	-1.8	112450
146	-26395200	2.4	112450
146	-23716800	9.3	112450
146	-21124800	16.4	112450
146	-18446400	16.5	112450
146	-15854400	19.3	112450
146	-13176000	16.8	112450
146	-10497600	14.7	112450
146	-7905600	9.4	112450
146	-5227200	5.9	112450
146	-2635200	-4.1	112450
146	43200	-2.2	112450
146	2721600	-0.5	112450
146	5140800	2.7	112450
146	7819200	8.3	112450
146	10411200	12.4	112450
146	13089600	18.4	112450
146	15681600	18.9	112450
146	18360000	18.6	112450
146	21038400	14.1	112450
146	23630400	8.2	112450
146	26308800	6.5	112450
146	28900800	-1.4	112450
146	31579200	-2.4	112450
146	34257600	1.4	112450
146	36676800	1.6	112450
146	39355200	9.9	112450
146	41947200	14.8	112450
146	44625600	16.3	112450
146	47217600	19.1	112450
146	49896000	19	112450
146	52574400	11.8	112450
146	55166400	7.9	112450
146	57844800	3.2	112450
146	60436800	0.3	112450
146	63115200	-3.6	112450
146	65793600	2	112450
146	68299200	6.2	112450
146	70977600	9.4	112450
146	73569600	13.5	112450
146	76248000	17.5	112450
146	78840000	18.9	112450
146	81518400	17.4	112450
146	84196800	11.2	112450
146	86788800	7.4	112450
146	89467200	3.6	112450
146	92059200	-1.2	112450
146	94737600	-1.9	112450
146	97416000	0.7	112450
146	99835200	4	112450
146	102513600	7.4	112450
146	105105600	14.7	112450
146	107784000	17.4	112450
146	110376000	18.7	112450
146	113054400	18.4	112450
146	115732800	14.7	112450
146	118324800	7.1	112450
146	121003200	1.5	112450
146	123595200	-0.8	112450
146	126273600	0.6	112450
146	128952000	4.1	112450
146	131371200	6.3	112450
146	134049600	8.4	112450
146	136641600	13.1	112450
146	139320000	15.5	112450
146	141912000	18.3	112450
146	144590400	19.6	112450
146	147268800	13.8	112450
146	149860800	5.2	112450
146	152539200	4.3	112450
146	155131200	2.1	112450
146	157809600	2.1	112450
146	160488000	0.1	112450
146	162907200	5	112450
146	165585600	8.7	112450
146	168177600	15.1	112450
146	170856000	16.1	112450
146	173448000	18.8	112450
146	176126400	17.9	112450
146	178804800	16.3	112450
146	181396800	8.7	112450
146	184075200	2.6	112450
146	186667200	-0.9	112450
146	189345600	-0.6	112450
146	192024000	-0.8	112450
146	194529600	1.4	112450
146	197208000	9	112450
146	199800000	13.7	112450
146	202478400	17.5	112450
146	205070400	19.6	112450
146	207748800	15.3	112450
146	210427200	13	112450
146	213019200	9.8	112450
146	215697600	5.1	112450
146	218289600	-1.5	112450
146	220968000	-0.5	112450
146	223646400	3.5	112450
146	226065600	7.2	112450
146	228744000	7.6	112450
146	231336000	14.1	112450
146	234014400	17.7	112450
146	236606400	18.2	112450
146	239284800	17.4	112450
146	241963200	12.3	112450
146	244555200	10.1	112450
146	247233600	4.4	112450
146	249825600	-1.8	112450
146	252504000	-1.4	112450
146	255182400	-0.6	112450
146	257601600	5.5	112450
146	260280000	7.7	112450
146	262872000	12.5	112450
146	265550400	16.2	112450
146	268142400	16.9	112450
146	270820800	16.2	112450
146	273499200	13.3	112450
146	276091200	8.6	112450
146	278769600	0	112450
146	281361600	-1.7	112450
146	284040000	-4.3	112450
146	286718400	0	112450
146	289137600	6	112450
146	291816000	8	112450
146	294408000	14.1	112450
146	297086400	18.7	112450
146	299678400	16.7	112450
146	302356800	16.5	112450
146	305035200	14.3	112450
146	307627200	8.1	112450
146	310305600	4.6	112450
146	312897600	2.2	112450
146	315576000	-3.8	112450
146	318254400	1.7	112450
146	320760000	4.3	112450
146	323438400	7.4	112450
146	326030400	11.3	112450
146	328708800	16.4	112450
146	331300800	17.6	112450
146	333979200	18.5	112450
146	336657600	14.4	112450
146	339249600	8.8	112450
146	341928000	1.6	112450
146	344520000	-1.6	112450
146	347198400	-3.3	112450
146	349876800	0.1	112450
146	352296000	7.2	112450
146	354974400	9.6	112450
146	357566400	14	112450
146	360244800	17.7	112450
146	362836800	18.4	112450
146	365515200	18.4	112450
146	368193600	15.7	112450
146	370785600	10.6	112450
146	373464000	3.7	112450
146	376056000	-1.3	112450
146	378734400	-3.8	112450
146	381412800	-2	112450
146	383832000	4.6	112450
146	386510400	7.7	112450
146	389102400	14.3	112450
146	391780800	18	112450
146	394372800	19.8	112450
146	397051200	18.5	112450
146	399729600	16.8	112450
146	402321600	10.2	112450
146	4.05e+08	5.2	112450
146	407592000	2.3	112450
146	410270400	1.8	112450
146	412948800	-2	112450
146	415368000	6.2	112450
146	418046400	11.4	112450
146	420638400	15.2	112450
146	423316800	17.3	112450
146	425908800	21.8	112450
146	428587200	19.1	112450
146	431265600	14.9	112450
146	433857600	9.3	112450
146	436536000	1	112450
146	439128000	-0.3	112450
146	441806400	-1.7	112450
146	444484800	-0.7	112450
146	446990400	3.9	112450
146	449668800	8.7	112450
146	452260800	13	112450
146	454939200	16.8	112450
146	457531200	17.8	112450
146	460209600	17.8	112450
146	462888000	14.4	112450
146	465480000	10.4	112450
146	468158400	4	112450
146	470750400	0.1	112450
146	473428800	-6.6	112450
146	476107200	-3.6	112450
146	478526400	3.4	112450
146	481204800	9.7	112450
146	483796800	15	112450
146	486475200	15.5	112450
146	489067200	19.5	112450
146	491745600	18.6	112450
146	494424000	15.3	112450
146	497016000	8.9	112450
146	499694400	1.7	112450
146	502286400	2.2	112450
146	504964800	-1.7	112450
146	507643200	-5.2	112450
146	510062400	2	112450
146	512740800	9.9	112450
146	515332800	16.6	112450
146	518011200	17.2	112450
146	520603200	18.5	112450
146	523281600	19	112450
146	525960000	14.2	112450
146	528552000	9	112450
146	531230400	4.2	112450
146	533822400	-3	112450
146	536500800	-5.7	112450
146	539179200	-1.1	112450
146	541598400	-0.4	112450
146	544276800	10.1	112450
146	546868800	12.9	112450
146	549547200	17.6	112450
146	552139200	20.6	112450
146	554817600	17.5	112450
146	557496000	17.3	112450
146	560088000	11	112450
146	562766400	4.2	112450
146	565358400	0.4	112450
146	568036800	1.4	112450
146	570715200	2.3	112450
146	573220800	3.8	112450
146	575899200	9.1	112450
146	578491200	14.8	112450
146	581169600	17.3	112450
146	583761600	20.4	112450
146	586440000	18.8	112450
146	589118400	14.8	112450
146	591710400	9.9	112450
146	594388800	-0.1	112450
146	596980800	-0.4	112450
146	599659200	-1.2	112450
146	602337600	3.3	112450
146	604756800	7.4	112450
146	607435200	10.3	112450
146	610027200	14	112450
146	612705600	16.3	112450
146	615297600	19.8	112450
146	617976000	18.9	112450
146	620654400	14.9	112450
146	623246400	9.4	112450
146	625924800	1.9	112450
146	628516800	0.7	112450
146	631195200	-1.7	112450
146	633873600	4.3	112450
146	636292800	7.5	112450
146	638971200	9	112450
146	641563200	15.2	112450
146	644241600	17.3	112450
146	646833600	18.7	112450
146	649512000	18.8	112450
146	652190400	13.2	112450
146	654782400	9.8	112450
146	657460800	4.1	112450
146	660052800	-1	112450
146	662731200	-1.1	112450
146	665409600	-3.7	112450
146	667828800	6.8	112450
146	670507200	8.2	112450
146	673099200	11.5	112450
146	675777600	17.4	112450
146	678369600	20.6	112450
146	681048000	19	112450
146	683726400	15.5	112450
146	686318400	7.7	112450
146	688996800	4.1	112450
146	691588800	-2.9	112450
146	694267200	-0.2	112450
146	696945600	2.2	112450
146	699451200	5.1	112450
146	702129600	10	112450
146	704721600	15	112450
146	707400000	18.4	112450
146	709992000	20.6	112450
146	712670400	23	112450
146	715348800	15.4	112450
146	717940800	8.5	112450
146	720619200	4.7	112450
146	723211200	0.1	112450
146	725889600	-0.7	112450
146	728568000	-0.9	112450
146	730987200	4.2	112450
146	733665600	10	112450
146	736257600	16.6	112450
146	738936000	18.5	112450
146	741528000	19.1	112450
146	744206400	19.1	112450
146	746884800	14.4	112450
146	749476800	10.8	112450
146	752155200	1.1	112450
146	754747200	-0.5	112450
146	757425600	2.2	112450
146	760104000	0.4	112450
146	762523200	8.4	112450
146	765201600	9.5	112450
146	767793600	14.8	112450
146	770472000	18.5	112450
146	773064000	21.4	112450
146	775742400	20.5	112450
146	778420800	16.7	112450
146	781012800	7.8	112450
146	783691200	6.6	112450
146	786283200	0.4	112450
146	788961600	-1.8	112450
146	791640000	3.5	112450
146	794059200	4.3	112450
146	796737600	10.4	112450
146	799329600	14.5	112450
146	802008000	16.8	112450
146	804600000	21.3	112450
146	807278400	18.1	112450
146	809956800	13.7	112450
146	812548800	10.2	112450
146	815227200	2.8	112450
146	817819200	-1	112450
146	820497600	-2.4	112450
146	823176000	-3.7	112450
146	825681600	1.6	112450
146	828360000	9.6	112450
146	830952000	15.8	112450
146	833630400	18.9	112450
146	836222400	18	112450
146	838900800	18.8	112450
146	841579200	12.1	112450
146	844171200	10.3	112450
146	846849600	6.5	112450
146	849441600	-2.9	112450
146	852120000	-2.8	112450
146	854798400	2.1	112450
146	857217600	5	112450
146	859896000	7.4	112450
146	862488000	15.7	112450
146	865166400	18.3	112450
146	867758400	18.8	112450
146	870436800	19	112450
146	873115200	14.7	112450
146	875707200	7.4	112450
146	878385600	4.6	112450
146	880977600	1.1	112450
146	883656000	0.8	112450
146	886334400	3.9	112450
146	888753600	4.6	112450
146	891432000	11	112450
146	894024000	14.6	112450
146	896702400	19.1	112450
146	899294400	20.3	112450
146	901972800	20	112450
146	904651200	14.6	112450
146	907243200	10.4	112450
146	909921600	2.4	112450
146	912513600	-3.5	112450
146	915192000	-1.2	112450
146	917870400	-0.4	112450
146	920289600	6.7	112450
146	922968000	11	112450
146	925560000	15	112450
146	928238400	17.9	112450
146	930830400	20.2	112450
146	933508800	18.2	112450
146	936187200	16.8	112450
146	938779200	10.2	112450
146	941457600	2.5	112450
146	944049600	-0.9	112450
146	946728000	-3.4	112450
146	949406400	3.4	112450
146	951912000	6.1	112450
146	954590400	13.2	112450
146	957182400	16.4	112450
146	959860800	19.7	112450
146	962452800	18.4	112450
146	965131200	20.8	112450
146	967809600	14.6	112450
146	970401600	12.1	112450
146	973080000	7.3	112450
146	975672000	0.9	112450
146	978350400	-0.5	112450
146	981028800	3.3	112450
146	983448000	7.3	112450
146	986126400	9.1	112450
146	988718400	16.6	112450
146	991396800	17.3	112450
146	993988800	20.3	112450
146	996667200	21.1	112450
146	999345600	13.1	112450
146	1001937600	12.8	112450
146	1004616000	3.2	112450
146	1007208000	-4.2	112450
146	1009886400	-0.8	112450
146	1012564800	4.3	112450
146	1014984000	7.1	112450
146	1017662400	9.5	112450
146	1020254400	17	112450
146	1022932800	20.2	112450
146	1025524800	21.3	112450
146	1028203200	19.7	112450
146	1030881600	14	112450
146	1033473600	9.4	112450
146	1036152000	7.2	112450
146	1038744000	-1.4	112450
146	1041422400	-3.3	112450
146	1044100800	-4.8	112450
146	1046520000	5.8	112450
146	1049198400	9.3	112450
146	1051790400	17.1	112450
146	1054468800	21.8	112450
146	1057060800	21.2	112450
146	1059739200	22.6	112450
146	1062417600	13.7	112450
146	1065009600	7.3	112450
146	1067688000	6.3	112450
146	1070280000	-0.2	112450
146	1072958400	-2.4	112450
146	1075636800	0.8	112450
146	1078142400	3.1	112450
146	1080820800	10	112450
146	1083412800	12.9	112450
146	1086091200	17.5	112450
146	1088683200	19.3	112450
146	1091361600	19.1	112450
146	1094040000	13.7	112450
146	1096632000	11.4	112450
146	1099310400	4.2	112450
146	1101902400	0.1	112450
146	1104580800	-1.2	112450
146	1107259200	-3.4	112450
146	1109678400	2.2	112450
146	1112356800	9.7	112450
146	1114948800	15.2	112450
146	1117627200	18.3	112450
146	1120219200	19.7	112450
146	1122897600	17.3	112450
146	1125576000	15.1	112450
146	1128168000	9.7	112450
146	1130846400	3.2	112450
146	1133438400	-1	112450
146	1136116800	-5.1	112450
146	1138795200	-1.3	112450
146	1141214400	2.8	112450
146	1143892800	10.1	112450
146	1146484800	14	112450
146	1149163200	18.3	112450
146	1151755200	21.7	112450
146	1154433600	16.8	112450
146	1157112000	15.7	112450
146	1159704000	11.2	112450
146	1162382400	5.6	112450
146	1164974400	1.3	112450
146	1167652800	2.6	112450
146	1170331200	4.3	112450
146	1172750400	6.5	112450
146	1175428800	11.9	112450
146	1178020800	16	112450
146	1180699200	20	112450
146	1183291200	20.6	112450
146	1185969600	18.9	112450
146	1188648000	12.6	112450
146	1191240000	8.5	112450
146	1193918400	3.3	112450
146	1196510400	-1.4	112450
146	1199188800	1.5	112450
146	1201867200	3	112450
146	1204372800	5.5	112450
146	1207051200	10.1	112450
146	1209643200	15.9	112450
146	1212321600	19.6	112450
146	1214913600	20.4	112450
146	1217592000	19.5	112450
146	1220270400	14	112450
146	1222862400	10.4	112450
146	1225540800	6	112450
146	1228132800	1.4	112450
148	-4197009600	-2.1	112900
148	-4194331200	-1.8	112900
148	-4191912000	1.3	112900
148	-4189233600	8.1	112900
148	-4186641600	11.6	112900
148	-4183963200	16.6	112900
148	-4181371200	16.7	112900
148	-4178692800	19.5	112900
148	-4176014400	12	112900
148	-4173422400	7.6	112900
148	-4170744000	2.1	112900
148	-4168152000	-1.6	112900
148	-4165473600	-7.2	112900
148	-4162795200	-3.4	112900
148	-4160376000	2.9	112900
148	-4157697600	6.1	112900
148	-4155105600	13.4	112900
148	-4152427200	16	112900
148	-4149835200	16.7	112900
148	-4147156800	15.3	112900
148	-4144478400	15.1	112900
148	-4141886400	7	112900
148	-4139208000	3.1	112900
148	-4136616000	-2.7	112900
148	-4133937600	-5.2	112900
148	-4131259200	-2.3	112900
148	-4128840000	1.9	112900
148	-4126161600	4.9	112900
148	-4123569600	11.9	112900
148	-4120891200	18.5	112900
148	-4118299200	19.4	112900
148	-4115620800	15.8	112900
148	-4112942400	15	112900
148	-4110350400	11.1	112900
148	-4107672000	6.5	112900
148	-4105080000	0.6	112900
148	-4102401600	-4.7	112900
148	-4099723200	-0.9	112900
148	-4097217600	-1.2	112900
148	-4094539200	7.9	112900
148	-4091947200	13.1	112900
148	-4089268800	15.7	112900
148	-4086676800	17.2	112900
148	-4083998400	16.1	112900
148	-4081320000	14.5	112900
148	-4078728000	6.1	112900
148	-4076049600	5.1	112900
148	-4073457600	-9.7	112900
148	-4070779200	-2.3	112900
148	-4068100800	-4.1	112900
148	-4065681600	4.8	112900
148	-4063003200	10.5	112900
148	-4060411200	16.7	112900
148	-4057732800	15.9	112900
148	-4055140800	17.5	112900
148	-4052462400	17.1	112900
148	-4049784000	15.2	112900
148	-4047192000	11.3	112900
148	-4044513600	2.7	112900
148	-4041921600	2.1	112900
148	-4039243200	-4.2	112900
148	-4036564800	-5.4	112900
148	-4034145600	4.3	112900
148	-4031467200	8.6	112900
148	-4028875200	14	112900
148	-4026196800	16.9	112900
148	-4023604800	18.4	112900
148	-4020926400	18.9	112900
148	-4018248000	14.1	112900
148	-4015656000	6	112900
148	-4012977600	1.6	112900
148	-4010385600	-0.6	112900
148	-4007707200	-1.1	112900
148	-4005028800	3.6	112900
148	-4002609600	2.5	112900
148	-3999931200	8.7	112900
148	-3997339200	12.9	112900
148	-3994660800	15.2	112900
148	-3992068800	17.9	112900
148	-3989390400	18	112900
148	-3986712000	12.9	112900
148	-3984120000	8.1	112900
148	-3981441600	3.2	112900
148	-3978849600	0.1	112900
148	-3976171200	-4.5	112900
148	-3973492800	-1.4	112900
148	-3970987200	1.6	112900
148	-3968308800	8.8	112900
148	-3965716800	13.4	112900
148	-3963038400	17.4	112900
148	-3960446400	17	112900
148	-3957768000	15.6	112900
148	-3955089600	14.6	112900
148	-3952497600	10	112900
148	-3949819200	4.3	112900
148	-3947227200	-4.7	112900
148	-3944548800	-0.9	112900
148	-3941870400	-4.3	112900
148	-3939451200	-0.5	112900
148	-3936772800	9	112900
148	-3934180800	10.9	112900
148	-3931502400	18.8	112900
148	-3928910400	18.3	112900
148	-3926232000	15.6	112900
148	-3923553600	13.6	112900
148	-3920961600	10.2	112900
148	-3918283200	4.7	112900
148	-3915691200	0.3	112900
148	-3913012800	-1.1	112900
148	-3910334400	2.4	112900
148	-3907915200	6.9	112900
148	-3905236800	9.7	112900
148	-3902644800	15	112900
148	-3899966400	18.2	112900
148	-3897374400	20.1	112900
148	-3894696000	18.8	112900
148	-3892017600	14.5	112900
148	-3889425600	11.2	112900
148	-3886747200	2.2	112900
148	-3884155200	-3	112900
148	-3881476800	-2.5	112900
148	-3878798400	-1.7	112900
148	-3876379200	2	112900
148	-3873700800	7.7	112900
148	-3871108800	16.6	112900
148	-3868430400	14.3	112900
148	-3865838400	18.7	112900
148	-3863160000	17.9	112900
148	-3860481600	11.5	112900
148	-3857889600	8.5	112900
148	-3855211200	-0.6	112900
148	-3852619200	1.1	112900
148	-3849940800	-3	112900
148	-3847262400	0.7	112900
148	-3844756800	5.9	112900
148	-3842078400	10.2	112900
148	-3839486400	13.4	112900
148	-3836808000	18.4	112900
148	-3834216000	18.3	112900
148	-3831537600	17.4	112900
148	-3828859200	12.8	112900
148	-3826267200	9.9	112900
148	-3823588800	-0.1	112900
148	-3820996800	-5	112900
148	-3818318400	-3.8	112900
148	-3815640000	2.5	112900
148	-3813220800	2.8	112900
148	-3810542400	7.7	112900
148	-3807950400	13.6	112900
148	-3805272000	18.1	112900
148	-3802680000	17.8	112900
148	-3800001600	16	112900
148	-3797323200	13.2	112900
148	-3794731200	9	112900
148	-3792052800	1.7	112900
148	-3789460800	-1.9	112900
148	-3786782400	-5.8	112900
148	-3784104000	1	112900
148	-3781684800	1.5	112900
148	-3779006400	9.9	112900
148	-3776414400	12.8	112900
148	-3773736000	16.7	112900
148	-3771144000	17	112900
148	-3768465600	18.2	112900
148	-3765787200	12.2	112900
148	-3763195200	7.2	112900
148	-3760516800	3.3	112900
148	-3757924800	0.8	112900
148	-3755246400	-1.7	112900
148	-3752568000	-0.8	112900
148	-3750148800	3.4	112900
148	-3747470400	9.5	112900
148	-3744878400	10.1	112900
148	-3742200000	15.7	112900
148	-3739608000	16.9	112900
148	-3736929600	17.1	112900
148	-3734251200	11.3	112900
148	-3731659200	10.8	112900
148	-3728980800	0.7	112900
148	-3726388800	-3	112900
148	-3723710400	-1.2	112900
148	-3721032000	0.4	112900
148	-3718526400	0.6	112900
148	-3715848000	5.4	112900
148	-3713256000	12.6	112900
148	-3710577600	17.2	112900
148	-3707985600	18.8	112900
148	-3705307200	17.3	112900
148	-3702628800	13.9	112900
148	-3700036800	7	112900
148	-3697358400	6.4	112900
148	-3694766400	1.6	112900
148	-3692088000	-0.1	112900
148	-3689409600	-1.3	112900
148	-3686990400	0.8	112900
148	-3684312000	5.9	112900
148	-3681720000	12.4	112900
148	-3679041600	16.1	112900
148	-3676449600	19.2	112900
148	-3673771200	17.9	112900
148	-3671092800	13.7	112900
148	-3668500800	9	112900
148	-3665822400	1.6	112900
148	-3663230400	-6.4	112900
148	-3660552000	-2.9	112900
148	-3657873600	-1.3	112900
148	-3655454400	2.8	112900
148	-3652776000	7.5	112900
148	-3650184000	13.6	112900
148	-3647505600	15.4	112900
148	-3644913600	18.2	112900
148	-3642235200	16.2	112900
148	-3639556800	12.9	112900
148	-3636964800	8.9	112900
148	-3634286400	0.8	112900
148	-3631694400	-0.2	112900
148	-3629016000	-4.4	112900
148	-3626337600	-1.8	112900
148	-3623918400	2.8	112900
148	-3621240000	7.1	112900
148	-3618648000	12.9	112900
148	-3615969600	17.7	112900
148	-3613377600	18.5	112900
148	-3610699200	18.5	112900
148	-3608020800	13.2	112900
148	-3605428800	11.9	112900
148	-3602750400	3.1	112900
148	-3600158400	-7	112900
148	-3597480000	-1.2	112900
148	-3594801600	1.6	112900
148	-3592296000	0.1	112900
148	-3589617600	10.4	112900
148	-3587025600	13.5	112900
148	-3584347200	18.6	112900
148	-3581755200	17	112900
148	-3579076800	19.1	112900
148	-3576398400	13.3	112900
148	-3573806400	9.8	112900
148	-3571128000	-1.4	112900
148	-3568536000	-2.8	112900
148	-3565857600	-2.7	112900
148	-3563179200	-4.3	112900
148	-3560760000	1.9	112900
148	-3558081600	9.4	112900
148	-3555489600	14.2	112900
148	-3552811200	17.5	112900
148	-3550219200	20.5	112900
148	-3547540800	19.4	112900
148	-3544862400	14.6	112900
148	-3542270400	11.8	112900
148	-3539592000	2.7	112900
148	-3.537e+09	-1.5	112900
148	-3534321600	-7.4	112900
148	-3531643200	-6.8	112900
148	-3529224000	0.6	112900
148	-3526545600	8.2	112900
148	-3523953600	12.7	112900
148	-3521275200	19	112900
148	-3518683200	18.6	112900
148	-3516004800	17	112900
148	-3513326400	15.4	112900
148	-3510734400	10.9	112900
148	-3508056000	-1.7	112900
148	-3505464000	-1	112900
148	-3502785600	-2.9	112900
148	-3500107200	2	112900
148	-3497688000	6	112900
148	-3495009600	9.2	112900
148	-3492417600	13.5	112900
148	-3489739200	17.2	112900
148	-3487147200	22.2	112900
148	-3484468800	19.9	112900
148	-3481790400	13.6	112900
148	-3479198400	10.3	112900
148	-3476520000	2.1	112900
148	-3473928000	-5.1	112900
148	-3471249600	-1.8	112900
148	-3468571200	-3.3	112900
148	-3466065600	1.1	112900
148	-3463387200	8.1	112900
148	-3460795200	14.5	112900
148	-3458116800	17.7	112900
148	-3455524800	16.4	112900
148	-3452846400	17.7	112900
148	-3450168000	14	112900
148	-3447576000	7.4	112900
148	-3444897600	1.5	112900
148	-3442305600	-1.4	112900
148	-3439627200	-5.3	112900
148	-3436948800	2.6	112900
148	-3434529600	4.2	112900
148	-3431851200	7	112900
148	-3429259200	12.1	112900
148	-3426580800	19.3	112900
148	-3423988800	19.5	112900
148	-3421310400	21	112900
148	-3418632000	15.4	112900
148	-3416040000	9.3	112900
148	-3413361600	3.1	112900
148	-3410769600	-3.4	112900
148	-3408091200	-4.3	112900
148	-3405412800	-0.9	112900
148	-3402993600	6.1	112900
148	-3400315200	11.6	112900
148	-3397723200	15.1	112900
148	-3395044800	17	112900
148	-3392452800	19.2	112900
148	-3389774400	17.4	112900
148	-3387096000	14.9	112900
148	-3384504000	10.9	112900
148	-3381825600	3.7	112900
148	-3379233600	-1.8	112900
148	-3376555200	1.7	112900
148	-3373876800	0.8	112900
148	-3371457600	5.6	112900
148	-3368779200	8.5	112900
148	-3366187200	15	112900
148	-3363508800	17.3	112900
148	-3360916800	17.7	112900
148	-3358238400	20	112900
148	-3355560000	15	112900
148	-3352968000	10.5	112900
148	-3350289600	3.7	112900
148	-3347697600	0	112900
148	-3345019200	-8.9	112900
148	-3342340800	-1.9	112900
148	-3339835200	5.3	112900
148	-3337156800	6	112900
148	-3334564800	12.1	112900
148	-3331886400	17.3	112900
148	-3329294400	17.2	112900
148	-3326616000	15.1	112900
148	-3323937600	14.2	112900
148	-3321345600	7.1	112900
148	-3318667200	2.4	112900
148	-3316075200	-3.8	112900
148	-3313396800	-2.4	112900
148	-3310718400	-4.5	112900
148	-3308299200	-0.3	112900
148	-3305620800	10.8	112900
148	-3303028800	17.2	112900
148	-3300350400	16.2	112900
148	-3297758400	21.1	112900
148	-3295080000	18.2	112900
148	-3292401600	15.1	112900
148	-3289809600	9.2	112900
148	-3287131200	5	112900
148	-3284539200	-1.6	112900
148	-3281860800	-0.9	112900
148	-3279182400	2.8	112900
148	-3276763200	4.8	112900
148	-3274084800	10.7	112900
148	-3271492800	11.6	112900
148	-3268814400	19	112900
148	-3266222400	18.5	112900
148	-3263544000	16.2	112900
148	-3260865600	15.6	112900
148	-3258273600	6.6	112900
148	-3255595200	2.7	112900
148	-3253003200	-1.9	112900
148	-3250324800	-1.9	112900
148	-3247646400	2.5	112900
148	-3245227200	2.8	112900
148	-3242548800	9.9	112900
148	-3239956800	14.6	112900
148	-3237278400	17.6	112900
148	-3234686400	18.1	112900
148	-3232008000	17	112900
148	-3229329600	15.6	112900
148	-3226737600	8.1	112900
148	-3224059200	1.5	112900
148	-3221467200	-2.3	112900
148	-3218788800	-3.1	112900
148	-3216110400	0.7	112900
148	-3213604800	3.6	112900
148	-3210926400	8.9	112900
148	-3208334400	18	112900
148	-3205656000	17.4	112900
148	-3203064000	18.9	112900
148	-3200385600	17.6	112900
148	-3197707200	16.5	112900
148	-3195115200	10.9	112900
148	-3192436800	1.7	112900
148	-3189844800	2	112900
148	-3187166400	-4	112900
148	-3184488000	4.3	112900
148	-3182068800	2.8	112900
148	-3179390400	11.3	112900
148	-3176798400	16.9	112900
148	-3174120000	15.6	112900
148	-3171528000	20.1	112900
148	-3168849600	17.3	112900
148	-3166171200	14.4	112900
148	-3163579200	6	112900
148	-3160900800	1.5	112900
148	-3158308800	0	112900
148	-3155630400	-2.7	112900
148	-3152952000	-4.1	112900
148	-3150532800	1.1	112900
148	-3147854400	7.9	112900
148	-3145262400	15.3	112900
148	-3142584000	17.3	112900
148	-3139992000	19.2	112900
148	-3137313600	16.3	112900
148	-3134635200	11.6	112900
148	-3132043200	7.2	112900
148	-3129364800	4.1	112900
148	-3126772800	-4.3	112900
148	-3124094400	-4	112900
148	-3121416000	-2.6	112900
148	-3118996800	2.9	112900
148	-3116318400	9.3	112900
148	-3113726400	10.7	112900
148	-3111048000	14.9	112900
148	-3108456000	19.5	112900
148	-3105777600	17.9	112900
148	-3103099200	14.2	112900
148	-3100507200	6.6	112900
148	-3097828800	2.9	112900
148	-3095236800	-6.2	112900
148	-3092558400	-2	112900
148	-3089880000	0.3	112900
148	-3087374400	5.5	112900
148	-3084696000	11.3	112900
148	-3082104000	15.4	112900
148	-3079425600	15.9	112900
148	-3076833600	18.7	112900
148	-3074155200	16.9	112900
148	-3071476800	14.7	112900
148	-3068884800	11.1	112900
148	-3066206400	4.1	112900
148	-3063614400	2.2	112900
148	-3060936000	-0.2	112900
148	-3058257600	-0.3	112900
148	-3055838400	6.6	112900
148	-3053160000	7.8	112900
148	-3050568000	11.3	112900
148	-3047889600	16.6	112900
148	-3045297600	20.1	112900
148	-3042619200	19.4	112900
148	-3039940800	12.8	112900
148	-3037348800	11.3	112900
148	-3034670400	3.4	112900
148	-3032078400	-1.6	112900
148	-3029400000	-2.7	112900
148	-3026721600	-0.6	112900
148	-3024302400	2.7	112900
148	-3021624000	9.9	112900
148	-3019032000	9.9	112900
148	-3016353600	16.9	112900
148	-3013761600	20.5	112900
148	-3011083200	16.6	112900
148	-3008404800	15.5	112900
148	-3005812800	8.4	112900
148	-3003134400	-0.9	112900
148	-3000542400	-2.5	112900
148	-2997864000	-2	112900
148	-2995185600	-5.4	112900
148	-2992766400	-0.9	112900
148	-2990088000	7.7	112900
148	-2987496000	14.1	112900
148	-2984817600	18.9	112900
148	-2982225600	18.2	112900
148	-2979547200	18.3	112900
148	-2976868800	12.5	112900
148	-2974276800	7.2	112900
148	-2971598400	2.1	112900
148	-2969006400	-4.5	112900
148	-2966328000	-5.8	112900
148	-2963649600	-1.6	112900
148	-2961144000	4.6	112900
148	-2958465600	10	112900
148	-2955873600	9.9	112900
148	-2953195200	17.1	112900
148	-2950603200	18.6	112900
148	-2947924800	17.3	112900
148	-2945246400	12.6	112900
148	-2942654400	10.5	112900
148	-2939976000	-0.6	112900
148	-2937384000	0.8	112900
148	-2934705600	1.4	112900
148	-2932027200	1.5	112900
148	-2929608000	2.2	112900
148	-2926929600	7.6	112900
148	-2924337600	11.6	112900
148	-2921659200	18.3	112900
148	-2919067200	18.5	112900
148	-2916388800	19.2	112900
148	-2913710400	11	112900
148	-2911118400	6.1	112900
148	-2908440000	3.5	112900
148	-2905848000	-2.2	112900
148	-2903169600	-3.8	112900
148	-2900491200	-0.2	112900
148	-2898072000	5.1	112900
148	-2895393600	8.6	112900
148	-2892801600	13.6	112900
148	-2890123200	16.7	112900
148	-2887531200	17.2	112900
148	-2884852800	18	112900
148	-2882174400	15.1	112900
148	-2879582400	9.7	112900
148	-2876904000	3	112900
148	-2874312000	-3.9	112900
148	-2871633600	-3.3	112900
148	-2868955200	0.9	112900
148	-2866536000	2.8	112900
148	-2863857600	8.3	112900
148	-2861265600	11.4	112900
148	-2858587200	18.1	112900
148	-2855995200	16	112900
148	-2853316800	18.6	112900
148	-2850638400	15.5	112900
148	-2848046400	7.7	112900
148	-2845368000	-0.2	112900
148	-2842776000	-8.3	112900
148	-2840097600	-5.3	112900
148	-2837419200	-3.3	112900
148	-2834913600	2.8	112900
148	-2832235200	11.4	112900
148	-2829643200	12.1	112900
148	-2826964800	15.9	112900
148	-2824372800	19.6	112900
148	-2821694400	16.6	112900
148	-2819016000	14.4	112900
148	-2816424000	9.7	112900
148	-2813745600	3.3	112900
148	-2811153600	1.8	112900
148	-2808475200	-6.2	112900
148	-2805796800	-1.6	112900
148	-2803377600	4.6	112900
148	-2800699200	6.7	112900
148	-2798107200	12.7	112900
148	-2795428800	16.3	112900
148	-2792836800	19.2	112900
148	-2790158400	18	112900
148	-2787480000	13	112900
148	-2784888000	6.1	112900
148	-2782209600	1.6	112900
148	-2779617600	-0.6	112900
148	-2776939200	-1.4	112900
148	-2774260800	0.3	112900
148	-2771841600	8.8	112900
148	-2769163200	8.4	112900
148	-2766571200	14.1	112900
148	-2763892800	15.4	112900
148	-2761300800	18.6	112900
148	-2758622400	16.6	112900
148	-2755944000	14	112900
148	-2753352000	10.2	112900
148	-2750673600	3.3	112900
148	-2748081600	0.4	112900
148	-2745403200	-3	112900
148	-2742724800	0.7	112900
148	-2740305600	-0.5	112900
148	-2737627200	6.8	112900
148	-2735035200	13.5	112900
148	-2732356800	17.5	112900
148	-2729764800	17.9	112900
148	-2727086400	17.3	112900
148	-2724408000	13.8	112900
148	-2721816000	9.2	112900
148	-2719137600	2.3	112900
148	-2716545600	-2.2	112900
148	-2713867200	-1.2	112900
148	-2711188800	0.5	112900
148	-2708683200	5.4	112900
148	-2706004800	8.1	112900
148	-2703412800	14.1	112900
148	-2700734400	14.4	112900
148	-2698142400	19.4	112900
148	-2695464000	17.1	112900
148	-2692785600	14.2	112900
148	-2690193600	7.6	112900
148	-2687515200	0.9	112900
148	-2684923200	-0.5	112900
148	-2682244800	-4.3	112900
148	-2679566400	0.3	112900
148	-2677147200	5.3	112900
148	-2674468800	10	112900
148	-2671876800	11.8	112900
148	-2669198400	17.4	112900
148	-2666606400	19.7	112900
148	-2663928000	16.8	112900
148	-2661249600	14.6	112900
148	-2658657600	8.4	112900
148	-2655979200	3.7	112900
148	-2653387200	-3	112900
148	-2650708800	-2.6	112900
148	-2648030400	-0.1	112900
148	-2645611200	0.5	112900
148	-2642932800	9.6	112900
148	-2640340800	13.5	112900
148	-2637662400	16.2	112900
148	-2635070400	18.6	112900
148	-2632392000	17.8	112900
148	-2629713600	15.6	112900
148	-2627121600	10	112900
148	-2624443200	3.7	112900
148	-2621851200	0.5	112900
148	-2619172800	-3.2	112900
148	-2616494400	-3.2	112900
148	-2614075200	1.7	112900
148	-2611396800	8.4	112900
148	-2608804800	12.6	112900
148	-2606126400	16.7	112900
148	-2603534400	20	112900
148	-2600856000	17.5	112900
148	-2598177600	15.1	112900
148	-2595585600	6.5	112900
148	-2592907200	3.4	112900
148	-2590315200	-2	112900
148	-2587636800	-4.3	112900
148	-2584958400	-2.4	112900
148	-2582452800	2.6	112900
148	-2579774400	7.5	112900
148	-2577182400	13.8	112900
148	-2574504000	17.5	112900
148	-2571912000	16.8	112900
148	-2569233600	18	112900
148	-2566555200	14.3	112900
148	-2563963200	6.7	112900
148	-2561284800	0.5	112900
148	-2558692800	-1.2	112900
148	-2556014400	-3.7	112900
148	-2553336000	-2.1	112900
148	-2550916800	2.2	112900
148	-2548238400	8.3	112900
148	-2545646400	15.8	112900
148	-2542968000	18.8	112900
148	-2540376000	18	112900
148	-2537697600	16.9	112900
148	-2535019200	11.9	112900
148	-2532427200	10.1	112900
148	-2529748800	2	112900
148	-2527156800	-4	112900
148	-2524478400	-1.1	112900
148	-2521800000	-2.8	112900
148	-2519380800	6.1	112900
148	-2516702400	8.4	112900
148	-2514110400	14.8	112900
148	-2511432000	15.9	112900
148	-2508840000	18.3	112900
148	-2506161600	20.8	112900
148	-2503483200	13.7	112900
148	-2500891200	7.2	112900
148	-2498212800	2.9	112900
148	-2495620800	-5.1	112900
148	-2492942400	-7.4	112900
148	-2490264000	-3.3	112900
148	-2487844800	3.7	112900
148	-2485166400	6.6	112900
148	-2482574400	14.7	112900
148	-2479896000	16.5	112900
148	-2477304000	18.2	112900
148	-2474625600	16.5	112900
148	-2471947200	13.5	112900
148	-2469355200	10.2	112900
148	-2466676800	2.7	112900
148	-2464084800	-0.3	112900
148	-2461406400	-3.4	112900
148	-2458728000	0.1	112900
148	-2456222400	0.9	112900
148	-2453544000	8.6	112900
148	-2450952000	13.7	112900
148	-2448273600	16.8	112900
148	-2445681600	17.8	112900
148	-2443003200	18.7	112900
148	-2440324800	14.9	112900
148	-2437732800	7.5	112900
148	-2435054400	0.8	112900
148	-2432462400	-4.3	112900
148	-2429784000	-6.8	112900
148	-2427105600	0.4	112900
148	-2424686400	4.1	112900
148	-2422008000	8.4	112900
148	-2419416000	13	112900
148	-2416737600	16.1	112900
148	-2414145600	18.3	112900
148	-2411467200	17.4	112900
148	-2408788800	13.5	112900
148	-2406196800	9.2	112900
148	-2403518400	1.4	112900
148	-2400926400	-1.3	112900
148	-2398248000	-4.5	112900
148	-2395569600	0.6	112900
148	-2393150400	4.4	112900
148	-2390472000	10.9	112900
148	-2387880000	13.4	112900
148	-2385201600	16	112900
148	-2382609600	19.3	112900
148	-2379931200	16.7	112900
148	-2377252800	12.3	112900
148	-2374660800	9.2	112900
148	-2371982400	2.9	112900
148	-2369390400	-3.1	112900
148	-2366712000	-3.7	112900
148	-2364033600	-5.8	112900
148	-2361614400	2	112900
148	-2358936000	8.4	112900
148	-2356344000	12.5	112900
148	-2353665600	17	112900
148	-2351073600	19.3	112900
148	-2348395200	16.8	112900
148	-2345716800	14.7	112900
148	-2343124800	8.1	112900
148	-2340446400	4.2	112900
148	-2337854400	-1.2	112900
148	-2335176000	-4.8	112900
148	-2332497600	-1.8	112900
148	-2329992000	5.3	112900
148	-2327313600	6.9	112900
148	-2324721600	12	112900
148	-2322043200	16.8	112900
148	-2319451200	18.7	112900
148	-2316772800	15.8	112900
148	-2314094400	14.1	112900
148	-2311502400	10.3	112900
148	-2308824000	2.4	112900
148	-2306232000	-1.4	112900
148	-2303553600	-2.4	112900
148	-2300875200	1	112900
148	-2298456000	6.9	112900
148	-2295777600	9.1	112900
148	-2293185600	12.3	112900
148	-2290507200	17.7	112900
148	-2287915200	18.9	112900
148	-2285236800	17.7	112900
148	-2282558400	14.3	112900
148	-2279966400	7.7	112900
148	-2277288000	0.3	112900
148	-2274696000	-2.9	112900
148	-2272017600	-1.2	112900
148	-2269339200	0.5	112900
148	-2266920000	4.2	112900
148	-2264241600	10.5	112900
148	-2261649600	14	112900
148	-2258971200	15.9	112900
148	-2256379200	17.5	112900
148	-2253700800	18.4	112900
148	-2251022400	14.5	112900
148	-2248430400	10	112900
148	-2245752000	6.7	112900
148	-2243160000	0.3	112900
148	-2240481600	1.2	112900
148	-2237803200	0.8	112900
148	-2235384000	3.3	112900
148	-2232705600	9.2	112900
148	-2230113600	13.4	112900
148	-2227435200	16.3	112900
148	-2224843200	18.8	112900
148	-2222164800	17.9	112900
148	-2219486400	13.6	112900
148	-2216894400	7.6	112900
148	-2214216000	4.2	112900
148	-2211624000	-4.5	112900
148	-2208945600	0.2	112900
148	-2206267200	2.9	112900
148	-2203848000	1.9	112900
148	-2201169600	8.2	112900
148	-2198577600	12.9	112900
148	-2195899200	17.4	112900
148	-2193307200	19.9	112900
148	-2190628800	17.2	112900
148	-2187950400	15.1	112900
148	-2185358400	9.3	112900
148	-2182680000	6.2	112900
148	-2180088000	-0.5	112900
148	-2177409600	-5.5	112900
148	-2174731200	-4.3	112900
148	-2172312000	3.9	112900
148	-2169633600	9.5	112900
148	-2167041600	14	112900
148	-2164363200	18.1	112900
148	-2161771200	19.7	112900
148	-2159092800	17.7	112900
148	-2156414400	13.4	112900
148	-2153822400	9.9	112900
148	-2151144000	2	112900
148	-2148552000	1.3	112900
148	-2145873600	1.5	112900
148	-2143195200	0.5	112900
148	-2140776000	3.9	112900
148	-2138097600	9.3	112900
148	-2135505600	10.3	112900
148	-2132827200	15.9	112900
148	-2130235200	17.7	112900
148	-2127556800	17.3	112900
148	-2124878400	13.8	112900
148	-2122286400	8.7	112900
148	-2119608000	1	112900
148	-2117016000	-3	112900
148	-2114337600	-4.8	112900
148	-2111659200	1.4	112900
148	-2109240000	6	112900
148	-2106561600	6.3	112900
148	-2103969600	13.4	112900
148	-2101291200	16.2	112900
148	-2098699200	17.9	112900
148	-2096020800	16.6	112900
148	-2093342400	13.3	112900
148	-2090750400	8.8	112900
148	-2088072000	4.3	112900
148	-2085480000	-0.1	112900
148	-2082801600	-2.7	112900
148	-2080123200	1.6	112900
148	-2077617600	4.7	112900
148	-2074939200	10.1	112900
148	-2072347200	13.5	112900
148	-2069668800	17.2	112900
148	-2067076800	19.4	112900
148	-2064398400	17.6	112900
148	-2061720000	12.5	112900
148	-2059128000	9.2	112900
148	-2056449600	2.9	112900
148	-2053857600	0.2	112900
148	-2051179200	-4.9	112900
148	-2048500800	0.2	112900
148	-2046081600	4.8	112900
148	-2043403200	7.7	112900
148	-2040811200	12.9	112900
148	-2038132800	17	112900
148	-2035540800	19.9	112900
148	-2032862400	18.1	112900
148	-2030184000	15.2	112900
148	-2027592000	4	112900
148	-2024913600	3.6	112900
148	-2022321600	-0.3	112900
148	-2019643200	-2.3	112900
148	-2016964800	0.4	112900
148	-2014545600	3.8	112900
148	-2011867200	8.5	112900
148	-2009275200	13.6	112900
148	-2006596800	16	112900
148	-2004004800	18.2	112900
148	-2001326400	17	112900
148	-1998648000	12.3	112900
148	-1996056000	8.7	112900
148	-1993377600	5.1	112900
148	-1990785600	-2.4	112900
148	-1988107200	-3.9	112900
148	-1985428800	-2	112900
148	-1983009600	1.8	112900
148	-1980331200	6	112900
148	-1977739200	14.7	112900
148	-1975060800	17.4	112900
148	-1972468800	17.1	112900
148	-1969790400	17.5	112900
148	-1967112000	13.5	112900
148	-1964520000	12	112900
148	-1961841600	2.5	112900
148	-1959249600	0.1	112900
148	-1956571200	-3.6	112900
148	-1953892800	1.2	112900
148	-1951387200	2.4	112900
148	-1948708800	7.2	112900
148	-1946116800	16.5	112900
148	-1943438400	18.7	112900
148	-1940846400	18.5	112900
148	-1938168000	16.1	112900
148	-1935489600	11.8	112900
148	-1932897600	7.7	112900
148	-1930219200	-0.6	112900
148	-1927627200	-2.1	112900
148	-1924948800	-5.1	112900
148	-1922270400	-3.2	112900
148	-1919851200	2.1	112900
148	-1917172800	10.1	112900
148	-1914580800	12.8	112900
148	-1911902400	16.3	112900
148	-1909310400	17.3	112900
148	-1906632000	17.8	112900
148	-1903953600	14	112900
148	-1901361600	10.6	112900
148	-1898683200	2.5	112900
148	-1896091200	1.5	112900
148	-1893412800	-1.3	112900
148	-1890734400	2.6	112900
148	-1888315200	5.3	112900
148	-1885636800	8.4	112900
148	-1883044800	13	112900
148	-1880366400	17	112900
148	-1877774400	17	112900
148	-1875096000	17.1	112900
148	-1872417600	12.6	112900
148	-1869825600	9.2	112900
148	-1867147200	2.1	112900
148	-1864555200	2	112900
148	-1861876800	-2.9	112900
148	-1859198400	-0.4	112900
148	-1856779200	4.3	112900
148	-1854100800	8.6	112900
148	-1851508800	13.3	112900
148	-1848830400	15.9	112900
148	-1846238400	19.1	112900
148	-1843560000	18.5	112900
148	-1840881600	14.2	112900
148	-1838289600	8.3	112900
148	-1835611200	5.6	112900
148	-1833019200	0.9	112900
148	-1830340800	-3	112900
148	-1827662400	2.3	112900
148	-1825156800	6.7	112900
148	-1822478400	7.4	112900
148	-1819886400	13.5	112900
148	-1817208000	17.6	112900
148	-1814616000	18.5	112900
148	-1811937600	15.7	112900
148	-1809259200	9.4	112900
148	-1806667200	6.7	112900
148	-1803988800	0.1	112900
148	-1801396800	-0.4	112900
148	-1798718400	-2.7	112900
148	-1796040000	-1.1	112900
148	-1793620800	5.8	112900
148	-1790942400	8.9	112900
148	-1788350400	13.3	112900
148	-1785672000	16.9	112900
148	-1783080000	15.9	112900
148	-1780401600	15.8	112900
148	-1777723200	13.6	112900
148	-1775131200	9.3	112900
148	-1772452800	5.4	112900
148	-1769860800	-0.1	112900
148	-1767182400	-5.7	112900
148	-1764504000	-1.8	112900
148	-1762084800	5	112900
148	-1759406400	10.1	112900
148	-1756814400	12.5	112900
148	-1754136000	16.1	112900
148	-1751544000	17.3	112900
148	-1748865600	17.3	112900
148	-1746187200	12.5	112900
148	-1743595200	7.9	112900
148	-1740916800	2.2	112900
148	-1738324800	1	112900
148	-1735646400	-0.6	112900
148	-1732968000	0.1	112900
148	-1730548800	3.5	112900
148	-1727870400	8.6	112900
148	-1725278400	14.2	112900
148	-1722600000	18.1	112900
148	-1720008000	17.7	112900
148	-1717329600	16.1	112900
148	-1714651200	11.7	112900
148	-1712059200	6.8	112900
148	-1709380800	1.2	112900
148	-1706788800	2.4	112900
148	-1704110400	1.2	112900
148	-1701432000	0.1	112900
148	-1698926400	6.6	112900
148	-1696248000	8.7	112900
148	-1693656000	14.3	112900
148	-1690977600	15.4	112900
148	-1688385600	18.4	112900
148	-1685707200	17.4	112900
148	-1683028800	12.3	112900
148	-1680436800	8.1	112900
148	-1677758400	5.1	112900
148	-1675166400	2.2	112900
148	-1672488000	-1.6	112900
148	-1669809600	-4.4	112900
148	-1667390400	1.8	112900
148	-1664712000	6.8	112900
148	-1662120000	14.6	112900
148	-1659441600	18.7	112900
148	-1656849600	19.1	112900
148	-1654171200	18.2	112900
148	-1651492800	15.1	112900
148	-1648900800	8.8	112900
148	-1646222400	3	112900
148	-1643630400	-2.3	112900
148	-1640952000	-1.2	112900
148	-1638273600	-0.5	112900
148	-1635854400	4.4	112900
148	-1633176000	10.5	112900
148	-1630584000	14.1	112900
148	-1627905600	14.6	112900
148	-1625313600	17.5	112900
148	-1622635200	17	112900
148	-1619956800	14.3	112900
148	-1617364800	8.6	112900
148	-1614686400	2.2	112900
148	-1612094400	1.1	112900
148	-1609416000	1.3	112900
148	-1606737600	-0.9	112900
148	-1604318400	5.4	112900
148	-1601640000	7.3	112900
148	-1599048000	10.9	112900
148	-1596369600	16.7	112900
148	-1593777600	16.2	112900
148	-1591099200	17.5	112900
148	-1588420800	14.8	112900
148	-1585828800	6.9	112900
148	-1583150400	1.5	112900
148	-1580558400	-0.5	112900
148	-1577880000	1.5	112900
148	-1575201600	2.2	112900
148	-1572696000	7.1	112900
148	-1570017600	11.1	112900
148	-1567425600	16	112900
148	-1564747200	15.7	112900
148	-1562155200	19.1	112900
148	-1559476800	16	112900
148	-1556798400	14.4	112900
148	-1554206400	6.4	112900
148	-1551528000	-1	112900
148	-1548936000	-0.8	112900
148	-1546257600	1.6	112900
148	-1543579200	0.1	112900
148	-1541160000	5.1	112900
148	-1538481600	7.7	112900
148	-1535889600	15.2	112900
148	-1533211200	16.1	112900
148	-1530619200	20	112900
148	-1527940800	18.3	112900
148	-1525262400	13.4	112900
148	-1522670400	9.6	112900
148	-1519992000	0.7	112900
148	-1517400000	-1.7	112900
148	-1514721600	-2.7	112900
148	-1512043200	-2.5	112900
148	-1509624000	5.4	112900
148	-1506945600	7.6	112900
148	-1504353600	14.2	112900
148	-1501675200	17.7	112900
148	-1499083200	18.4	112900
148	-1496404800	17.7	112900
148	-1493726400	12.2	112900
148	-1491134400	6.9	112900
148	-1488456000	1.9	112900
148	-1485864000	0	112900
148	-1483185600	0.1	112900
148	-1480507200	0.7	112900
148	-1478088000	5.2	112900
148	-1475409600	7.8	112900
148	-1472817600	15	112900
148	-1470139200	14.1	112900
148	-1467547200	18.9	112900
148	-1464868800	17.5	112900
148	-1462190400	13.3	112900
148	-1459598400	11.1	112900
148	-1456920000	4.5	112900
148	-1454328000	-0.2	112900
148	-1451649600	-3.5	112900
148	-1448971200	-1.9	112900
148	-1446465600	3.2	112900
148	-1443787200	8.7	112900
148	-1441195200	15.7	112900
148	-1438516800	16.8	112900
148	-1435924800	18.4	112900
148	-1433246400	15.4	112900
148	-1430568000	14.7	112900
148	-1427976000	8.8	112900
148	-1425297600	2.4	112900
148	-1422705600	-1.6	112900
148	-1420027200	-1.6	112900
148	-1417348800	3.4	112900
148	-1414929600	3	112900
148	-1412251200	9.3	112900
148	-1409659200	14.9	112900
148	-1406980800	16.1	112900
148	-1404388800	18.4	112900
148	-1401710400	17.2	112900
148	-1399032000	11.8	112900
148	-1396440000	8.6	112900
148	-1393761600	3.2	112900
148	-1391169600	-3.2	112900
148	-1388491200	-2.6	112900
148	-1385812800	4	112900
148	-1383393600	4.3	112900
148	-1380715200	9.9	112900
148	-1378123200	12.8	112900
148	-1375444800	15.3	112900
148	-1372852800	17.7	112900
148	-1370174400	16.8	112900
148	-1367496000	15	112900
148	-1364904000	9.2	112900
148	-1362225600	8.3	112900
148	-1359633600	0	112900
148	-1356955200	0.4	112900
148	-1354276800	-0.4	112900
148	-1351857600	6.1	112900
148	-1349179200	9.1	112900
148	-1346587200	13.3	112900
148	-1343908800	18.1	112900
148	-1341316800	19.4	112900
148	-1338638400	17.8	112900
148	-1335960000	14.5	112900
148	-1333368000	8.6	112900
148	-1330689600	3.7	112900
148	-1328097600	-2.5	112900
148	-1325419200	-2.1	112900
148	-1322740800	1.2	112900
148	-1320235200	2.4	112900
148	-1317556800	9.3	112900
148	-1314964800	11.5	112900
148	-1312286400	16.4	112900
148	-1309694400	20.1	112900
148	-1307016000	18.7	112900
148	-1304337600	13.6	112900
148	-1301745600	8.8	112900
148	-1299067200	5.5	112900
148	-1296475200	-0.8	112900
148	-1293796800	-5.7	112900
148	-1291118400	-9	112900
148	-1288699200	1.8	112900
148	-1286020800	6.4	112900
148	-1283428800	14.9	112900
148	-1280750400	16.8	112900
148	-1278158400	19.3	112900
148	-1275480000	18.8	112900
148	-1272801600	14.8	112900
148	-1270209600	9.8	112900
148	-1267531200	4.9	112900
148	-1264939200	1.4	112900
148	-1262260800	-1.3	112900
148	-1259582400	-0.2	112900
148	-1257163200	5.7	112900
148	-1254484800	9.8	112900
148	-1251892800	13.5	112900
148	-1249214400	18.8	112900
148	-1246622400	18	112900
148	-1243944000	17	112900
148	-1241265600	14.6	112900
148	-1238673600	8.5	112900
148	-1235995200	5.1	112900
148	-1233403200	0.3	112900
148	-1230724800	-0.6	112900
148	-1228046400	0	112900
148	-1225627200	0.7	112900
148	-1222948800	6.8	112900
148	-1220356800	15.9	112900
148	-1217678400	18.7	112900
148	-1215086400	19.4	112900
148	-1212408000	17	112900
148	-1209729600	10.8	112900
148	-1207137600	7.6	112900
148	-1204459200	3.2	112900
148	-1201867200	-2.5	112900
148	-1199188800	-1.2	112900
148	-1196510400	-4.4	112900
148	-1194004800	-0.5	112900
148	-1191326400	8.4	112900
148	-1188734400	14.2	112900
148	-1186056000	16.4	112900
148	-1183464000	19.9	112900
148	-1180785600	20	112900
148	-1178107200	16.8	112900
148	-1175515200	8.9	112900
148	-1172836800	4	112900
148	-1170244800	-0.7	112900
148	-1167566400	-3.6	112900
148	-1164888000	-0.4	112900
148	-1162468800	4.6	112900
148	-1159790400	7.6	112900
148	-1157198400	12.5	112900
148	-1154520000	14.6	112900
148	-1151928000	18.6	112900
148	-1149249600	17.7	112900
148	-1146571200	13.7	112900
148	-1143979200	9.2	112900
148	-1141300800	2.7	112900
148	-1138708800	-5.3	112900
148	-1136030400	-1.6	112900
148	-1133352000	0.5	112900
148	-1130932800	6.8	112900
148	-1128254400	11.6	112900
148	-1125662400	15.2	112900
148	-1122984000	16.6	112900
148	-1120392000	19.2	112900
148	-1117713600	17.6	112900
148	-1115035200	15.7	112900
148	-1112443200	8.7	112900
148	-1109764800	4.2	112900
148	-1107172800	4.1	112900
148	-1104494400	-3.3	112900
148	-1101816000	0.4	112900
148	-1099396800	2.9	112900
148	-1096718400	8.9	112900
148	-1094126400	11.8	112900
148	-1091448000	18.8	112900
148	-1088856000	18.8	112900
148	-1086177600	17.4	112900
148	-1083499200	13.4	112900
148	-1080907200	10.6	112900
148	-1078228800	4.2	112900
148	-1075636800	-1.2	112900
148	-1072958400	2.2	112900
148	-1070280000	1	112900
148	-1067774400	6.7	112900
148	-1065096000	9.6	112900
148	-1062504000	14	112900
148	-1059825600	16.9	112900
148	-1057233600	19.3	112900
148	-1054555200	16.8	112900
148	-1051876800	13.8	112900
148	-1049284800	5.2	112900
148	-1046606400	2.9	112900
148	-1044014400	-0.9	112900
148	-1041336000	-3.7	112900
148	-1038657600	1.7	112900
148	-1036238400	5.6	112900
148	-1033560000	8.3	112900
148	-1030968000	15.7	112900
148	-1028289600	18	112900
148	-1025697600	18.5	112900
148	-1023019200	17.4	112900
148	-1020340800	13.9	112900
148	-1017748800	9.2	112900
148	-1015070400	3.4	112900
148	-1012478400	-1.1	112900
148	-1009800000	-2	112900
148	-1007121600	-0.6	112900
148	-1004702400	6.7	112900
148	-1002024000	5.9	112900
148	-999432000	12.2	112900
148	-996753600	18.9	112900
148	-994161600	18.4	112900
148	-991483200	17.4	112900
148	-988804800	13	112900
148	-986212800	9.7	112900
148	-983534400	4.3	112900
148	-980942400	-2.8	112900
148	-978264000	0.5	112900
148	-975585600	1.6	112900
148	-973166400	1.9	112900
148	-970488000	11.5	112900
148	-967896000	12.6	112900
148	-965217600	17.4	112900
148	-962625600	18.7	112900
148	-959947200	17.9	112900
148	-957268800	13.7	112900
148	-954676800	7.6	112900
148	-951998400	3.9	112900
148	-949406400	-2.7	112900
148	-946728000	-7.8	112900
148	-944049600	-5.1	112900
148	-941544000	2.5	112900
148	-938865600	9.3	112900
148	-936273600	12.1	112900
148	-933595200	17.6	112900
148	-931003200	18.1	112900
148	-928324800	15.2	112900
148	-925646400	13.8	112900
148	-923054400	8.4	112900
148	-920376000	5.7	112900
148	-917784000	-5.1	112900
148	-915105600	-4.6	112900
148	-912427200	-0.5	112900
148	-910008000	4.3	112900
148	-907329600	8.2	112900
148	-904737600	11.2	112900
148	-902059200	17.3	112900
148	-899467200	18.5	112900
148	-896788800	16.5	112900
148	-894110400	12.5	112900
148	-891518400	7.8	112900
148	-888840000	0.4	112900
148	-886248000	-1.1	112900
148	-883569600	-8.6	112900
148	-880891200	-3.4	112900
148	-878472000	2.4	112900
148	-875793600	7.7	112900
148	-873201600	14.3	112900
148	-870523200	17.6	112900
148	-867931200	18.1	112900
148	-865252800	18.3	112900
148	-862574400	17.5	112900
148	-859982400	11.2	112900
148	-857304000	3.1	112900
148	-854712000	0.8	112900
148	-852033600	-5.5	112900
148	-849355200	2.6	112900
148	-846936000	5.7	112900
148	-844257600	10.9	112900
148	-841665600	13.6	112900
148	-838987200	16.1	112900
148	-836395200	19	112900
148	-833716800	20.1	112900
148	-831038400	15.9	112900
148	-828446400	11	112900
148	-825768000	2.5	112900
148	-823176000	0.8	112900
148	-820497600	1.1	112900
148	-817819200	-0.5	112900
148	-815313600	1.8	112900
148	-812635200	10.4	112900
148	-810043200	13.2	112900
148	-807364800	15.8	112900
148	-804772800	18.8	112900
148	-802094400	20.1	112900
148	-799416000	13.3	112900
148	-796824000	10.1	112900
148	-794145600	2.9	112900
148	-791553600	-1.8	112900
148	-788875200	-5	112900
148	-786196800	1.5	112900
148	-783777600	6.3	112900
148	-781099200	9.8	112900
148	-778507200	15	112900
148	-775828800	18	112900
148	-773236800	19.5	112900
148	-770558400	18	112900
148	-767880000	14.4	112900
148	-765288000	8.5	112900
148	-762609600	3.2	112900
148	-760017600	0	112900
148	-757339200	-3.8	112900
148	-754660800	2.1	112900
148	-752241600	5.6	112900
148	-749563200	11.7	112900
148	-746971200	16.2	112900
148	-744292800	17.6	112900
148	-741700800	20.1	112900
148	-739022400	19.3	112900
148	-736344000	15.8	112900
148	-733752000	6.3	112900
148	-731073600	3.2	112900
148	-728481600	-2.8	112900
148	-725803200	-6.9	112900
148	-723124800	-3.5	112900
148	-720705600	4.1	112900
148	-718027200	11.7	112900
148	-715435200	14.4	112900
148	-712756800	18.8	112900
148	-710164800	20.1	112900
148	-707486400	18.6	112900
148	-704808000	17.3	112900
148	-702216000	6.9	112900
148	-699537600	5.1	112900
148	-696945600	0.7	112900
148	-694267200	1.3	112900
148	-691588800	-0.5	112900
148	-689083200	5.4	112900
148	-686404800	10.4	112900
148	-683812800	15.2	112900
148	-681134400	15.9	112900
148	-678542400	16.9	112900
148	-675864000	17.8	112900
148	-673185600	14.7	112900
148	-670593600	9.5	112900
148	-667915200	3.1	112900
148	-665323200	-2.1	112900
148	-662644800	0.5	112900
148	-659966400	1.3	112900
148	-657547200	1.7	112900
148	-654868800	11.1	112900
148	-652276800	13.7	112900
148	-649598400	15.7	112900
148	-647006400	19	112900
148	-644328000	17.2	112900
148	-641649600	15.8	112900
148	-639057600	10.5	112900
148	-636379200	4.8	112900
148	-633787200	0.1	112900
148	-631108800	-4	112900
148	-628430400	0.9	112900
148	-626011200	7.1	112900
148	-623332800	9.3	112900
148	-620740800	15.9	112900
148	-618062400	19.2	112900
148	-615470400	21.2	112900
148	-612792000	19.4	112900
148	-610113600	14.5	112900
148	-607521600	8.2	112900
148	-604843200	3.9	112900
148	-602251200	0.3	112900
148	-599572800	0.4	112900
148	-596894400	2.4	112900
148	-594475200	3.8	112900
148	-591796800	9	112900
148	-589204800	13.1	112900
148	-586526400	17.5	112900
148	-583934400	17.9	112900
148	-581256000	19.3	112900
148	-578577600	16.2	112900
148	-575985600	7.6	112900
148	-573307200	6	112900
148	-570715200	0.3	112900
148	-568036800	-2	112900
148	-565358400	-0.8	112900
148	-562852800	2	112900
148	-560174400	12.1	112900
148	-557582400	13.3	112900
148	-554904000	17.5	112900
148	-552312000	20	112900
148	-549633600	19.6	112900
148	-546955200	11.6	112900
148	-544363200	8.1	112900
148	-541684800	2.3	112900
148	-539092800	-1	112900
148	-536414400	-1.3	112900
148	-533736000	0.3	112900
148	-531316800	4.6	112900
148	-528638400	10	112900
148	-526046400	13.9	112900
148	-523368000	17.3	112900
148	-520776000	19.1	112900
148	-518097600	16.4	112900
148	-515419200	14.9	112900
148	-512827200	10.9	112900
148	-510148800	2.4	112900
148	-507556800	-0.5	112900
148	-504878400	-5.8	112900
148	-502200000	-5.2	112900
148	-499780800	5.7	112900
148	-497102400	8	112900
148	-494510400	12.9	112900
148	-491832000	18.2	112900
148	-489240000	16.4	112900
148	-486561600	16.8	112900
148	-483883200	14.9	112900
148	-481291200	8.4	112900
148	-478612800	2.5	112900
148	-476020800	2.3	112900
148	-473342400	-2.3	112900
148	-470664000	-0.7	112900
148	-468244800	1.6	112900
148	-465566400	7.9	112900
148	-462974400	12.1	112900
148	-460296000	15.7	112900
148	-457704000	18.2	112900
148	-455025600	17.1	112900
148	-452347200	14.3	112900
148	-449755200	8.2	112900
148	-447076800	2.8	112900
148	-444484800	1	112900
148	-441806400	-0.2	112900
148	-439128000	-7.5	112900
148	-436622400	1.3	112900
148	-433944000	8	112900
148	-431352000	14	112900
148	-428673600	15.9	112900
148	-426081600	18.9	112900
148	-423403200	17.4	112900
148	-420724800	14.8	112900
148	-418132800	8.6	112900
148	-415454400	1.4	112900
148	-412862400	-0.6	112900
148	-410184000	-2.9	112900
148	-407505600	3.4	112900
148	-405086400	6.7	112900
148	-402408000	9.2	112900
148	-399816000	11.5	112900
148	-397137600	19.6	112900
148	-394545600	19.3	112900
148	-391867200	17	112900
148	-389188800	13.5	112900
148	-386596800	9.5	112900
148	-383918400	5.4	112900
148	-381326400	0	112900
148	-378648000	-1.8	112900
148	-375969600	2.6	112900
148	-373550400	1.6	112900
148	-370872000	7.4	112900
148	-368280000	18.2	112900
148	-365601600	16.9	112900
148	-363009600	19.8	112900
148	-360331200	18.8	112900
148	-357652800	14.9	112900
148	-355060800	10.1	112900
148	-352382400	5.3	112900
148	-349790400	1.1	112900
148	-347112000	0.2	112900
148	-344433600	-0.5	112900
148	-342014400	7.6	112900
148	-339336000	10.4	112900
148	-336744000	13.8	112900
148	-334065600	16.7	112900
148	-331473600	20.1	112900
148	-328795200	18.1	112900
148	-326116800	13.5	112900
148	-323524800	7.9	112900
148	-320846400	3.9	112900
148	-318254400	2	112900
148	-315576000	-1.4	112900
148	-312897600	-0.7	112900
148	-310392000	4.8	112900
148	-307713600	9.5	112900
148	-305121600	13.3	112900
148	-302443200	17.4	112900
148	-299851200	16.9	112900
148	-297172800	18	112900
148	-294494400	13.1	112900
148	-291902400	10	112900
148	-289224000	5.5	112900
148	-286632000	1.6	112900
148	-283953600	-3.3	112900
148	-281275200	3	112900
148	-278856000	7.3	112900
148	-276177600	12.2	112900
148	-273585600	12.5	112900
148	-270907200	17.9	112900
148	-268315200	17	112900
148	-265636800	17.7	112900
148	-262958400	16.2	112900
148	-260366400	10.4	112900
148	-257688000	3.7	112900
148	-255096000	-2.5	112900
148	-252417600	-1.8	112900
148	-249739200	0.1	112900
148	-247320000	1.5	112900
148	-244641600	9.5	112900
148	-242049600	12.3	112900
148	-239371200	14.8	112900
148	-236779200	16.6	112900
148	-234100800	19	112900
148	-231422400	12.9	112900
148	-228830400	9.3	112900
148	-226152000	2.9	112900
148	-223560000	-4.7	112900
148	-220881600	-6.1	112900
148	-218203200	-4.6	112900
148	-215784000	2.3	112900
148	-213105600	10.3	112900
148	-210513600	13.4	112900
148	-207835200	17.6	112900
148	-205243200	19.3	112900
148	-202564800	17.8	112900
148	-199886400	15.5	112900
148	-197294400	8.8	112900
148	-194616000	7	112900
148	-192024000	-5.7	112900
148	-189345600	-6.8	112900
148	-186667200	0.3	112900
148	-184161600	1.8	112900
148	-181483200	10.3	112900
148	-178891200	13.6	112900
148	-176212800	19.1	112900
148	-173620800	19	112900
148	-170942400	17.2	112900
148	-168264000	14.1	112900
148	-165672000	8.2	112900
148	-162993600	5.8	112900
148	-160401600	-0.6	112900
148	-157723200	-0.2	112900
148	-155044800	-3.1	112900
148	-152625600	4.1	112900
148	-149947200	8.1	112900
148	-147355200	12.6	112900
148	-144676800	17.1	112900
148	-142084800	17.7	112900
148	-139406400	16.2	112900
148	-136728000	14.4	112900
148	-134136000	8.7	112900
148	-131457600	1.7	112900
148	-128865600	0	112900
148	-126187200	-3.8	112900
148	-123508800	5.4	112900
148	-121089600	4.3	112900
148	-118411200	11.7	112900
148	-115819200	14.2	112900
148	-113140800	17.9	112900
148	-110548800	18	112900
148	-107870400	17.3	112900
148	-105192000	15.2	112900
148	-102600000	13	112900
148	-99921600	2.6	112900
148	-97329600	0.3	112900
148	-94651200	-1.4	112900
148	-91972800	1.2	112900
148	-89553600	6.2	112900
148	-86875200	9.1	112900
148	-84283200	14.8	112900
148	-81604800	17.1	112900
148	-79012800	20.3	112900
148	-76334400	18	112900
148	-73656000	15.1	112900
148	-71064000	10.6	112900
148	-68385600	4.3	112900
148	-65793600	-0.8	112900
148	-63115200	-2.9	112900
148	-60436800	1.1	112900
148	-57931200	5.2	112900
148	-55252800	11.2	112900
148	-52660800	14.5	112900
148	-49982400	17.2	112900
148	-47390400	18.5	112900
148	-44712000	16.9	112900
148	-42033600	14	112900
148	-39441600	10.1	112900
148	-36763200	4.7	112900
148	-34171200	-3.4	112900
148	-31492800	-2.3	112900
148	-28814400	-1.3	112900
148	-26395200	2.4	112900
148	-23716800	9.1	112900
148	-21124800	16.6	112900
148	-18446400	16.5	112900
148	-15854400	19.3	112900
148	-13176000	16.7	112900
148	-10497600	14.9	112900
148	-7905600	10.2	112900
148	-5227200	5.3	112900
148	-2635200	-3.1	112900
148	43200	-2.2	112900
148	2721600	0.3	112900
148	5140800	2.8	112900
148	7819200	8	112900
148	10411200	12.1	112900
148	13089600	18.2	112900
148	15681600	18.3	112900
148	18360000	18.3	112900
148	21038400	14.4	112900
148	23630400	8.5	112900
148	26308800	6	112900
148	28900800	-0.9	112900
148	31579200	-1.9	112900
148	34257600	1.6	112900
148	36676800	1.6	112900
148	39355200	10.1	112900
148	41947200	15.2	112900
148	44625600	16.4	112900
148	47217600	19.2	112900
148	49896000	19.4	112900
148	52574400	12.3	112900
148	55166400	8.3	112900
148	57844800	3.7	112900
148	60436800	1.2	112900
148	63115200	-3.2	112900
148	65793600	1.9	112900
148	68299200	6.1	112900
148	70977600	9.2	112900
148	73569600	13.3	112900
148	76248000	17.6	112900
148	78840000	19	112900
148	81518400	17.6	112900
148	84196800	11	112900
148	86788800	7.1	112900
148	89467200	3.9	112900
148	92059200	-1.6	112900
148	94737600	-1.6	112900
148	97416000	1	112900
148	99835200	4.1	112900
148	102513600	7.5	112900
148	105105600	14.9	112900
148	107784000	17.2	112900
148	110376000	18.4	112900
148	113054400	18.4	112900
148	115732800	14.9	112900
148	118324800	7	112900
148	121003200	1.8	112900
148	123595200	-1.2	112900
148	126273600	0.7	112900
148	128952000	3.8	112900
148	131371200	6.4	112900
148	134049600	7.9	112900
148	136641600	13.3	112900
148	139320000	15.3	112900
148	141912000	18.2	112900
148	144590400	19.5	112900
148	147268800	13.8	112900
148	149860800	5.6	112900
148	152539200	3.8	112900
148	155131200	2.4	112900
148	157809600	2.1	112900
148	160488000	0.6	112900
148	162907200	4.6	112900
148	165585600	8.6	112900
148	168177600	15.1	112900
148	170856000	15.9	112900
148	173448000	18.8	112900
148	176126400	18.1	112900
148	178804800	16.2	112900
148	181396800	8.8	112900
148	184075200	2.4	112900
148	186667200	-0.4	112900
148	189345600	0.2	112900
148	192024000	-0.4	112900
148	194529600	1.6	112900
148	197208000	9	112900
148	199800000	13.9	112900
148	202478400	17.8	112900
148	205070400	19.8	112900
148	207748800	15.6	112900
148	210427200	12.9	112900
148	213019200	9.9	112900
148	215697600	5.3	112900
148	218289600	-1.6	112900
148	220968000	-0.3	112900
148	223646400	3.5	112900
148	226065600	7.3	112900
148	228744000	7.9	112900
148	231336000	14.1	112900
148	234014400	17.8	112900
148	236606400	18.3	112900
148	239284800	17.3	112900
148	241963200	12.3	112900
148	244555200	10.4	112900
148	247233600	4.3	112900
148	249825600	-1.3	112900
148	252504000	-0.9	112900
148	255182400	-0.4	112900
148	257601600	5.5	112900
148	260280000	7.7	112900
148	262872000	12.3	112900
148	265550400	16.1	112900
148	268142400	16.8	112900
148	270820800	16.4	112900
148	273499200	13.4	112900
148	276091200	8.8	112900
148	278769600	0.6	112900
148	281361600	-1.2	112900
148	284040000	-4	112900
148	286718400	0	112900
148	289137600	5.6	112900
148	291816000	8	112900
148	294408000	14.5	112900
148	297086400	18.8	112900
148	299678400	16.9	112900
148	302356800	17	112900
148	305035200	14.5	112900
148	307627200	7.9	112900
148	310305600	4.5	112900
148	312897600	2.2	112900
148	315576000	-2.9	112900
148	318254400	1.6	112900
148	320760000	4.1	112900
148	323438400	7.6	112900
148	326030400	11.3	112900
148	328708800	16.5	112900
148	331300800	17.6	112900
148	333979200	18.4	112900
148	336657600	14.3	112900
148	339249600	8.3	112900
148	341928000	1.7	112900
148	344520000	-0.4	112900
148	347198400	-2.8	112900
148	349876800	0	112900
148	352296000	6.8	112900
148	354974400	9.3	112900
148	357566400	13.9	112900
148	360244800	18	112900
148	362836800	18.3	112900
148	365515200	18	112900
148	368193600	15.1	112900
148	370785600	10.1	112900
148	373464000	4.1	112900
148	376056000	-1	112900
148	378734400	-3.7	112900
148	381412800	-1.8	112900
148	383832000	4	112900
148	386510400	7.5	112900
148	389102400	14.1	112900
148	391780800	18	112900
148	394372800	19.8	112900
148	397051200	18.5	112900
148	399729600	16.7	112900
148	402321600	9.9	112900
148	4.05e+08	4.6	112900
148	407592000	2.5	112900
148	410270400	2.1	112900
148	412948800	-1.6	112900
148	415368000	5.7	112900
148	418046400	11.1	112900
148	420638400	14.6	112900
148	423316800	17	112900
148	425908800	21.9	112900
148	428587200	18.8	112900
148	431265600	14.7	112900
148	433857600	9.2	112900
148	436536000	0.8	112900
148	439128000	-0.3	112900
148	441806400	-1.1	112900
148	444484800	-0.3	112900
148	446990400	3.9	112900
148	449668800	8.5	112900
148	452260800	12.9	112900
148	454939200	16.7	112900
148	457531200	17.9	112900
148	460209600	17.7	112900
148	462888000	14.1	112900
148	465480000	10.3	112900
148	468158400	3.8	112900
148	470750400	0.1	112900
148	473428800	-5.7	112900
148	476107200	-2.8	112900
148	478526400	3.1	112900
148	481204800	9.5	112900
148	483796800	14.9	112900
148	486475200	16	112900
148	489067200	19.8	112900
148	491745600	19	112900
148	494424000	15.4	112900
148	497016000	8.8	112900
148	499694400	1.9	112900
148	502286400	2.4	112900
148	504964800	-1.1	112900
148	507643200	-4.8	112900
148	510062400	2.1	112900
148	512740800	9.8	112900
148	515332800	16.3	112900
148	518011200	16.9	112900
148	520603200	18.6	112900
148	523281600	18.9	112900
148	525960000	14.1	112900
148	528552000	9.5	112900
148	531230400	3.9	112900
148	533822400	-2.1	112900
148	536500800	-4.6	112900
148	539179200	-0.8	112900
148	541598400	-0.5	112900
148	544276800	10	112900
148	546868800	12.7	112900
148	549547200	17.3	112900
148	552139200	20.2	112900
148	554817600	17.2	112900
148	557496000	17.2	112900
148	560088000	10.2	112900
148	562766400	4	112900
148	565358400	0.8	112900
148	568036800	1.6	112900
148	570715200	2.3	112900
148	573220800	4	112900
148	575899200	9.5	112900
148	578491200	14.8	112900
148	581169600	17.1	112900
148	583761600	20.6	112900
148	586440000	19	112900
148	589118400	14.7	112900
148	591710400	10.2	112900
148	594388800	0.5	112900
148	596980800	0.6	112900
148	599659200	-0.8	112900
148	602337600	3.3	112900
148	604756800	7.9	112900
148	607435200	10.4	112900
148	610027200	14.2	112900
148	612705600	16.6	112900
148	615297600	19.5	112900
148	617976000	18.8	112900
148	620654400	15	112900
148	623246400	9.8	112900
148	625924800	2.4	112900
148	628516800	1.1	112900
148	631195200	-1.1	112900
148	633873600	4.9	112900
148	636292800	8	112900
148	638971200	9	112900
148	641563200	15.4	112900
148	644241600	17.2	112900
148	646833600	19	112900
148	649512000	19.3	112900
148	652190400	13	112900
148	654782400	10.1	112900
148	657460800	3.9	112900
148	660052800	-0.4	112900
148	662731200	-0.6	112900
148	665409600	-2.8	112900
148	667828800	6.9	112900
148	670507200	8.4	112900
148	673099200	11.9	112900
148	675777600	17.3	112900
148	678369600	20.2	112900
148	681048000	19.2	112900
148	683726400	15.3	112900
148	686318400	8.1	112900
148	688996800	4	112900
148	691588800	-1.8	112900
148	694267200	0.6	112900
148	696945600	2.6	112900
148	699451200	5.5	112900
148	702129600	10.2	112900
148	704721600	15.3	112900
148	707400000	18.4	112900
148	709992000	20.7	112900
148	712670400	22.9	112900
148	715348800	15.2	112900
148	717940800	8.2	112900
148	720619200	4.8	112900
148	723211200	-0.3	112900
148	725889600	0.5	112900
148	728568000	-0.1	112900
148	730987200	4.6	112900
148	733665600	10.7	112900
148	736257600	16.6	112900
148	738936000	18.5	112900
148	741528000	18.8	112900
148	744206400	19.1	112900
148	746884800	14.3	112900
148	749476800	10.7	112900
148	752155200	1.4	112900
148	754747200	1.1	112900
148	757425600	2.8	112900
148	760104000	1.2	112900
148	762523200	8.7	112900
148	765201600	10.1	112900
148	767793600	14.9	112900
148	770472000	18.8	112900
148	773064000	22.1	112900
148	775742400	20.7	112900
148	778420800	16.6	112900
148	781012800	8.1	112900
148	783691200	7.3	112900
148	786283200	1.2	112900
148	788961600	-1.4	112900
148	791640000	3.8	112900
148	794059200	4.6	112900
148	796737600	10.8	112900
148	799329600	14.9	112900
148	802008000	16.9	112900
148	804600000	22	112900
148	807278400	18.4	112900
148	809956800	13.9	112900
148	812548800	11	112900
148	815227200	3	112900
148	817819200	-0.8	112900
148	820497600	-1.9	112900
148	823176000	-2.4	112900
148	825681600	1.7	112900
148	828360000	10.2	112900
148	830952000	15.6	112900
148	833630400	19.2	112900
148	836222400	18.4	112900
148	838900800	18.7	112900
148	841579200	12.1	112900
148	844171200	10.2	112900
148	846849600	6.4	112900
148	849441600	-2.3	112900
148	852120000	-1.2	112900
148	854798400	3.4	112900
148	857217600	5.8	112900
148	859896000	7.8	112900
148	862488000	15.8	112900
148	865166400	18.2	112900
148	867758400	19	112900
148	870436800	19.2	112900
148	873115200	15.3	112900
148	875707200	7.7	112900
148	878385600	4.4	112900
148	880977600	1.5	112900
148	883656000	1.3	112900
148	886334400	4.6	112900
148	888753600	4.8	112900
148	891432000	11.1	112900
148	894024000	15	112900
148	896702400	19.3	112900
148	899294400	19.8	112900
148	901972800	19.8	112900
148	904651200	14.3	112900
148	907243200	10.7	112900
148	909921600	2.7	112900
148	912513600	-1.6	112900
148	915192000	-0.6	112900
148	917870400	1.2	112900
148	920289600	7.3	112900
148	922968000	11.2	112900
148	925560000	15.5	112900
148	928238400	18.6	112900
148	930830400	20.5	112900
148	933508800	18.5	112900
148	936187200	17	112900
148	938779200	10.8	112900
148	941457600	3	112900
148	944049600	-0.4	112900
148	946728000	-2	112900
148	949406400	3.9	112900
148	951912000	6.6	112900
148	954590400	13.3	112900
148	957182400	16.5	112900
148	959860800	19.8	112900
148	962452800	18.7	112900
148	965131200	21.1	112900
148	967809600	15.2	112900
148	970401600	12.3	112900
148	973080000	7.4	112900
148	975672000	2.3	112900
148	978350400	0.6	112900
148	981028800	3.5	112900
148	983448000	7.5	112900
148	986126400	9.5	112900
148	988718400	17	112900
148	991396800	17.6	112900
148	993988800	20.9	112900
148	996667200	21.6	112900
148	999345600	13.4	112900
148	1001937600	12.9	112900
148	1004616000	3.1	112900
148	1007208000	-2.2	112900
148	1009886400	-0.7	112900
148	1012564800	4.7	112900
148	1014984000	7.4	112900
148	1017662400	9.7	112900
148	1020254400	17	112900
148	1022932800	20.6	112900
148	1025524800	21.4	112900
148	1028203200	19.6	112900
148	1030881600	14	112900
148	1033473600	9.8	112900
148	1036152000	7.3	112900
148	1038744000	0.6	112900
148	1041422400	-1.9	112900
148	1044100800	-1.8	112900
148	1046520000	6.3	112900
148	1049198400	9.2	112900
148	1051790400	17.8	112900
148	1054468800	22.1	112900
148	1057060800	21.7	112900
148	1059739200	22.8	112900
148	1062417600	14.4	112900
148	1065009600	7.5	112900
148	1067688000	6.1	112900
148	1070280000	0.6	112900
148	1072958400	-1.5	112900
148	1075636800	1.6	112900
148	1078142400	4	112900
148	1080820800	10.4	112900
148	1083412800	13.4	112900
148	1086091200	17.7	112900
148	1088683200	19.4	112900
148	1091361600	19.7	112900
148	1094040000	14.6	112900
148	1096632000	11.4	112900
148	1099310400	4.8	112900
148	1101902400	0.4	112900
148	1104580800	0.1	112900
148	1107259200	-1.8	112900
148	1109678400	3.5	112900
148	1112356800	10.5	112900
148	1114948800	15.9	112900
148	1117627200	18.8	112900
148	1120219200	19.8	112900
148	1122897600	17.7	112900
148	1125576000	15.7	112900
148	1128168000	10.3	112900
148	1130846400	3.9	112900
148	1133438400	-0.2	112900
148	1136116800	-3.4	112900
148	1138795200	0	112900
148	1141214400	3.7	112900
148	1143892800	11	112900
148	1146484800	14.5	112900
148	1149163200	18.9	112900
148	1151755200	22.3	112900
148	1154433600	17.4	112900
148	1157112000	16.8	112900
148	1159704000	11.8	112900
148	1162382400	6.2	112900
148	1164974400	1.8	112900
148	1167652800	3.7	112900
148	1170331200	4.9	112900
148	1172750400	7.2	112900
148	1175428800	13	112900
148	1178020800	16.3	112900
148	1180699200	19.9	112900
148	1183291200	21.2	112900
148	1185969600	19.3	112900
148	1188648000	13.3	112900
148	1191240000	9.2	112900
148	1193918400	4	112900
148	1196510400	-1	112900
148	1199188800	1.7	112900
148	1201867200	3.7	112900
148	1204372800	6.1	112900
148	1207051200	10.4	112900
148	1209643200	16.1	112900
148	1212321600	19.3	112900
148	1214913600	20.4	112900
148	1217592000	19.6	112900
148	1220270400	14.4	112900
148	1222862400	10.9	112900
148	1225540800	5.5	112900
148	1228132800	1.3	112900
149	-126187200	-4.5	112920
149	-123508800	5.8	112920
149	-121089600	2.9	112920
149	-118411200	10.4	112920
149	-115819200	13.3	112920
149	-113140800	16.4	112920
149	-110548800	16.3	112920
149	-107870400	15.7	112920
149	-105192000	13.6	112920
149	-102600000	12.4	112920
149	-99921600	0.7	112920
149	-97329600	-0.2	112920
149	-94651200	-1.9	112920
149	-91972800	1.2	112920
149	-89553600	4.4	112920
149	-86875200	7.9	112920
149	-84283200	13.7	112920
149	-81604800	16	112920
149	-79012800	19.2	112920
149	-76334400	17.4	112920
149	-73656000	14.5	112920
149	-71064000	11.4	112920
149	-68385600	3.9	112920
149	-65793600	-0.8	112920
149	-63115200	-2.7	112920
149	-60436800	0.6	112920
149	-57931200	4.8	112920
149	-55252800	10.4	112920
149	-52660800	13.1	112920
149	-49982400	16.4	112920
149	-47390400	17.6	112920
149	-44712000	15.8	112920
149	-42033600	13.2	112920
149	-39441600	10.1	112920
149	-36763200	3.7	112920
149	-34171200	-4.5	112920
149	-31492800	-3.4	112920
149	-28814400	-2.5	112920
149	-26395200	1	112920
149	-23716800	8.2	112920
149	-21124800	15.5	112920
149	-18446400	15.1	112920
149	-15854400	17.8	112920
149	-13176000	15.5	112920
149	-10497600	14.4	112920
149	-7905600	10.2	112920
149	-5227200	5.9	112920
149	-2635200	-4.3	112920
149	43200	-3	112920
149	2721600	-0.8	112920
149	5140800	1.3	112920
149	7819200	6.6	112920
149	10411200	11.3	112920
149	13089600	17.2	112920
149	15681600	17.3	112920
149	18360000	17.3	112920
149	21038400	13	112920
149	23630400	8.4	112920
149	26308800	6.3	112920
149	28900800	-1.2	112920
149	31579200	-1	112920
149	34257600	1.2	112920
149	36676800	0.4	112920
149	39355200	9.1	112920
149	41947200	14.3	112920
149	44625600	15.3	112920
149	47217600	18.6	112920
149	49896000	18.6	112920
149	52574400	12.1	112920
149	55166400	9.7	112920
149	57844800	3.9	112920
149	60436800	2.5	112920
149	63115200	-4.5	112920
149	65793600	0.8	112920
149	68299200	5.9	112920
149	70977600	8.2	112920
149	73569600	12.3	112920
149	76248000	16.6	112920
149	78840000	18.1	112920
149	81518400	17	112920
149	84196800	11.1	112920
149	86788800	7.3	112920
149	89467200	4.8	112920
149	92059200	-2.3	112920
149	94737600	-3	112920
149	97416000	0.4	112920
149	99835200	3.4	112920
149	102513600	6.2	112920
149	105105600	14	112920
149	107784000	16.3	112920
149	110376000	17.9	112920
149	113054400	17.9	112920
149	115732800	14.9	112920
149	118324800	7.6	112920
149	121003200	2.6	112920
149	123595200	-1.2	112920
149	126273600	0.4	112920
149	128952000	3.2	112920
149	131371200	5.6	112920
149	134049600	6.8	112920
149	136641600	12.2	112920
149	139320000	14.2	112920
149	141912000	17.2	112920
149	144590400	18.7	112920
149	147268800	13.4	112920
149	149860800	5.6	112920
149	152539200	3.6	112920
149	155131200	2.2	112920
149	157809600	2.8	112920
149	160488000	0.6	112920
149	162907200	3.7	112920
149	165585600	7.2	112920
149	168177600	14	112920
149	170856000	14.8	112920
149	173448000	17.8	112920
149	176126400	17.5	112920
149	178804800	16.2	112920
149	181396800	9.3	112920
149	184075200	1.6	112920
149	186667200	-0.4	112920
149	189345600	0.2	112920
149	192024000	-1.3	112920
149	194529600	1.2	112920
149	197208000	8.7	112920
149	199800000	13.4	112920
149	202478400	17	112920
149	205070400	19.1	112920
149	207748800	15.1	112920
149	210427200	12.3	112920
149	213019200	9.4	112920
149	215697600	4.6	112920
149	218289600	-1.9	112920
149	220968000	-0.7	112920
149	223646400	3	112920
149	226065600	7.6	112920
149	228744000	6.8	112920
149	231336000	13	112920
149	234014400	16.9	112920
149	236606400	17.4	112920
149	239284800	16.6	112920
149	241963200	12.2	112920
149	244555200	10.5	112920
149	247233600	4.5	112920
149	249825600	-2.2	112920
149	252504000	-1.8	112920
149	255182400	-1.5	112920
149	257601600	5	112920
149	260280000	6.7	112920
149	262872000	11.1	112920
149	265550400	15.2	112920
149	268142400	16.1	112920
149	270820800	15.7	112920
149	273499200	13.7	112920
149	276091200	9.1	112920
149	278769600	0.1	112920
149	281361600	-0.5	112920
149	284040000	-4	112920
149	286718400	-0.9	112920
149	289137600	5.1	112920
149	291816000	6.8	112920
149	294408000	13.6	112920
149	297086400	17.9	112920
149	299678400	15.8	112920
149	302356800	16.3	112920
149	305035200	14.5	112920
149	307627200	7.4	112920
149	310305600	3.9	112920
149	312897600	2.6	112920
149	315576000	-4	112920
149	318254400	1.3	112920
149	320760000	2.9	112920
149	323438400	6.2	112920
149	326030400	10	112920
149	328708800	15.4	112920
149	331300800	16.5	112920
149	333979200	17.6	112920
149	336657600	13.5	112920
149	339249600	8.3	112920
149	341928000	1.5	112920
149	344520000	-0.3	112920
149	347198400	-2.3	112920
149	349876800	-0.2	112920
149	352296000	6.8	112920
149	354974400	8.5	112920
149	357566400	12.6	112920
149	360244800	16.9	112920
149	362836800	17.5	112920
149	365515200	17.7	112920
149	368193600	14.7	112920
149	370785600	9.8	112920
149	373464000	4.5	112920
149	376056000	-1.6	112920
149	378734400	-4.7	112920
149	381412800	-2.5	112920
149	383832000	3.8	112920
149	386510400	6.4	112920
149	389102400	13.3	112920
149	391780800	17.2	112920
149	394372800	19	112920
149	397051200	17.7	112920
149	399729600	16.6	112920
149	402321600	9.4	112920
149	4.05e+08	4.2	112920
149	407592000	1.1	112920
149	410270400	3	112920
149	412948800	-2.5	112920
149	415368000	5.5	112920
149	418046400	9.9	112920
149	420638400	13.5	112920
149	423316800	15.9	112920
149	425908800	21.3	112920
149	428587200	18.1	112920
149	431265600	14.3	112920
149	433857600	9.6	112920
149	436536000	0.9	112920
149	439128000	-0.4	112920
149	441806400	-1.4	112920
149	444484800	-2	112920
149	446990400	2	112920
149	449668800	7.1	112920
149	452260800	11.8	112920
149	454939200	15.6	112920
149	457531200	16.7	112920
149	460209600	16.7	112920
149	462888000	13.7	112920
149	465480000	10.3	112920
149	468158400	3.3	112920
149	470750400	-1.4	112920
149	473428800	-6.5	112920
149	476107200	-3.9	112920
149	478526400	1.6	112920
149	481204800	8.2	112920
149	483796800	13.6	112920
149	486475200	14.7	112920
149	489067200	18.5	112920
149	491745600	18.1	112920
149	494424000	15.1	112920
149	497016000	9.1	112920
149	499694400	0.8	112920
149	502286400	3.4	112920
149	504964800	-1.2	112920
149	507643200	-6	112920
149	510062400	1.2	112920
149	512740800	9.1	112920
149	515332800	15.4	112920
149	518011200	16	112920
149	520603200	17.7	112920
149	523281600	18.1	112920
149	525960000	14.1	112920
149	528552000	9.8	112920
149	531230400	4.4	112920
149	533822400	-1.5	112920
149	536500800	-4.6	112920
149	539179200	-0.4	112920
149	541598400	-1.2	112920
149	544276800	9.4	112920
149	546868800	11.5	112920
149	549547200	16.1	112920
149	552139200	19	112920
149	554817600	16.1	112920
149	557496000	16.7	112920
149	560088000	9.2	112920
149	562766400	3.3	112920
149	565358400	1.2	112920
149	568036800	1.6	112920
149	570715200	1.8	112920
149	573220800	3.1	112920
149	575899200	8.2	112920
149	578491200	13.3	112920
149	581169600	15.7	112920
149	583761600	19.1	112920
149	586440000	18.3	112920
149	589118400	13.9	112920
149	591710400	8.9	112920
149	594388800	0.1	112920
149	596980800	1.2	112920
149	599659200	-0.6	112920
149	602337600	3.1	112920
149	604756800	7.5	112920
149	607435200	8.9	112920
149	610027200	13	112920
149	612705600	14.8	112920
149	615297600	18.1	112920
149	617976000	17.6	112920
149	620654400	14.4	112920
149	623246400	10.9	112920
149	625924800	2.5	112920
149	628516800	1.7	112920
149	631195200	-0.8	112920
149	633873600	5.8	112920
149	636292800	8.4	112920
149	638971200	8.1	112920
149	641563200	14.5	112920
149	644241600	16	112920
149	646833600	18.2	112920
149	649512000	18.8	112920
149	652190400	12.5	112920
149	654782400	9.6	112920
149	657460800	3.8	112920
149	660052800	-1.2	112920
149	662731200	-0.6	112920
149	665409600	-2.7	112920
149	667828800	6.2	112920
149	670507200	7.4	112920
149	673099200	10.8	112920
149	675777600	16.2	112920
149	678369600	19.5	112920
149	681048000	18.3	112920
149	683726400	15.1	112920
149	686318400	7.6	112920
149	688996800	3.4	112920
149	691588800	-1.7	112920
149	694267200	1	112920
149	696945600	3.2	112920
149	699451200	5.1	112920
149	702129600	9.1	112920
149	704721600	14.5	112920
149	707400000	17.5	112920
149	709992000	20.1	112920
149	712670400	23	112920
149	715348800	15.3	112920
149	717940800	7.3	112920
149	720619200	4.6	112920
149	723211200	-1.1	112920
149	725889600	1.1	112920
149	728568000	-0.2	112920
149	730987200	4.2	112920
149	733665600	9.9	112920
149	736257600	16.1	112920
149	738936000	17.5	112920
149	741528000	18	112920
149	744206400	18.6	112920
149	746884800	13.6	112920
149	749476800	9.9	112920
149	752155200	0	112920
149	754747200	1.2	112920
149	757425600	2.5	112920
149	760104000	0.6	112920
149	762523200	8.1	112920
149	765201600	9	112920
149	767793600	14	112920
149	770472000	17.7	112920
149	773064000	21.5	112920
149	775742400	19.9	112920
149	778420800	15.9	112920
149	781012800	7.3	112920
149	783691200	6.2	112920
149	786283200	1.1	112920
149	788961600	-1.7	112920
149	791640000	4	112920
149	794059200	3.5	112920
149	796737600	9.9	112920
149	799329600	13.9	112920
149	802008000	15.6	112920
149	804600000	20.9	112920
149	807278400	17.7	112920
149	809956800	13	112920
149	812548800	11	112920
149	815227200	1.7	112920
149	817819200	-2	112920
149	820497600	-3.3	112920
149	823176000	-3.3	112920
149	825681600	0.5	112920
149	828360000	9.2	112920
149	830952000	14.6	112920
149	833630400	18.1	112920
149	836222400	17.3	112920
149	838900800	17.7	112920
149	841579200	11	112920
149	844171200	9.6	112920
149	846849600	5.8	112920
149	849441600	-3.6	112920
149	852120000	-3.7	112920
149	854798400	3.2	112920
149	857217600	5.2	112920
149	859896000	6.8	112920
149	862488000	14.9	112920
149	865166400	17	112920
149	867758400	17.9	112920
149	870436800	18.5	112920
149	873115200	15	112920
149	875707200	7.4	112920
149	878385600	3.7	112920
149	880977600	0.8	112920
149	883656000	1.2	112920
149	886334400	5.8	112920
149	888753600	3.7	112920
149	891432000	9.9	112920
149	894024000	14.1	112920
149	896702400	18.1	112920
149	899294400	19	112920
149	901972800	19	112920
149	904651200	13.3	112920
149	907243200	9.8	112920
149	909921600	1.7	112920
149	912513600	-2.1	112920
149	915192000	-1.1	112920
149	917870400	0.4	112920
149	920289600	5.9	112920
149	922968000	10.2	112920
149	925560000	14.2	112920
149	928238400	17	112920
149	930830400	19.1	112920
149	933508800	17.7	112920
149	936187200	16.3	112920
149	938779200	9.8	112920
149	941457600	2	112920
149	944049600	-0.7	112920
149	946728000	-2.6	112920
149	949406400	3.5	112920
149	951912000	5.5	112920
149	954590400	12.3	112920
149	957182400	15.6	112920
149	959860800	18.8	112920
149	962452800	17.4	112920
149	965131200	20.2	112920
149	967809600	14.4	112920
149	970401600	11.4	112920
149	973080000	6.6	112920
149	975672000	1.5	112920
149	978350400	-0.7	112920
149	981028800	2.8	112920
149	983448000	6.3	112920
149	986126400	8.6	112920
149	988718400	16.2	112920
149	991396800	16.5	112920
149	993988800	19.7	112920
149	996667200	21.1	112920
149	999345600	12.5	112920
149	1001937600	12.5	112920
149	1004616000	2.6	112920
149	1007208000	-3.1	112920
149	1009886400	-0.2	112920
149	1012564800	4.5	112920
149	1014984000	6.7	112920
149	1017662400	8.5	112920
149	1020254400	16.1	112920
149	1022932800	19.7	112920
149	1025524800	20.4	112920
149	1028203200	18.8	112920
149	1030881600	13.5	112920
149	1033473600	9.3	112920
149	1036152000	7	112920
149	1038744000	-0.6	112920
149	1041422400	-2	112920
149	1044100800	-2.7	112920
149	1046520000	6.1	112920
149	1049198400	8.5	112920
149	1051790400	17	112920
149	1054468800	21	112920
149	1057060800	20.6	112920
149	1059739200	22.4	112920
149	1062417600	14.5	112920
149	1065009600	6.7	112920
149	1067688000	6.1	112920
149	1070280000	0.2	112920
149	1072958400	-2.1	112920
149	1075636800	1.4	112920
149	1078142400	3.4	112920
149	1080820800	9.4	112920
149	1083412800	12.5	112920
149	1086091200	16.7	112920
149	1088683200	18.5	112920
149	1091361600	19	112920
149	1094040000	14.2	112920
149	1096632000	10.7	112920
149	1099310400	4.4	112920
149	1101902400	-0.3	112920
149	1104580800	0.6	112920
149	1107259200	-2.4	112920
149	1109678400	3.1	112920
149	1112356800	9.9	112920
149	1114948800	15.3	112920
149	1117627200	17.9	112920
149	1120219200	18.8	112920
149	1122897600	16.9	112920
149	1125576000	15.3	112920
149	1128168000	10.1	112920
149	1130846400	2.8	112920
149	1133438400	-0.5	112920
149	1136116800	-4.2	112920
149	1138795200	-0.7	112920
149	1141214400	2.9	112920
149	1143892800	10.5	112920
149	1146484800	13.7	112920
149	1149163200	18	112920
149	1151755200	21.8	112920
149	1154433600	16.4	112920
149	1157112000	16.6	112920
149	1159704000	12	112920
149	1162382400	6.1	112920
149	1164974400	1.9	112920
149	1167652800	4	112920
149	1170331200	4.4	112920
149	1172750400	6.8	112920
149	1175428800	12.8	112920
149	1178020800	15.6	112920
149	1180699200	19.2	112920
149	1183291200	20.8	112920
149	1185969600	18.7	112920
149	1188648000	12.9	112920
149	1191240000	8.6	112920
149	1193918400	3.3	112920
149	1196510400	-2	112920
149	1199188800	1.8	112920
149	1201867200	3.7	112920
149	1204372800	5	112920
149	1207051200	9.7	112920
149	1209643200	15.3	112920
149	1212321600	18.2	112920
149	1214913600	19.4	112920
149	1217592000	18.8	112920
149	1220270400	13.4	112920
149	1222862400	10.7	112920
149	1225540800	4.8	112920
149	1228132800	0.6	112920
157	-3313396800	-1.3	113800
157	-3310718400	-6	113800
157	-3308299200	-1	113800
157	-3305620800	8.9	113800
157	-3303028800	14.6	113800
157	-3300350400	14	113800
157	-3297758400	18.5	113800
157	-3295080000	16	113800
157	-3292401600	12.6	113800
157	-3289809600	8.3	113800
157	-3287131200	3.9	113800
157	-3284539200	-2.4	113800
157	-3281860800	0.8	113800
157	-3279182400	3	113800
157	-3276763200	3.6	113800
157	-3274084800	9.5	113800
157	-3271492800	9.7	113800
157	-3268814400	16.3	113800
157	-3266222400	15.5	113800
157	-3263544000	14.1	113800
157	-3260865600	13.6	113800
157	-3258273600	5.1	113800
157	-3255595200	3.4	113800
157	-3253003200	-0.6	113800
157	-3250324800	-0.9	113800
157	-3247646400	2.8	113800
157	-3245227200	2	113800
157	-3242548800	8	113800
157	-3239956800	11.2	113800
157	-3237278400	14.5	113800
157	-3234686400	15.7	113800
157	-3232008000	15.8	113800
157	-3229329600	13.1	113800
157	-3226737600	7.2	113800
157	-3224059200	0.6	113800
157	-3221467200	-2.4	113800
157	-3218788800	-2.5	113800
157	-3216110400	2.2	113800
157	-3213604800	2.2	113800
157	-3210926400	6.8	113800
157	-3208334400	15.5	113800
157	-3205656000	15.1	113800
157	-3203064000	16.7	113800
157	-3200385600	16.6	113800
157	-3197707200	14.4	113800
157	-3195115200	10.1	113800
157	-3192436800	1.7	113800
157	-3189844800	2.5	113800
157	-3187166400	-3.5	113800
157	-3184488000	4.1	113800
157	-3182068800	1.2	113800
157	-3179390400	9.4	113800
157	-3176798400	14.5	113800
157	-3174120000	13.7	113800
157	-3171528000	17.6	113800
157	-3168849600	15.6	113800
157	-3166171200	14.4	113800
157	-3163579200	5.7	113800
157	-3160900800	3.5	113800
157	-3158308800	0.8	113800
157	-3155630400	-2.2	113800
157	-3152952000	-5.8	113800
157	-3150532800	0.3	113800
157	-3147854400	5.9	113800
157	-3145262400	13.6	113800
157	-3142584000	15.6	113800
157	-3139992000	17.9	113800
157	-3137313600	14.8	113800
157	-3134635200	11.2	113800
157	-3132043200	7.2	113800
157	-3129364800	5.2	113800
157	-3126772800	-4.6	113800
157	-3124094400	-4.2	113800
157	-3121416000	-1.8	113800
157	-3118996800	2.5	113800
157	-3116318400	7.7	113800
157	-3113726400	9	113800
157	-3111048000	13.2	113800
157	-3108456000	17.9	113800
157	-3105777600	16.5	113800
157	-3103099200	12.9	113800
157	-3100507200	5.7	113800
157	-3097828800	1.1	113800
157	-3095236800	-7.2	113800
157	-3092558400	-1.9	113800
157	-3089880000	-0.3	113800
157	-3087374400	4.1	113800
157	-3084696000	9.8	113800
157	-3082104000	13.9	113800
157	-3079425600	15.1	113800
157	-3076833600	17.1	113800
157	-3074155200	14.8	113800
157	-3071476800	13.2	113800
157	-3068884800	11.3	113800
157	-3066206400	4.8	113800
157	-3063614400	2.7	113800
157	-3060936000	0.3	113800
157	-3058257600	-0.5	113800
157	-3055838400	5.6	113800
157	-3053160000	6.2	113800
157	-3050568000	9.6	113800
157	-3047889600	14.9	113800
157	-3045297600	18.5	113800
157	-3042619200	18	113800
157	-3039940800	11.5	113800
157	-3037348800	10.4	113800
157	-3034670400	3.3	113800
157	-3032078400	-1.2	113800
157	-3029400000	-2.2	113800
157	-3026721600	-0.8	113800
157	-3024302400	1.7	113800
157	-3021624000	8.3	113800
157	-3019032000	8.2	113800
157	-3016353600	15.2	113800
157	-3013761600	18.9	113800
157	-3011083200	15.2	113800
157	-3008404800	14.2	113800
157	-3005812800	7.5	113800
157	-3003134400	-1	113800
157	-3000542400	-2.1	113800
157	-2997864000	-1.5	113800
157	-2995185600	-5.6	113800
157	-2992766400	-2	113800
157	-2990088000	6.1	113800
157	-2987496000	12.4	113800
157	-2984817600	17.2	113800
157	-2982225600	16.6	113800
157	-2979547200	16.9	113800
157	-2976868800	11.2	113800
157	-2974276800	6.3	113800
157	-2971598400	2	113800
157	-2969006400	-4.1	113800
157	-2966328000	-5.3	113800
157	-2963649600	-1.8	113800
157	-2961144000	3.6	113800
157	-2958465600	8.4	113800
157	-2955873600	8.2	113800
157	-2953195200	15.5	113800
157	-2950603200	17	113800
157	-2947924800	15.9	113800
157	-2945246400	11.3	113800
157	-2942654400	7.8	113800
157	-2939976000	-0.9	113800
157	-2937384000	1.4	113800
157	-2934705600	1.5	113800
157	-2932027200	1.1	113800
157	-2929608000	1.3	113800
157	-2926929600	6.4	113800
157	-2924337600	10.4	113800
157	-2921659200	17.2	113800
157	-2919067200	16.7	113800
157	-2916388800	18.4	113800
157	-2913710400	9.6	113800
157	-2911118400	5.8	113800
157	-2908440000	3.7	113800
157	-2905848000	-0.9	113800
157	-2903169600	-3.1	113800
157	-2900491200	1.6	113800
157	-2898072000	2	113800
157	-2895393600	7.7	113800
157	-2892801600	11.3	113800
157	-2890123200	15.1	113800
157	-2887531200	15.5	113800
157	-2884852800	15.8	113800
157	-2882174400	13.7	113800
157	-2879582400	9.3	113800
157	-2876904000	3	113800
157	-2874312000	-2.7	113800
157	-2871633600	-3.1	113800
157	-2868955200	1.4	113800
157	-2866536000	1.8	113800
157	-2863857600	7.1	113800
157	-2861265600	9.8	113800
157	-2858587200	16.1	113800
157	-2855995200	14.9	113800
157	-2853316800	17.2	113800
157	-2850638400	13.4	113800
157	-2848046400	6.5	113800
157	-2845368000	0.2	113800
157	-2842776000	-7.7	113800
157	-2840097600	-2.9	113800
157	-2837419200	-1.5	113800
157	-2834913600	2.3	113800
157	-2832235200	9.9	113800
157	-2829643200	10.5	113800
157	-2826964800	14	113800
157	-2824372800	17.8	113800
157	-2821694400	14.2	113800
157	-2819016000	13	113800
157	-2816424000	8.9	113800
157	-2813745600	3.4	113800
157	-2811153600	2.6	113800
157	-2808475200	-5.7	113800
157	-2805796800	-0.9	113800
157	-2803377600	4.1	113800
157	-2800699200	5.2	113800
157	-2798107200	11.2	113800
157	-2795428800	14.3	113800
157	-2792836800	19.1	113800
157	-2790158400	17.4	113800
157	-2787480000	11.4	113800
157	-2784888000	5.1	113800
157	-2782209600	2.4	113800
157	-2779617600	-0.2	113800
157	-2776939200	0.1	113800
157	-2774260800	0	113800
157	-2771841600	7.8	113800
157	-2769163200	7.6	113800
157	-2766571200	12.3	113800
157	-2763892800	14	113800
157	-2761300800	17.1	113800
157	-2758622400	14.7	113800
157	-2755944000	13.6	113800
157	-2753352000	9.5	113800
157	-2750673600	3.6	113800
157	-2748081600	0.8	113800
157	-2745403200	-2.2	113800
157	-2742724800	0.5	113800
157	-2740305600	-1.2	113800
157	-2737627200	5.4	113800
157	-2735035200	12.4	113800
157	-2732356800	15.7	113800
157	-2729764800	16.7	113800
157	-2727086400	16.6	113800
157	-2724408000	13.4	113800
157	-2721816000	8.6	113800
157	-2719137600	2.1	113800
157	-2716545600	-0.4	113800
157	-2713867200	-0.7	113800
157	-2711188800	0.3	113800
157	-2708683200	3.9	113800
157	-2706004800	6.5	113800
157	-2703412800	12.4	113800
157	-2700734400	12.7	113800
157	-2698142400	17.8	113800
157	-2695464000	15.7	113800
157	-2692785600	12.9	113800
157	-2690193600	6.7	113800
157	-2687515200	0.8	113800
157	-2684923200	-0.1	113800
157	-2682244800	-4.7	113800
157	-2679566400	0.8	113800
157	-2677147200	3.2	113800
157	-2674468800	8.4	113800
157	-2671876800	10.1	113800
157	-2669198400	15.7	113800
157	-2666606400	18.1	113800
157	-2663928000	15.4	113800
157	-2661249600	13.3	113800
157	-2658657600	8.8	113800
157	-2655979200	3.4	113800
157	-2653387200	-1.7	113800
157	-2650708800	-3.1	113800
157	-2648030400	-2.8	113800
157	-2645611200	0.6	113800
157	-2642932800	8.7	113800
157	-2640340800	12.6	113800
157	-2637662400	14.1	113800
157	-2635070400	17.1	113800
157	-2632392000	16.5	113800
157	-2629713600	14.6	113800
157	-2627121600	9.6	113800
157	-2624443200	4.5	113800
157	-2621851200	1	113800
157	-2619172800	-3.5	113800
157	-2616494400	-2.8	113800
157	-2614075200	1.5	113800
157	-2611396800	8.3	113800
157	-2608804800	11.3	113800
157	-2606126400	14.8	113800
157	-2603534400	18.7	113800
157	-2600856000	16.5	113800
157	-2598177600	13.3	113800
157	-2595585600	5.5	113800
157	-2592907200	3.8	113800
157	-2590315200	-1.7	113800
157	-2587636800	-3.5	113800
157	-2584958400	-3.3	113800
157	-2582452800	1.4	113800
157	-2579774400	5.9	113800
157	-2577182400	13.2	113800
157	-2574504000	15.4	113800
157	-2571912000	15.5	113800
157	-2569233600	15.3	113800
157	-2566555200	12.5	113800
157	-2563963200	6.4	113800
157	-2561284800	1	113800
157	-2558692800	-0.5	113800
157	-2556014400	-3.8	113800
157	-2553336000	-1.8	113800
157	-2550916800	0.7	113800
157	-2548238400	7.6	113800
157	-2545646400	14	113800
157	-2542968000	17.1	113800
157	-2540376000	16.7	113800
157	-2537697600	15.6	113800
157	-2535019200	10.9	113800
157	-2532427200	9.9	113800
157	-2529748800	0.5	113800
157	-2527156800	-4.2	113800
157	-2524478400	0.3	113800
157	-2521800000	-4.1	113800
157	-2519380800	4.7	113800
157	-2516702400	7.7	113800
157	-2514110400	13.4	113800
157	-2511432000	13.6	113800
157	-2508840000	16.5	113800
157	-2506161600	18.4	113800
157	-2503483200	12	113800
157	-2500891200	6.9	113800
157	-2498212800	2.4	113800
157	-2495620800	-7.3	113800
157	-2492942400	-6	113800
157	-2490264000	-3.9	113800
157	-2487844800	3.6	113800
157	-2485166400	5.1	113800
157	-2482574400	13.9	113800
157	-2479896000	15.1	113800
157	-2477304000	16.9	113800
157	-2474625600	15.2	113800
157	-2471947200	13.2	113800
157	-2469355200	10	113800
157	-2466676800	1.6	113800
157	-2464084800	-0.3	113800
157	-2461406400	-2.7	113800
157	-2458728000	0.4	113800
157	-2456222400	0.6	113800
157	-2453544000	7.7	113800
157	-2450952000	11.9	113800
157	-2448273600	15.6	113800
157	-2445681600	17	113800
157	-2443003200	18.3	113800
157	-2440324800	12.9	113800
157	-2437732800	7.2	113800
157	-2435054400	-0.7	113800
157	-2432462400	-3.4	113800
157	-2429784000	-7.2	113800
157	-2427105600	1.4	113800
157	-2424686400	2.9	113800
157	-2422008000	6.7	113800
157	-2419416000	11	113800
157	-2416737600	15	113800
157	-2414145600	16.9	113800
157	-2411467200	16.5	113800
157	-2408788800	12.7	113800
157	-2406196800	9.1	113800
157	-2403518400	1.3	113800
157	-2400926400	-0.8	113800
157	-2398248000	-5.3	113800
157	-2395569600	1.1	113800
157	-2393150400	3.9	113800
157	-2390472000	8.9	113800
157	-2387880000	12.5	113800
157	-2385201600	14.4	113800
157	-2382609600	18.5	113800
157	-2379931200	15.9	113800
157	-2377252800	11.1	113800
157	-2374660800	8.3	113800
157	-2371982400	3	113800
157	-2369390400	-1.8	113800
157	-2366712000	-2.7	113800
157	-2364033600	-6.5	113800
157	-2361614400	1.2	113800
157	-2358936000	7	113800
157	-2356344000	11.3	113800
157	-2353665600	15.3	113800
157	-2351073600	18.3	113800
157	-2348395200	15.9	113800
157	-2345716800	13.7	113800
157	-2343124800	7.8	113800
157	-2340446400	4	113800
157	-2337854400	-1.2	113800
157	-2335176000	-5.3	113800
157	-2332497600	-1.3	113800
157	-2329992000	4	113800
157	-2327313600	4.9	113800
157	-2324721600	10.4	113800
157	-2322043200	15.9	113800
157	-2319451200	17.5	113800
157	-2316772800	14.5	113800
157	-2314094400	13.1	113800
157	-2311502400	10.3	113800
157	-2308824000	1.7	113800
157	-2306232000	0	113800
157	-2303553600	-2.4	113800
157	-2300875200	1.7	113800
157	-2298456000	6.2	113800
157	-2295777600	7	113800
157	-2293185600	10.4	113800
157	-2290507200	16.3	113800
157	-2287915200	17.3	113800
157	-2285236800	16.8	113800
157	-2282558400	13	113800
157	-2279966400	6.2	113800
157	-2277288000	0.3	113800
157	-2274696000	-1.6	113800
157	-2272017600	0.4	113800
157	-2269339200	1.4	113800
157	-2266920000	3.7	113800
157	-2264241600	8.7	113800
157	-2261649600	12.8	113800
157	-2258971200	14.6	113800
157	-2256379200	16.2	113800
157	-2253700800	16.8	113800
157	-2251022400	13.2	113800
157	-2248430400	8.5	113800
157	-2245752000	5.3	113800
157	-2243160000	0.7	113800
157	-2240481600	1.3	113800
157	-2237803200	0.8	113800
157	-2235384000	2.2	113800
157	-2232705600	7.8	113800
157	-2230113600	11.1	113800
157	-2227435200	14.3	113800
157	-2224843200	17	113800
157	-2222164800	16.3	113800
157	-2219486400	12.2	113800
157	-2216894400	6.3	113800
157	-2214216000	5.1	113800
157	-2211624000	-4.4	113800
157	-2208945600	-0.4	113800
157	-2206267200	1.9	113800
157	-2203848000	-0.5	113800
157	-2201169600	5.9	113800
157	-2198577600	11.6	113800
157	-2195899200	16.2	113800
157	-2193307200	18.7	113800
157	-2190628800	15.6	113800
157	-2187950400	13.5	113800
157	-2185358400	8.4	113800
157	-2182680000	4.9	113800
157	-2180088000	0.5	113800
157	-2177409600	-6.3	113800
157	-2174731200	-4.3	113800
157	-2172312000	2.8	113800
157	-2169633600	8	113800
157	-2167041600	12.4	113800
157	-2164363200	16.6	113800
157	-2161771200	17.9	113800
157	-2159092800	16.4	113800
157	-2156414400	11.3	113800
157	-2153822400	8.4	113800
157	-2151144000	1.4	113800
157	-2148552000	2.4	113800
157	-2145873600	2.5	113800
157	-2143195200	-0.9	113800
157	-2140776000	2.6	113800
157	-2138097600	7.3	113800
157	-2135505600	8.8	113800
157	-2132827200	14.3	113800
157	-2130235200	16.1	113800
157	-2127556800	15.9	113800
157	-2124878400	11.6	113800
157	-2122286400	7.1	113800
157	-2119608000	-0.6	113800
157	-2117016000	-3.5	113800
157	-2114337600	-2.9	113800
157	-2111659200	2.9	113800
157	-2109240000	5.2	113800
157	-2106561600	4.8	113800
157	-2103969600	11.8	113800
157	-2101291200	15	113800
157	-2098699200	16.3	113800
157	-2096020800	15.8	113800
157	-2093342400	11.7	113800
157	-2090750400	9.1	113800
157	-2088072000	4.2	113800
157	-2085480000	-0.3	113800
157	-2082801600	-3.2	113800
157	-2080123200	1.9	113800
157	-2077617600	3.2	113800
157	-2074939200	8.3	113800
157	-2072347200	12.1	113800
157	-2069668800	16.2	113800
157	-2067076800	19	113800
157	-2064398400	16.1	113800
157	-2061720000	10.4	113800
157	-2059128000	7.7	113800
157	-2056449600	3.1	113800
157	-2053857600	0.3	113800
157	-2051179200	-3.6	113800
157	-2048500800	0	113800
157	-2046081600	4.8	113800
157	-2043403200	6.1	113800
157	-2040811200	11.9	113800
157	-2038132800	15.7	113800
157	-2035540800	18.7	113800
157	-2032862400	16.9	113800
157	-2030184000	13.5	113800
157	-2027592000	3.8	113800
157	-2024913600	4	113800
157	-2022321600	0.4	113800
157	-2019643200	-1	113800
157	-2016964800	0	113800
157	-2014545600	3.2	113800
157	-2011867200	7.2	113800
157	-2009275200	13	113800
157	-2006596800	13.8	113800
157	-2004004800	17.1	113800
157	-2001326400	16	113800
157	-1998648000	10.8	113800
157	-1996056000	7	113800
157	-1993377600	5.8	113800
157	-1990785600	-1.4	113800
157	-1988107200	-1.4	113800
157	-1985428800	-1.1	113800
157	-1983009600	1.2	113800
157	-1980331200	4.8	113800
157	-1977739200	13.5	113800
157	-1975060800	16	113800
157	-1972468800	16	113800
157	-1969790400	16.6	113800
157	-1967112000	12.2	113800
157	-1964520000	11.7	113800
157	-1961841600	1.9	113800
157	-1959249600	0.9	113800
157	-1956571200	-2.6	113800
157	-1953892800	0.6	113800
157	-1951387200	1.6	113800
157	-1948708800	5.3	113800
157	-1946116800	14.6	113800
157	-1943438400	16.8	113800
157	-1940846400	16.8	113800
157	-1938168000	15	113800
157	-1935489600	10.7	113800
157	-1932897600	6.2	113800
157	-1930219200	-0.4	113800
157	-1927627200	-2.1	113800
157	-1924948800	-3.9	113800
157	-1922270400	-4.5	113800
157	-1919851200	1.2	113800
157	-1917172800	8.4	113800
157	-1914580800	10.6	113800
157	-1911902400	14.2	113800
157	-1909310400	15	113800
157	-1906632000	16.2	113800
157	-1903953600	12.2	113800
157	-1901361600	9.3	113800
157	-1898683200	1.3	113800
157	-1896091200	1.4	113800
157	-1893412800	0.4	113800
157	-1890734400	1.9	113800
157	-1888315200	3.4	113800
157	-1885636800	6.9	113800
157	-1883044800	11.1	113800
157	-1880366400	15.4	113800
157	-1877774400	15.5	113800
157	-1875096000	15.5	113800
157	-1872417600	10.5	113800
157	-1869825600	7.4	113800
157	-1867147200	2.4	113800
157	-1864555200	3.1	113800
157	-1861876800	-2.8	113800
157	-1859198400	-0.3	113800
157	-1856779200	3.2	113800
157	-1854100800	6.3	113800
157	-1851508800	11.5	113800
157	-1848830400	14.6	113800
157	-1846238400	18	113800
157	-1843560000	17.5	113800
157	-1840881600	14.1	113800
157	-1838289600	7.9	113800
157	-1835611200	5.2	113800
157	-1833019200	1.5	113800
157	-1830340800	-3	113800
157	-1827662400	2.3	113800
157	-1825156800	6.1	113800
157	-1822478400	6	113800
157	-1819886400	11.3	113800
157	-1817208000	15.5	113800
157	-1814616000	16.8	113800
157	-1811937600	14.6	113800
157	-1809259200	8.7	113800
157	-1806667200	5.6	113800
157	-1803988800	1.1	113800
157	-1801396800	1.4	113800
157	-1798718400	-3.1	113800
157	-1796040000	-1.4	113800
157	-1793620800	5.5	113800
157	-1790942400	7.8	113800
157	-1788350400	11.9	113800
157	-1785672000	15.3	113800
157	-1783080000	13.8	113800
157	-1780401600	14.2	113800
157	-1777723200	12.5	113800
157	-1775131200	8.7	113800
157	-1772452800	5.3	113800
157	-1769860800	1.1	113800
157	-1767182400	-3.8	113800
157	-1764504000	-1.2	113800
157	-1762084800	3.6	113800
157	-1759406400	8.8	113800
157	-1756814400	11.1	113800
157	-1754136000	14.1	113800
157	-1751544000	15.1	113800
157	-1748865600	15.3	113800
157	-1746187200	11.2	113800
157	-1743595200	7.9	113800
157	-1740916800	4.1	113800
157	-1738324800	1.2	113800
157	-1735646400	0.2	113800
157	-1732968000	-0.6	113800
157	-1730548800	1.9	113800
157	-1727870400	7.9	113800
157	-1725278400	13	113800
157	-1722600000	18	113800
157	-1720008000	15.8	113800
157	-1717329600	14.8	113800
157	-1714651200	10.7	113800
157	-1712059200	5.2	113800
157	-1709380800	0.4	113800
157	-1706788800	3.5	113800
157	-1704110400	3.5	113800
157	-1701432000	0.4	113800
157	-1698926400	5.4	113800
157	-1696248000	7.3	113800
157	-1693656000	12.6	113800
157	-1690977600	13.7	113800
157	-1688385600	16.7	113800
157	-1685707200	15.8	113800
157	-1683028800	10.3	113800
157	-1680436800	7.3	113800
157	-1677758400	4.7	113800
157	-1675166400	2.7	113800
157	-1672488000	-2.9	113800
157	-1669809600	-5.5	113800
157	-1667390400	0.8	113800
157	-1664712000	4.4	113800
157	-1662120000	13	113800
157	-1659441600	16.6	113800
157	-1656849600	17.5	113800
157	-1654171200	16.7	113800
157	-1651492800	13.3	113800
157	-1648900800	8	113800
157	-1646222400	3.7	113800
157	-1643630400	-2.9	113800
157	-1640952000	-0.3	113800
157	-1638273600	-0.6	113800
157	-1635854400	3.2	113800
157	-1633176000	9	113800
157	-1630584000	11.9	113800
157	-1627905600	12.3	113800
157	-1625313600	15.8	113800
157	-1622635200	15.2	113800
157	-1619956800	13.6	113800
157	-1617364800	8.2	113800
157	-1614686400	1.7	113800
157	-1612094400	1.4	113800
157	-1609416000	1.1	113800
157	-1606737600	-2.6	113800
157	-1604318400	2.9	113800
157	-1601640000	4	113800
157	-1599048000	8.1	113800
157	-1596369600	14.5	113800
157	-1593777600	14.4	113800
157	-1591099200	16.6	113800
157	-1588420800	13.9	113800
157	-1585828800	6.3	113800
157	-1583150400	1.7	113800
157	-1580558400	-0.3	113800
157	-1577880000	1.5	113800
157	-1575201600	0.9	113800
157	-1572696000	5	113800
157	-1570017600	9.2	113800
157	-1567425600	13.4	113800
157	-1564747200	13.1	113800
157	-1562155200	18	113800
157	-1559476800	15.1	113800
157	-1556798400	12.9	113800
157	-1554206400	6	113800
157	-1551528000	-1.1	113800
157	-1548936000	0.7	113800
157	-1546257600	4	113800
157	-1543579200	0.4	113800
157	-1541160000	5.3	113800
157	-1538481600	5.7	113800
157	-1535889600	13.7	113800
157	-1533211200	15	113800
157	-1530619200	18.4	113800
157	-1527940800	17.7	113800
157	-1525262400	12.7	113800
157	-1522670400	9.2	113800
157	-1519992000	0	113800
157	-1517400000	-1.7	113800
157	-1514721600	-1.5	113800
157	-1512043200	-1.6	113800
157	-1509624000	4.3	113800
157	-1506945600	6.8	113800
157	-1504353600	13.8	113800
157	-1501675200	16	113800
157	-1499083200	18.2	113800
157	-1496404800	15.9	113800
157	-1493726400	11.5	113800
157	-1491134400	5.6	113800
157	-1488456000	1.5	113800
157	-1485864000	1.9	113800
157	-1483185600	0.5	113800
157	-1480507200	0.3	113800
157	-1478088000	3.7	113800
157	-1475409600	6.7	113800
157	-1472817600	13.1	113800
157	-1470139200	12	113800
157	-1467547200	17.2	113800
157	-1464868800	16.4	113800
157	-1462190400	12.6	113800
157	-1459598400	10.4	113800
157	-1456920000	4	113800
157	-1454328000	-1.6	113800
157	-1451649600	-3.1	113800
157	-1448971200	-3.3	113800
157	-1446465600	2.3	113800
157	-1443787200	6.9	113800
157	-1441195200	14	113800
157	-1438516800	14.6	113800
157	-1435924800	16.7	113800
157	-1433246400	14.3	113800
157	-1430568000	13.5	113800
157	-1427976000	7.9	113800
157	-1425297600	1.6	113800
157	-1422705600	-2.3	113800
157	-1420027200	0.2	113800
157	-1417348800	3.6	113800
157	-1414929600	1.4	113800
157	-1412251200	7.5	113800
157	-1409659200	12.8	113800
157	-1406980800	14	113800
157	-1404388800	16.4	113800
157	-1401710400	16.1	113800
157	-1399032000	10.7	113800
157	-1396440000	8.2	113800
157	-1393761600	2	113800
157	-1391169600	-0.6	113800
157	-1388491200	-1.3	113800
157	-1385812800	3.9	113800
157	-1383393600	3.4	113800
157	-1380715200	8.8	113800
157	-1378123200	11.2	113800
157	-1375444800	13.3	113800
157	-1372852800	16.1	113800
157	-1370174400	14.7	113800
157	-1367496000	13.8	113800
157	-1364904000	9	113800
157	-1362225600	8.5	113800
157	-1359633600	0.7	113800
157	-1356955200	0.4	113800
157	-1354276800	-0.2	113800
157	-1351857600	5.3	113800
157	-1349179200	7.9	113800
157	-1346587200	11.5	113800
157	-1343908800	15.8	113800
157	-1341316800	17.8	113800
157	-1338638400	16.5	113800
157	-1335960000	13.3	113800
157	-1333368000	7.3	113800
157	-1330689600	3.4	113800
157	-1328097600	-3.9	113800
157	-1325419200	0.1	113800
157	-1322740800	0.7	113800
157	-1320235200	1.6	113800
157	-1317556800	8.5	113800
157	-1314964800	9.5	113800
157	-1312286400	14.9	113800
157	-1309694400	18.8	113800
157	-1307016000	17.1	113800
157	-1304337600	12.2	113800
157	-1301745600	8.4	113800
157	-1299067200	6.3	113800
157	-1296475200	-2.3	113800
157	-1293796800	-6.1	113800
157	-1291118400	-10.2	113800
157	-1288699200	1.8	113800
157	-1286020800	5	113800
157	-1283428800	12.9	113800
157	-1280750400	15.5	113800
157	-1278158400	18	113800
157	-1275480000	18	113800
157	-1272801600	14.4	113800
157	-1270209600	9.5	113800
157	-1267531200	4.9	113800
157	-1264939200	2.3	113800
157	-1262260800	-0.6	113800
157	-1259582400	-2.4	113800
157	-1257163200	5.4	113800
157	-1254484800	8.1	113800
157	-1251892800	11.3	113800
157	-1249214400	17.1	113800
157	-1246622400	17.3	113800
157	-1243944000	15.7	113800
157	-1241265600	13.8	113800
157	-1238673600	7.9	113800
157	-1235995200	6.4	113800
157	-1233403200	-0.9	113800
157	-1230724800	-0.6	113800
157	-1228046400	-0.2	113800
157	-1225627200	-0.1	113800
157	-1222948800	5.1	113800
157	-1220356800	15.1	113800
157	-1217678400	17.5	113800
157	-1215086400	17.9	113800
157	-1212408000	15.2	113800
157	-1209729600	9.3	113800
157	-1207137600	7	113800
157	-1204459200	2.5	113800
157	-1201867200	-1.7	113800
157	-1199188800	0	113800
157	-1196510400	-4.6	113800
157	-1194004800	-0.5	113800
157	-1191326400	7.3	113800
157	-1188734400	12.8	113800
157	-1186056000	14.3	113800
157	-1183464000	18.2	113800
157	-1180785600	17.7	113800
157	-1178107200	16.4	113800
157	-1175515200	8.4	113800
157	-1172836800	2.6	113800
157	-1170244800	-1.5	113800
157	-1167566400	-5	113800
157	-1164888000	0.2	113800
157	-1162468800	3.7	113800
157	-1159790400	6	113800
157	-1157198400	10.8	113800
157	-1154520000	13	113800
157	-1151928000	16.9	113800
157	-1149249600	16.3	113800
157	-1146571200	12.4	113800
157	-1143979200	7.8	113800
157	-1141300800	2.3	113800
157	-1138708800	-6.4	113800
157	-1136030400	-2.3	113800
157	-1133352000	0.2	113800
157	-1130932800	5.7	113800
157	-1128254400	10.5	113800
157	-1125662400	13.7	113800
157	-1122984000	15.1	113800
157	-1120392000	17.7	113800
157	-1117713600	16.4	113800
157	-1115035200	14.2	113800
157	-1112443200	8.5	113800
157	-1109764800	4.9	113800
157	-1107172800	4.6	113800
157	-1104494400	-3.3	113800
157	-1101816000	0.7	113800
157	-1099396800	2	113800
157	-1096718400	8.1	113800
157	-1094126400	10.9	113800
157	-1091448000	18	113800
157	-1088856000	18.5	113800
157	-1086177600	16.4	113800
157	-1083499200	14	113800
157	-1080907200	10.1	113800
157	-1078228800	4.8	113800
157	-1075636800	0.5	113800
157	-1072958400	3.9	113800
157	-1070280000	1	113800
157	-1067774400	5.9	113800
157	-1065096000	8.3	113800
157	-1062504000	12.5	113800
157	-1059825600	15.4	113800
157	-1057233600	18.2	113800
157	-1054555200	16.1	113800
157	-1051876800	12.9	113800
157	-1049284800	5.1	113800
157	-1046606400	3.4	113800
157	-1044014400	0.5	113800
157	-1041336000	-2.8	113800
157	-1038657600	1.5	113800
157	-1036238400	4.8	113800
157	-1033560000	7.5	113800
157	-1030968000	14.1	113800
157	-1028289600	17	113800
157	-1025697600	17.2	113800
157	-1023019200	16.2	113800
157	-1020340800	13	113800
157	-1017748800	10.1	113800
157	-1015070400	3.7	113800
157	-1012478400	-0.1	113800
157	-1009800000	0.6	113800
157	-1007121600	0.1	113800
157	-1004702400	6.7	113800
157	-1002024000	4.9	113800
157	-999432000	11.5	113800
157	-996753600	16.2	113800
157	-994161600	17.2	113800
157	-991483200	16	113800
157	-988804800	12.1	113800
157	-986212800	10	113800
157	-983534400	5.6	113800
157	-980942400	-1.7	113800
157	-978264000	1.1	113800
157	-975585600	0.7	113800
157	-973166400	0.5	113800
157	-970488000	10.4	113800
157	-967896000	11.1	113800
157	-965217600	15.7	113800
157	-962625600	17	113800
157	-959947200	16.3	113800
157	-957268800	11.3	113800
157	-954676800	6.7	113800
157	-951998400	3.6	113800
157	-949406400	-2.2	113800
157	-946728000	-9.4	113800
157	-944049600	-6	113800
157	-941544000	2.1	113800
157	-938865600	7.9	113800
157	-936273600	10.2	113800
157	-933595200	15.2	113800
157	-931003200	16.7	113800
157	-928324800	14.2	113800
157	-925646400	12.6	113800
157	-923054400	6.9	113800
157	-920376000	5.8	113800
157	-917784000	-4.9	113800
157	-915105600	-4	113800
157	-912427200	1.4	113800
157	-910008000	4.4	113800
157	-907329600	5.9	113800
157	-904737600	9.7	113800
157	-902059200	15.4	113800
157	-899467200	17.1	113800
157	-896788800	15.8	113800
157	-894110400	11.5	113800
157	-891518400	7.3	113800
157	-888840000	0.3	113800
157	-886248000	-0.2	113800
157	-883569600	-7.2	113800
157	-880891200	-4	113800
157	-878472000	1.3	113800
157	-875793600	6.1	113800
157	-873201600	12.4	113800
157	-870523200	15	113800
157	-867931200	16.3	113800
157	-865252800	16.4	113800
157	-862574400	15.4	113800
157	-859982400	10.9	113800
157	-857304000	2.6	113800
157	-854712000	1.8	113800
157	-852033600	-4.4	113800
157	-849355200	2.5	113800
157	-846936000	3.4	113800
157	-844257600	8.4	113800
157	-841665600	11.2	113800
157	-838987200	13.6	113800
157	-836395200	16.9	113800
157	-833716800	18	113800
157	-831038400	14.7	113800
157	-828446400	8.8	113800
157	-825768000	2.1	113800
157	-823176000	0.1	113800
157	-820497600	2.8	113800
157	-817819200	-1.4	113800
157	-815313600	0.3	113800
157	-812635200	7.5	113800
157	-810043200	11.2	113800
157	-807364800	14.8	113800
157	-804772800	17.1	113800
157	-802094400	17.9	113800
157	-799416000	12.4	113800
157	-796824000	8.8	113800
157	-794145600	3.6	113800
157	-791553600	-2.2	113800
157	-788875200	-5.3	113800
157	-786196800	2.6	113800
157	-783777600	4.7	113800
157	-781099200	8.2	113800
157	-778507200	12.9	113800
157	-775828800	16.6	113800
157	-773236800	18.4	113800
157	-770558400	17.6	113800
157	-767880000	13.4	113800
157	-765288000	8.6	113800
157	-762609600	2.9	113800
157	-760017600	1.1	113800
157	-757339200	-3.8	113800
157	-754660800	1.8	113800
157	-752241600	4.4	113800
157	-749563200	9.8	113800
157	-746971200	14.1	113800
157	-744292800	16.3	113800
157	-741700800	18.5	113800
157	-739022400	17.9	113800
157	-736344000	14.7	113800
157	-733752000	6.3	113800
157	-731073600	2.9	113800
157	-728481600	-3.6	113800
157	-725803200	-6.7	113800
157	-723124800	-4.4	113800
157	-720705600	2.9	113800
157	-718027200	10.1	113800
157	-715435200	13.3	113800
157	-712756800	17.1	113800
157	-710164800	18.6	113800
157	-707486400	16.6	113800
157	-704808000	15.4	113800
157	-702216000	5.7	113800
157	-699537600	6.5	113800
157	-696945600	0.6	113800
157	-694267200	3.6	113800
157	-691588800	-0.7	113800
157	-689083200	5.1	113800
157	-686404800	9.2	113800
157	-683812800	14	113800
157	-681134400	15.1	113800
157	-678542400	15.8	113800
157	-675864000	16.7	113800
157	-673185600	13.8	113800
157	-670593600	8.7	113800
157	-667915200	4.2	113800
157	-665323200	-2	113800
157	-662644800	0.7	113800
157	-659966400	1.2	113800
157	-657547200	0.5	113800
157	-654868800	10.1	113800
157	-652276800	12.4	113800
157	-649598400	14.5	113800
157	-647006400	17.1	113800
157	-644328000	15.9	113800
157	-641649600	14.2	113800
157	-639057600	9.1	113800
157	-636379200	4.9	113800
157	-633787200	2.4	113800
157	-631108800	-2.8	113800
157	-628430400	1.8	113800
157	-626011200	5.7	113800
157	-623332800	7.7	113800
157	-620740800	14	113800
157	-618062400	17.5	113800
157	-615470400	19.2	113800
157	-612792000	17.4	113800
157	-610113600	13.7	113800
157	-607521600	6.9	113800
157	-604843200	4.2	113800
157	-602251200	-0.3	113800
157	-599572800	1	113800
157	-596894400	2.8	113800
157	-594475200	3.3	113800
157	-591796800	7.7	113800
157	-589204800	12.3	113800
157	-586526400	15.7	113800
157	-583934400	17.1	113800
157	-581256000	17.8	113800
157	-578577600	14.4	113800
157	-575985600	5.7	113800
157	-573307200	7	113800
157	-570715200	0.7	113800
157	-568036800	0.3	113800
157	-565358400	0.2	113800
157	-562852800	0.9	113800
157	-560174400	10	113800
157	-557582400	11.7	113800
157	-554904000	15.6	113800
157	-552312000	18	113800
157	-549633600	18.3	113800
157	-546955200	10.4	113800
157	-544363200	7.6	113800
157	-541684800	1.7	113800
157	-539092800	-1.6	113800
157	-536414400	-0.8	113800
157	-533736000	0.3	113800
157	-531316800	2.8	113800
157	-528638400	8.3	113800
157	-526046400	11.7	113800
157	-523368000	16.3	113800
157	-520776000	18.3	113800
157	-518097600	15.5	113800
157	-515419200	14	113800
157	-512827200	10.2	113800
157	-510148800	2.8	113800
157	-507556800	-0.2	113800
157	-504878400	-4.5	113800
157	-502200000	-5.9	113800
157	-499780800	4.6	113800
157	-497102400	5.7	113800
157	-494510400	11.9	113800
157	-491832000	16.5	113800
157	-489240000	15.7	113800
157	-486561600	16.5	113800
157	-483883200	14.1	113800
157	-481291200	8.4	113800
157	-478612800	2.4	113800
157	-476020800	3.5	113800
157	-473342400	-2.3	113800
157	-470664000	-0.7	113800
157	-468244800	0.8	113800
157	-465566400	6	113800
157	-462974400	11.2	113800
157	-460296000	15.1	113800
157	-457704000	17.1	113800
157	-455025600	15.5	113800
157	-452347200	12.7	113800
157	-449755200	8.3	113800
157	-447076800	2.9	113800
157	-444484800	3.6	113800
157	-441806400	0.1	113800
157	-439128000	-9.4	113800
157	-436622400	1.6	113800
157	-433944000	7.2	113800
157	-431352000	12.6	113800
157	-428673600	14	113800
157	-426081600	17.8	113800
157	-423403200	17	113800
157	-420724800	14.3	113800
157	-418132800	7.8	113800
157	-415454400	1	113800
157	-412862400	-0.1	113800
157	-410184000	-1.7	113800
157	-407505600	3.1	113800
157	-405086400	5.5	113800
157	-402408000	7.4	113800
157	-399816000	9.8	113800
157	-397137600	17.7	113800
157	-394545600	17.9	113800
157	-391867200	15.6	113800
157	-389188800	12.1	113800
157	-386596800	7.4	113800
157	-383918400	4.9	113800
157	-381326400	0.3	113800
157	-378648000	-0.7	113800
157	-375969600	3.4	113800
157	-373550400	-0.4	113800
157	-370872000	5.8	113800
157	-368280000	16	113800
157	-365601600	15.1	113800
157	-363009600	17.5	113800
157	-360331200	16.5	113800
157	-357652800	13.4	113800
157	-355060800	9	113800
157	-352382400	4.1	113800
157	-349790400	2.8	113800
157	-347112000	-0.3	113800
157	-344433600	-0.6	113800
157	-342014400	5.6	113800
157	-339336000	8.7	113800
157	-336744000	11.8	113800
157	-334065600	14.8	113800
157	-331473600	18.1	113800
157	-328795200	16.4	113800
157	-326116800	11.6	113800
157	-323524800	7.4	113800
157	-320846400	3.9	113800
157	-318254400	2.8	113800
157	-315576000	-1.7	113800
157	-312897600	-1.3	113800
157	-310392000	3.6	113800
157	-307713600	7.2	113800
157	-305121600	11.6	113800
157	-302443200	15.4	113800
157	-299851200	15.6	113800
157	-297172800	16.3	113800
157	-294494400	11.8	113800
157	-291902400	9.8	113800
157	-289224000	5.4	113800
157	-286632000	1.5	113800
157	-283953600	-3.3	113800
157	-281275200	2.6	113800
157	-278856000	6.4	113800
157	-276177600	10.7	113800
157	-273585600	10.5	113800
157	-270907200	16.1	113800
157	-268315200	15.6	113800
157	-265636800	16.5	113800
157	-262958400	14.6	113800
157	-260366400	9.1	113800
157	-257688000	2.7	113800
157	-255096000	-2.2	113800
157	-252417600	0.2	113800
157	-249739200	-0.4	113800
157	-247320000	0.2	113800
157	-244641600	8.2	113800
157	-242049600	10.7	113800
157	-239371200	13.1	113800
157	-236779200	15.7	113800
157	-234100800	17.4	113800
157	-231422400	11.7	113800
157	-228830400	7.7	113800
157	-226152000	3.2	113800
157	-223560000	-5.3	113800
157	-220881600	-6.2	113800
157	-218203200	-5.6	113800
157	-215784000	1.8	113800
157	-213105600	8.8	113800
157	-210513600	11.9	113800
157	-207835200	16.2	113800
157	-205243200	17.3	113800
157	-202564800	16.7	113800
157	-199886400	14	113800
157	-197294400	8.1	113800
157	-194616000	7.3	113800
157	-192024000	-5.5	113800
157	-189345600	-5.6	113800
157	-186667200	-0.6	113800
157	-184161600	0.2	113800
157	-181483200	8.4	113800
157	-178891200	11.8	113800
157	-176212800	17.1	113800
157	-173620800	17.2	113800
157	-170942400	15.8	113800
157	-168264000	13	113800
157	-165672000	7.1	113800
157	-162993600	5.5	113800
157	-160401600	-1.7	113800
157	-157723200	1.2	113800
157	-155044800	-3.8	113800
157	-152625600	3.5	113800
157	-149947200	6.8	113800
157	-147355200	11	113800
157	-144676800	15.1	113800
157	-142084800	16.3	113800
157	-139406400	14.5	113800
157	-136728000	12.7	113800
157	-134136000	6.3	113800
157	-131457600	1.4	113800
157	-128865600	2.3	113800
157	-126187200	-3.7	113800
157	-123508800	5.9	113800
157	-121089600	3.3	113800
157	-118411200	9.4	113800
157	-115819200	12.1	113800
157	-113140800	16.2	113800
157	-110548800	15.8	113800
157	-107870400	15.2	113800
157	-105192000	13.1	113800
157	-102600000	11.1	113800
157	-99921600	2.6	113800
157	-97329600	1.2	113800
157	-94651200	-1.4	113800
157	-91972800	1.2	113800
157	-89553600	5	113800
157	-86875200	7.1	113800
157	-84283200	12.1	113800
157	-81604800	14.8	113800
157	-79012800	18.1	113800
157	-76334400	16.4	113800
157	-73656000	13.4	113800
157	-71064000	9.8	113800
157	-68385600	3.6	113800
157	-65793600	0.1	113800
157	-63115200	-1.5	113800
157	-60436800	2	113800
157	-57931200	3.7	113800
157	-55252800	8.7	113800
157	-52660800	12.7	113800
157	-49982400	16.1	113800
157	-47390400	16.5	113800
157	-44712000	15.5	113800
157	-42033600	12.9	113800
157	-39441600	8.2	113800
157	-36763200	3.9	113800
157	-34171200	-4	113800
157	-31492800	-1.4	113800
157	-28814400	-1.4	113800
157	-26395200	0.9	113800
157	-23716800	7.6	113800
157	-21124800	15.1	113800
157	-18446400	14.8	113800
157	-15854400	17.2	113800
157	-13176000	15	113800
157	-10497600	13.3	113800
157	-7905600	8.6	113800
157	-5227200	4.8	113800
157	-2635200	-4.1	113800
157	43200	-1.5	113800
157	2721600	-0.3	113800
157	5140800	1.5	113800
157	7819200	6.3	113800
157	10411200	10.5	113800
157	13089600	16	113800
157	15681600	16.4	113800
157	18360000	16.3	113800
157	21038400	12.6	113800
157	23630400	7.3	113800
157	26308800	6	113800
157	28900800	-0.9	113800
157	31579200	-2.3	113800
157	34257600	1.3	113800
157	36676800	0.2	113800
157	39355200	8.5	113800
157	41947200	13.4	113800
157	44625600	14.8	113800
157	47217600	17.2	113800
157	49896000	18.4	113800
157	52574400	11.3	113800
157	55166400	7.1	113800
157	57844800	3.5	113800
157	60436800	2.4	113800
157	63115200	-4.3	113800
157	65793600	1.7	113800
157	68299200	5.2	113800
157	70977600	8.1	113800
157	73569600	11.9	113800
157	76248000	16.8	113800
157	78840000	17.9	113800
157	81518400	16.6	113800
157	84196800	10.2	113800
157	86788800	6	113800
157	89467200	4.3	113800
157	92059200	-1.9	113800
157	94737600	-1.4	113800
157	97416000	0.9	113800
157	99835200	3	113800
157	102513600	6.5	113800
157	105105600	13.4	113800
157	107784000	15.8	113800
157	110376000	17.8	113800
157	113054400	17	113800
157	115732800	13.9	113800
157	118324800	7	113800
157	121003200	2.4	113800
157	123595200	0	113800
157	126273600	0.6	113800
157	128952000	3	113800
157	131371200	5.1	113800
157	134049600	7.1	113800
157	136641600	11.8	113800
157	139320000	14.1	113800
157	141912000	16.8	113800
157	144590400	18.5	113800
157	147268800	13	113800
157	149860800	5.1	113800
157	152539200	3.4	113800
157	155131200	4.1	113800
157	157809600	2.6	113800
157	160488000	-1.2	113800
157	162907200	3.6	113800
157	165585600	7.2	113800
157	168177600	13.3	113800
157	170856000	14.4	113800
157	173448000	17.3	113800
157	176126400	16.6	113800
157	178804800	15	113800
157	181396800	7.4	113800
157	184075200	1.5	113800
157	186667200	0	113800
157	189345600	1.4	113800
157	192024000	0.4	113800
157	194529600	1	113800
157	197208000	7.3	113800
157	199800000	12.1	113800
157	202478400	16.2	113800
157	205070400	18.2	113800
157	207748800	14.2	113800
157	210427200	12	113800
157	213019200	9.2	113800
157	215697600	5.1	113800
157	218289600	-1.8	113800
157	220968000	-0.5	113800
157	223646400	2.6	113800
157	226065600	6.4	113800
157	228744000	7	113800
157	231336000	12.1	113800
157	234014400	16	113800
157	236606400	16.7	113800
157	239284800	15.7	113800
157	241963200	11.4	113800
157	244555200	8.5	113800
157	247233600	3.8	113800
157	249825600	-2.2	113800
157	252504000	0	113800
157	255182400	-1.3	113800
157	257601600	4.4	113800
157	260280000	5.7	113800
157	262872000	11.1	113800
157	265550400	14.3	113800
157	268142400	15.3	113800
157	270820800	15.2	113800
157	273499200	12.9	113800
157	276091200	7.9	113800
157	278769600	-0.2	113800
157	281361600	-1.2	113800
157	284040000	-4.6	113800
157	286718400	-0.9	113800
157	289137600	4	113800
157	291816000	6	113800
157	294408000	12.1	113800
157	297086400	16.7	113800
157	299678400	15.2	113800
157	302356800	15.4	113800
157	305035200	12.7	113800
157	307627200	7.2	113800
157	310305600	3.9	113800
157	312897600	3	113800
157	315576000	-4.1	113800
157	318254400	1.2	113800
157	320760000	2.7	113800
157	323438400	5.1	113800
157	326030400	9.7	113800
157	328708800	15.2	113800
157	331300800	15.4	113800
157	333979200	17.1	113800
157	336657600	12.7	113800
157	339249600	8.1	113800
157	341928000	1.4	113800
157	344520000	-0.2	113800
157	347198400	-2.9	113800
157	349876800	0.2	113800
157	352296000	6.4	113800
157	354974400	7.1	113800
157	357566400	12.5	113800
157	360244800	17	113800
157	362836800	17.1	113800
157	365515200	16.6	113800
157	368193600	13.2	113800
157	370785600	8.9	113800
157	373464000	4.5	113800
157	376056000	-1.3	113800
157	378734400	-4.3	113800
157	381412800	-2.9	113800
157	383832000	3.5	113800
157	386510400	5.8	113800
157	389102400	13	113800
157	391780800	16.5	113800
157	394372800	17.7	113800
157	397051200	17.4	113800
157	399729600	14.9	113800
157	402321600	8.5	113800
157	4.05e+08	3.8	113800
157	407592000	1.6	113800
157	410270400	3.9	113800
157	412948800	-2.5	113800
157	415368000	4.6	113800
157	418046400	9.7	113800
157	420638400	13.6	113800
157	423316800	15.8	113800
157	425908800	20	113800
157	428587200	17.2	113800
157	431265600	13.6	113800
157	433857600	8.5	113800
157	436536000	1	113800
157	439128000	0.9	113800
157	441806400	-0.1	113800
157	444484800	-1.7	113800
157	446990400	2.1	113800
157	449668800	6.5	113800
157	452260800	11.5	113800
157	454939200	14.5	113800
157	457531200	16.1	113800
157	460209600	15.8	113800
157	462888000	12.1	113800
157	465480000	8.9	113800
157	468158400	3.4	113800
157	470750400	0.2	113800
157	473428800	-6	113800
157	476107200	-3	113800
157	478526400	2.2	113800
157	481204800	8.1	113800
157	483796800	13.4	113800
157	486475200	14.1	113800
157	489067200	17.7	113800
157	491745600	16.8	113800
157	494424000	13.5	113800
157	497016000	7.2	113800
157	499694400	1.4	113800
157	502286400	3.1	113800
157	504964800	-0.8	113800
157	507643200	-6.3	113800
157	510062400	1.8	113800
157	512740800	9.6	113800
157	515332800	14.8	113800
157	518011200	15.3	113800
157	520603200	16.8	113800
157	523281600	17.3	113800
157	525960000	12.3	113800
157	528552000	8.4	113800
157	531230400	3.8	113800
157	533822400	-0.8	113800
157	536500800	-4.8	113800
157	539179200	-0.9	113800
157	541598400	-2.1	113800
157	544276800	8.6	113800
157	546868800	10.8	113800
157	549547200	15.9	113800
157	552139200	18.6	113800
157	554817600	15.7	113800
157	557496000	15.3	113800
157	560088000	9.7	113800
157	562766400	4.1	113800
157	565358400	1.6	113800
157	568036800	1.8	113800
157	570715200	1.6	113800
157	573220800	2.2	113800
157	575899200	7.7	113800
157	578491200	12.6	113800
157	581169600	15	113800
157	583761600	18.6	113800
157	586440000	17.2	113800
157	589118400	12.9	113800
157	591710400	9	113800
157	594388800	1.1	113800
157	596980800	2.3	113800
157	599659200	0.1	113800
157	602337600	2.6	113800
157	604756800	6.5	113800
157	607435200	8.7	113800
157	610027200	11.8	113800
157	612705600	14.1	113800
157	615297600	17.3	113800
157	617976000	16.5	113800
157	620654400	12.9	113800
157	623246400	9	113800
157	625924800	2	113800
157	628516800	1.3	113800
157	631195200	-0.6	113800
157	633873600	4.2	113800
157	636292800	6.8	113800
157	638971200	7.3	113800
157	641563200	12.9	113800
157	644241600	15.4	113800
157	646833600	16.6	113800
157	649512000	17.4	113800
157	652190400	11.3	113800
157	654782400	8.6	113800
157	657460800	4.5	113800
157	660052800	-0.5	113800
157	662731200	-0.8	113800
157	665409600	-3.7	113800
157	667828800	5.5	113800
157	670507200	6.4	113800
157	673099200	9.6	113800
157	675777600	15.3	113800
157	678369600	18.3	113800
157	681048000	16.8	113800
157	683726400	14	113800
157	686318400	7	113800
157	688996800	3.5	113800
157	691588800	-2.1	113800
157	694267200	1.4	113800
157	696945600	2.2	113800
157	699451200	4.4	113800
157	702129600	8.3	113800
157	704721600	13.1	113800
157	707400000	16.2	113800
157	709992000	18.7	113800
157	712670400	20.9	113800
157	715348800	13.3	113800
157	717940800	7.2	113800
157	720619200	4.9	113800
157	723211200	-1	113800
157	725889600	2	113800
157	728568000	-1.8	113800
157	730987200	2.1	113800
157	733665600	8	113800
157	736257600	14.5	113800
157	738936000	16.4	113800
157	741528000	16.5	113800
157	744206400	16.5	113800
157	746884800	13	113800
157	749476800	8.9	113800
157	752155200	0.3	113800
157	754747200	2.5	113800
157	757425600	3.5	113800
157	760104000	-0.3	113800
157	762523200	7.2	113800
157	765201600	7.7	113800
157	767793600	12.9	113800
157	770472000	16.9	113800
157	773064000	19.7	113800
157	775742400	18.8	113800
157	778420800	14.8	113800
157	781012800	7.1	113800
157	783691200	6.7	113800
157	786283200	1.2	113800
157	788961600	-0.5	113800
157	791640000	4.7	113800
157	794059200	2.8	113800
157	796737600	8.6	113800
157	799329600	12.7	113800
157	802008000	15	113800
157	804600000	19.7	113800
157	807278400	16.2	113800
157	809956800	12.3	113800
157	812548800	9.6	113800
157	815227200	0.8	113800
157	817819200	-1.5	113800
157	820497600	-2.8	113800
157	823176000	-2.9	113800
157	825681600	0.1	113800
157	828360000	7.4	113800
157	830952000	13.6	113800
157	833630400	16.5	113800
157	836222400	16	113800
157	838900800	16.2	113800
157	841579200	10.3	113800
157	844171200	9.5	113800
157	846849600	6.3	113800
157	849441600	-3.4	113800
157	852120000	-3.6	113800
157	854798400	2.6	113800
157	857217600	4.2	113800
157	859896000	5.4	113800
157	862488000	13.5	113800
157	865166400	16.1	113800
157	867758400	17	113800
157	870436800	16.8	113800
157	873115200	13.1	113800
157	875707200	6.1	113800
157	878385600	4	113800
157	880977600	2.2	113800
157	883656000	0.7	113800
157	886334400	4.8	113800
157	888753600	3	113800
157	891432000	9.5	113800
157	894024000	12.8	113800
157	896702400	17.3	113800
157	899294400	17.7	113800
157	901972800	18.1	113800
157	904651200	13.2	113800
157	907243200	9.4	113800
157	909921600	1.6	113800
157	912513600	-1.2	113800
157	915192000	0.3	113800
157	917870400	0.1	113800
157	920289600	5.4	113800
157	922968000	9.7	113800
157	925560000	13.5	113800
157	928238400	16.4	113800
157	930830400	18.5	113800
157	933508800	16.5	113800
157	936187200	14.9	113800
157	938779200	9.9	113800
157	941457600	2.3	113800
157	944049600	0.7	113800
157	946728000	-2.2	113800
157	949406400	3.7	113800
157	951912000	4.9	113800
157	954590400	11.4	113800
157	957182400	14.6	113800
157	959860800	17.7	113800
157	962452800	16.8	113800
157	965131200	18.3	113800
157	967809600	13.2	113800
157	970401600	11.6	113800
157	973080000	7	113800
157	975672000	1.1	113800
157	978350400	-0.2	113800
157	981028800	2.1	113800
157	983448000	6.5	113800
157	986126400	7.6	113800
157	988718400	15.2	113800
157	991396800	15.5	113800
157	993988800	18.8	113800
157	996667200	19	113800
157	999345600	11.8	113800
157	1001937600	11.2	113800
157	1004616000	3.1	113800
157	1007208000	-2.9	113800
157	1009886400	0.2	113800
157	1012564800	5	113800
157	1014984000	5.4	113800
157	1017662400	8.3	113800
157	1020254400	15.3	113800
157	1022932800	17.9	113800
157	1025524800	18.9	113800
157	1028203200	17.7	113800
157	1030881600	12.1	113800
157	1033473600	8.2	113800
157	1036152000	7	113800
157	1038744000	-0.8	113800
157	1041422400	-1	113800
157	1044100800	-3.6	113800
157	1046520000	4.5	113800
157	1049198400	7.3	113800
157	1051790400	16	113800
157	1054468800	19.8	113800
157	1057060800	19.4	113800
157	1059739200	20.3	113800
157	1062417600	13	113800
157	1065009600	6.1	113800
157	1067688000	5.2	113800
157	1070280000	0.1	113800
157	1072958400	-2.1	113800
157	1075636800	2.6	113800
157	1078142400	2.9	113800
157	1080820800	9.3	113800
157	1083412800	11.8	113800
157	1086091200	15.9	113800
157	1088683200	17.7	113800
157	1091361600	17.6	113800
157	1094040000	13.2	113800
157	1096632000	9.8	113800
157	1099310400	4.9	113800
157	1101902400	-0.1	113800
157	1104580800	0.8	113800
157	1107259200	-3	113800
157	1109678400	1.7	113800
157	1112356800	8.9	113800
157	1114948800	13.6	113800
157	1117627200	16.8	113800
157	1120219200	18.4	113800
157	1122897600	16	113800
157	1125576000	13.9	113800
157	1128168000	8.9	113800
157	1130846400	2.5	113800
157	1133438400	-0.6	113800
157	1136116800	-4.6	113800
157	1138795200	-1	113800
157	1141214400	2.5	113800
157	1143892800	9.4	113800
157	1146484800	12.6	113800
157	1149163200	16.2	113800
157	1151755200	20.1	113800
157	1154433600	15.7	113800
157	1157112000	15.3	113800
157	1159704000	11	113800
157	1162382400	5.5	113800
157	1164974400	2.4	113800
157	1167652800	4.5	113800
157	1170331200	4.2	113800
157	1172750400	6	113800
157	1175428800	10.8	113800
157	1178020800	14.7	113800
157	1180699200	18.1	113800
157	1183291200	19.2	113800
157	1185969600	17.9	113800
157	1188648000	11.7	113800
157	1191240000	7.5	113800
157	1193918400	3.1	113800
157	1196510400	-1.3	113800
157	1199188800	4	113800
157	1201867200	3.2	113800
157	1204372800	5	113800
157	1207051200	9.1	113800
157	1209643200	13.8	113800
157	1212321600	17.7	113800
157	1214913600	18.1	113800
157	1217592000	17.8	113800
157	1220270400	12.2	113800
157	1222862400	9.3	113800
157	1225540800	5.7	113800
157	1228132800	1.5	113800
164	-3849940800	-8.6	117230
164	-3847262400	1.1	117230
164	-3844756800	5.3	117230
164	-3842078400	10.8	117230
164	-3839486400	12.9	117230
164	-3836808000	18	117230
164	-3834216000	17.4	117230
164	-3831537600	16.4	117230
164	-3828859200	12.7	117230
164	-3826267200	11.4	117230
164	-3823588800	2.7	117230
164	-3820996800	-1.7	117230
164	-3818318400	-5.1	117230
164	-3815640000	1.8	117230
164	-3813220800	1.9	117230
164	-3810542400	7.5	117230
164	-3807950400	13.9	117230
164	-3805272000	16.9	117230
164	-3802680000	16.4	117230
164	-3800001600	15.2	117230
164	-3797323200	12.3	117230
164	-3794731200	8	117230
164	-3792052800	1.9	117230
164	-3789460800	-2.8	117230
164	-3786782400	-7.2	117230
164	-3784104000	0.9	117230
164	-3781684800	-0.8	117230
164	-3779006400	8.5	117230
164	-3776414400	13.2	117230
164	-3773736000	16.8	117230
164	-3771144000	17.2	117230
164	-3768465600	18.4	117230
164	-3765787200	11.9	117230
164	-3763195200	8.5	117230
164	-3760516800	3.8	117230
164	-3757924800	-0.1	117230
164	-3755246400	-2.8	117230
164	-3752568000	0.4	117230
164	-3750148800	2.9	117230
164	-3747470400	9.8	117230
164	-3744878400	10.3	117230
164	-3742200000	14.9	117230
164	-3739608000	15	117230
164	-3736929600	17.3	117230
164	-3734251200	12.3	117230
164	-3731659200	11.1	117230
164	-3728980800	0.8	117230
164	-3726388800	-0.5	117230
164	-3723710400	-0.8	117230
164	-3721032000	0.6	117230
164	-3718526400	0.2	117230
164	-3715848000	5	117230
164	-3713256000	13.9	117230
164	-3710577600	17.2	117230
164	-3707985600	19.1	117230
164	-3705307200	18.2	117230
164	-3702628800	13.9	117230
164	-3700036800	7.2	117230
164	-3697358400	5.2	117230
164	-3694766400	2.3	117230
164	-3692088000	0.5	117230
164	-3689409600	-1.9	117230
164	-3686990400	-0.8	117230
164	-3684312000	5	117230
164	-3681720000	13.2	117230
164	-3679041600	16.9	117230
164	-3676449600	18.6	117230
164	-3673771200	17.1	117230
164	-3671092800	12.8	117230
164	-3668500800	9.3	117230
164	-3665822400	2.1	117230
164	-3663230400	-4.9	117230
164	-3660552000	-2.4	117230
164	-3657873600	-1.6	117230
164	-3655454400	2.6	117230
164	-3652776000	7.6	117230
164	-3650184000	14.8	117230
164	-3647505600	15.4	117230
164	-3644913600	17.7	117230
164	-3642235200	16.6	117230
164	-3639556800	12.5	117230
164	-3636964800	9.2	117230
164	-3634286400	1.5	117230
164	-3631694400	1.4	117230
164	-3629016000	-4.3	117230
164	-3626337600	-5.8	117230
164	-3623918400	1.9	117230
164	-3621240000	7.1	117230
164	-3618648000	12.5	117230
164	-3615969600	17.3	117230
164	-3613377600	18.3	117230
164	-3610699200	18.6	117230
164	-3608020800	13.4	117230
164	-3605428800	12.1	117230
164	-3602750400	3.9	117230
164	-3600158400	-7.1	117230
164	-3597480000	-1.2	117230
164	-3594801600	0	117230
164	-3592296000	1	117230
164	-3589617600	10.2	117230
164	-3587025600	13.9	117230
164	-3584347200	18.2	117230
164	-3581755200	16.3	117230
164	-3579076800	18.7	117230
164	-3576398400	13.6	117230
164	-3573806400	10	117230
164	-3571128000	-0.3	117230
164	-3568536000	-2.3	117230
164	-3565857600	-2.8	117230
164	-3563179200	-3.6	117230
164	-3560760000	2.2	117230
164	-3558081600	8.3	117230
164	-3555489600	12.8	117230
164	-3552811200	16.7	117230
164	-3550219200	19.3	117230
164	-3547540800	19.4	117230
164	-3544862400	15.1	117230
164	-3542270400	12.6	117230
164	-3539592000	1.6	117230
164	-3.537e+09	-0.5	117230
164	-3534321600	-5	117230
164	-3531643200	-8.2	117230
164	-3529224000	0.8	117230
164	-3526545600	7.2	117230
164	-3523953600	12.7	117230
164	-3521275200	18.7	117230
164	-3518683200	18.6	117230
164	-3516004800	17.1	117230
164	-3513326400	15.1	117230
164	-3510734400	10.7	117230
164	-3508056000	-1.8	117230
164	-3505464000	-0.9	117230
164	-3502785600	-1.9	117230
164	-3500107200	1.7	117230
164	-3497688000	5.3	117230
164	-3495009600	8.2	117230
164	-3492417600	13.8	117230
164	-3489739200	17.1	117230
164	-3487147200	21.1	117230
164	-3484468800	20.3	117230
164	-3481790400	13.4	117230
164	-3479198400	10.5	117230
164	-3476520000	2.2	117230
164	-3473928000	-4.1	117230
164	-3471249600	-1.2	117230
164	-3468571200	-2.2	117230
164	-3466065600	0.7	117230
164	-3463387200	8.5	117230
164	-3460795200	14.3	117230
164	-3458116800	17.5	117230
164	-3455524800	15.9	117230
164	-3452846400	17.5	117230
164	-3450168000	14.6	117230
164	-3447576000	7.3	117230
164	-3444897600	1.7	117230
164	-3442305600	-1.9	117230
164	-3439627200	-6.2	117230
164	-3436948800	1.6	117230
164	-3434529600	4.2	117230
164	-3431851200	6.3	117230
164	-3429259200	11.3	117230
164	-3426580800	18.3	117230
164	-3423988800	19	117230
164	-3421310400	19.6	117230
164	-3418632000	15.2	117230
164	-3416040000	10.2	117230
164	-3413361600	2.5	117230
164	-3410769600	-2.1	117230
164	-3408091200	-4.3	117230
164	-3405412800	-1.8	117230
164	-3402993600	5.4	117230
164	-3400315200	10.7	117230
164	-3397723200	15.3	117230
164	-3395044800	16.9	117230
164	-3392452800	17.7	117230
164	-3389774400	16.9	117230
164	-3387096000	15.5	117230
164	-3384504000	11.3	117230
164	-3381825600	3.2	117230
164	-3379233600	-1.6	117230
164	-3376555200	1.6	117230
164	-3373876800	0.9	117230
164	-3371457600	5.5	117230
164	-3368779200	7.9	117230
164	-3366187200	14.5	117230
164	-3363508800	17.1	117230
164	-3360916800	17.8	117230
164	-3358238400	20.6	117230
164	-3355560000	15.1	117230
164	-3352968000	11.6	117230
164	-3350289600	4.4	117230
164	-3347697600	0.4	117230
164	-3345019200	-9.1	117230
164	-3342340800	-1.8	117230
164	-3339835200	4.8	117230
164	-3337156800	5	117230
164	-3334564800	10.1	117230
164	-3331886400	17.5	117230
164	-3329294400	15.9	117230
164	-3326616000	15.1	117230
164	-3323937600	14.4	117230
164	-3321345600	8.4	117230
164	-3318667200	2.1	117230
164	-3316075200	-4.3	117230
164	-3313396800	-1.5	117230
164	-3310718400	-6.4	117230
164	-3308299200	-1.6	117230
164	-3305620800	8.9	117230
164	-3303028800	16.8	117230
164	-3300350400	14.8	117230
164	-3297758400	21.4	117230
164	-3295080000	17	117230
164	-3292401600	14.4	117230
164	-3289809600	9.5	117230
164	-3287131200	4.4	117230
164	-3284539200	-0.4	117230
164	-3281860800	-1	117230
164	-3279182400	1.7	117230
164	-3276763200	3.4	117230
164	-3274084800	10.9	117230
164	-3271492800	10.9	117230
164	-3268814400	19.3	117230
164	-3266222400	17.3	117230
164	-3263544000	15.9	117230
164	-3260865600	16.7	117230
164	-3258273600	6.8	117230
164	-3255595200	2.7	117230
164	-3253003200	-1.6	117230
164	-3250324800	-2.6	117230
164	-3247646400	2.4	117230
164	-3245227200	1.1	117230
164	-3242548800	8.8	117230
164	-3239956800	12.7	117230
164	-3237278400	16.1	117230
164	-3234686400	17.1	117230
164	-3232008000	18.8	117230
164	-3229329600	14.7	117230
164	-3226737600	8.8	117230
164	-3224059200	1	117230
164	-3221467200	-2.9	117230
164	-3218788800	-3.4	117230
164	-3216110400	1.5	117230
164	-3213604800	3.3	117230
164	-3210926400	7.9	117230
164	-3208334400	17.3	117230
164	-3205656000	18.7	117230
164	-3203064000	19.1	117230
164	-3200385600	18.8	117230
164	-3197707200	16.6	117230
164	-3195115200	10.8	117230
164	-3192436800	2	117230
164	-3189844800	2.3	117230
164	-3187166400	-4.5	117230
164	-3184488000	2.2	117230
164	-3182068800	1.8	117230
164	-3179390400	10.7	117230
164	-3176798400	15.4	117230
164	-3174120000	14.1	117230
164	-3171528000	19.5	117230
164	-3168849600	16.4	117230
164	-3166171200	15.2	117230
164	-3163579200	6.3	117230
164	-3160900800	3.2	117230
164	-3158308800	0.8	117230
164	-3155630400	-3	117230
164	-3152952000	-6.6	117230
164	-3150532800	0.6	117230
164	-3147854400	7.3	117230
164	-3145262400	14.1	117230
164	-3142584000	16.1	117230
164	-3139992000	19.1	117230
164	-3137313600	16.2	117230
164	-3134635200	12.5	117230
164	-3132043200	7.5	117230
164	-3129364800	4.7	117230
164	-3126772800	-4.8	117230
164	-3124094400	-5.7	117230
164	-3121416000	-3.5	117230
164	-3118996800	3	117230
164	-3116318400	7.7	117230
164	-3113726400	10.1	117230
164	-3111048000	14.5	117230
164	-3108456000	18.8	117230
164	-3105777600	18.7	117230
164	-3103099200	13.8	117230
164	-3100507200	6.6	117230
164	-3097828800	1.9	117230
164	-3095236800	-7.4	117230
164	-3092558400	-2	117230
164	-3089880000	-0.3	117230
164	-3087374400	5	117230
164	-3084696000	10.8	117230
164	-3082104000	16	117230
164	-3079425600	16.2	117230
164	-3076833600	19.3	117230
164	-3074155200	17.7	117230
164	-3071476800	15.3	117230
164	-3068884800	12.3	117230
164	-3066206400	5.9	117230
164	-3063614400	2.7	117230
164	-3060936000	-0.1	117230
164	-3058257600	-0.6	117230
164	-3055838400	5.8	117230
164	-3053160000	7.6	117230
164	-3050568000	11.2	117230
164	-3047889600	16.6	117230
164	-3045297600	20	117230
164	-3042619200	20.4	117230
164	-3039940800	13.1	117230
164	-3037348800	10.9	117230
164	-3034670400	4.6	117230
164	-3032078400	0	117230
164	-3029400000	-2.6	117230
164	-3026721600	-0.8	117230
164	-3024302400	2.7	117230
164	-3021624000	10.2	117230
164	-3019032000	10.4	117230
164	-3016353600	16.6	117230
164	-3013761600	21.1	117230
164	-3011083200	16.7	117230
164	-3008404800	16.3	117230
164	-3005812800	9.6	117230
164	-3003134400	0.1	117230
164	-3000542400	-1.8	117230
164	-2997864000	-2.8	117230
164	-2995185600	-6.1	117230
164	-2992766400	-1	117230
164	-2990088000	7	117230
164	-2987496000	14.2	117230
164	-2984817600	19.9	117230
164	-2982225600	18.4	117230
164	-2979547200	18.7	117230
164	-2976868800	13.2	117230
164	-2974276800	7.1	117230
164	-2971598400	1.3	117230
164	-2969006400	-2.6	117230
164	-2966328000	-6	117230
164	-2963649600	-1.9	117230
164	-2961144000	4	117230
164	-2958465600	11	117230
164	-2955873600	10	117230
164	-2953195200	17.3	117230
164	-2950603200	18.6	117230
164	-2947924800	18.2	117230
164	-2945246400	13.2	117230
164	-2942654400	10.4	117230
164	-2939976000	-0.2	117230
164	-2937384000	0.7	117230
164	-2934705600	-0.1	117230
164	-2932027200	0.7	117230
164	-2929608000	2.1	117230
164	-2926929600	7	117230
164	-2924337600	11.1	117230
164	-2921659200	18.4	117230
164	-2919067200	18.1	117230
164	-2916388800	19.2	117230
164	-2913710400	11.6	117230
164	-2911118400	6.6	117230
164	-2908440000	4.3	117230
164	-2905848000	-1.3	117230
164	-2903169600	-3.6	117230
164	-2900491200	0.9	117230
164	-2898072000	3.2	117230
164	-2895393600	9.4	117230
164	-2892801600	13.7	117230
164	-2890123200	16.7	117230
164	-2887531200	17	117230
164	-2884852800	17.8	117230
164	-2882174400	15.4	117230
164	-2879582400	10.1	117230
164	-2876904000	3.9	117230
164	-2874312000	-3	117230
164	-2871633600	-3.4	117230
164	-2868955200	0.2	117230
164	-2866536000	1.7	117230
164	-2863857600	7.9	117230
164	-2861265600	12.2	117230
164	-2858587200	17.3	117230
164	-2855995200	16	117230
164	-2853316800	18.3	117230
164	-2850638400	15.7	117230
164	-2848046400	7.7	117230
164	-2845368000	0.6	117230
164	-2842776000	-9.4	117230
164	-2840097600	-3.7	117230
164	-2837419200	-2.2	117230
164	-2834913600	2.1	117230
164	-2832235200	10.5	117230
164	-2829643200	12.3	117230
164	-2826964800	16.8	117230
164	-2824372800	19.4	117230
164	-2821694400	16.7	117230
164	-2819016000	14.5	117230
164	-2816424000	8.6	117230
164	-2813745600	3.4	117230
164	-2811153600	2.1	117230
164	-2808475200	-5.8	117230
164	-2805796800	-1.7	117230
164	-2803377600	2.3	117230
164	-2800699200	6.2	117230
164	-2798107200	13.5	117230
164	-2795428800	16	117230
164	-2792836800	19.4	117230
164	-2790158400	18.4	117230
164	-2787480000	12.6	117230
164	-2784888000	5.9	117230
164	-2782209600	1.4	117230
164	-2779617600	-0.5	117230
164	-2776939200	-0.8	117230
164	-2774260800	0.1	117230
164	-2771841600	6.5	117230
164	-2769163200	8.9	117230
164	-2766571200	13.9	117230
164	-2763892800	14.9	117230
164	-2761300800	19.3	117230
164	-2758622400	15.7	117230
164	-2755944000	14.9	117230
164	-2753352000	9.8	117230
164	-2750673600	2.7	117230
164	-2748081600	0.7	117230
164	-2745403200	-2.9	117230
164	-2742724800	0.2	117230
164	-2740305600	-1.2	117230
164	-2737627200	6.1	117230
164	-2735035200	13.8	117230
164	-2732356800	17.1	117230
164	-2729764800	18.4	117230
164	-2727086400	17	117230
164	-2724408000	14.1	117230
164	-2721816000	9.2	117230
164	-2719137600	2.5	117230
164	-2716545600	-1.2	117230
164	-2713867200	0.3	117230
164	-2711188800	0.6	117230
164	-2708683200	4.1	117230
164	-2706004800	6.5	117230
164	-2703412800	14.2	117230
164	-2700734400	13.9	117230
164	-2698142400	18.6	117230
164	-2695464000	17.9	117230
164	-2692785600	14.9	117230
164	-2690193600	8.5	117230
164	-2687515200	1	117230
164	-2684923200	0.5	117230
164	-2682244800	-4.5	117230
164	-2679566400	0.3	117230
164	-2677147200	3.3	117230
164	-2674468800	10.6	117230
164	-2671876800	11.7	117230
164	-2669198400	18.4	117230
164	-2666606400	19.1	117230
164	-2663928000	16.4	117230
164	-2661249600	14.5	117230
164	-2658657600	9.2	117230
164	-2655979200	2.9	117230
164	-2653387200	-2.8	117230
164	-2650708800	-2.9	117230
164	-2648030400	-3.1	117230
164	-2645611200	-0.9	117230
164	-2642932800	10.1	117230
164	-2640340800	13.7	117230
164	-2637662400	15.6	117230
164	-2635070400	18	117230
164	-2632392000	18.7	117230
164	-2629713600	15.7	117230
164	-2627121600	10.4	117230
164	-2624443200	4.1	117230
164	-2621851200	-0.9	117230
164	-2619172800	-5.4	117230
164	-2616494400	-3.5	117230
164	-2614075200	0.8	117230
164	-2611396800	8.3	117230
164	-2608804800	11.9	117230
164	-2606126400	15.9	117230
164	-2603534400	20.8	117230
164	-2600856000	17.4	117230
164	-2598177600	14.3	117230
164	-2595585600	6.7	117230
164	-2592907200	3.7	117230
164	-2590315200	-3.1	117230
164	-2587636800	-4.3	117230
164	-2584958400	-4.3	117230
164	-2582452800	0.9	117230
164	-2579774400	6.8	117230
164	-2577182400	14.1	117230
164	-2574504000	16.8	117230
164	-2571912000	17	117230
164	-2569233600	17.2	117230
164	-2566555200	13.2	117230
164	-2563963200	7.2	117230
164	-2561284800	0.6	117230
164	-2558692800	-0.5	117230
164	-2556014400	-3.8	117230
164	-2553336000	-3.3	117230
164	-2550916800	0.3	117230
164	-2548238400	8.4	117230
164	-2545646400	17	117230
164	-2542968000	19.4	117230
164	-2540376000	18.4	117230
164	-2537697600	17.5	117230
164	-2535019200	10.7	117230
164	-2532427200	10.6	117230
164	-2529748800	2.2	117230
164	-2527156800	-4	117230
164	-2524478400	-0.4	117230
164	-2521800000	-3.9	117230
164	-2519380800	3.2	117230
164	-2516702400	7.8	117230
164	-2514110400	14.3	117230
164	-2511432000	14.8	117230
164	-2508840000	17.7	117230
164	-2506161600	19.6	117230
164	-2503483200	12.9	117230
164	-2500891200	7.4	117230
164	-2498212800	2.4	117230
164	-2495620800	-6	117230
164	-2492942400	-7.5	117230
164	-2490264000	-3.9	117230
164	-2487844800	2.8	117230
164	-2485166400	6.4	117230
164	-2482574400	15.2	117230
164	-2479896000	16.2	117230
164	-2477304000	17.8	117230
164	-2474625600	16.8	117230
164	-2471947200	13.9	117230
164	-2469355200	10.5	117230
164	-2466676800	1.8	117230
164	-2464084800	0	117230
164	-2461406400	-2.6	117230
164	-2458728000	-0.3	117230
164	-2456222400	0.4	117230
164	-2453544000	8.3	117230
164	-2450952000	13.7	117230
164	-2448273600	17.1	117230
164	-2445681600	17.4	117230
164	-2443003200	20.1	117230
164	-2440324800	15.6	117230
164	-2437732800	8.8	117230
164	-2435054400	0.8	117230
164	-2432462400	-3.7	117230
164	-2429784000	-10.2	117230
164	-2427105600	-0.9	117230
164	-2424686400	3.2	117230
164	-2422008000	7.7	117230
164	-2419416000	13.7	117230
164	-2416737600	17.4	117230
164	-2414145600	19.2	117230
164	-2411467200	18	117230
164	-2408788800	13.5	117230
164	-2406196800	9.9	117230
164	-2403518400	2	117230
164	-2400926400	-0.3	117230
164	-2398248000	-4.8	117230
164	-2395569600	0.3	117230
164	-2393150400	4.4	117230
164	-2390472000	11.5	117230
164	-2387880000	14.1	117230
164	-2385201600	15.4	117230
164	-2382609600	19.8	117230
164	-2379931200	17.9	117230
164	-2377252800	12.1	117230
164	-2374660800	9.5	117230
164	-2371982400	3.6	117230
164	-2369390400	-1.1	117230
164	-2366712000	-4.3	117230
164	-2364033600	-6.9	117230
164	-2361614400	0.6	117230
164	-2358936000	8.3	117230
164	-2356344000	13	117230
164	-2353665600	17.2	117230
164	-2351073600	19.7	117230
164	-2348395200	17.4	117230
164	-2345716800	15	117230
164	-2343124800	8	117230
164	-2340446400	4.3	117230
164	-2337854400	-1.2	117230
164	-2335176000	-5.3	117230
164	-2332497600	-0.7	117230
164	-2329992000	4.4	117230
164	-2327313600	6.4	117230
164	-2324721600	12.4	117230
164	-2322043200	17.6	117230
164	-2319451200	18.8	117230
164	-2316772800	16.4	117230
164	-2314094400	14.3	117230
164	-2311502400	10.9	117230
164	-2308824000	1.8	117230
164	-2306232000	-1.3	117230
164	-2303553600	-2.5	117230
164	-2300875200	-0.7	117230
164	-2298456000	5.3	117230
164	-2295777600	8.2	117230
164	-2293185600	12.8	117230
164	-2290507200	18	117230
164	-2287915200	18.2	117230
164	-2285236800	18.1	117230
164	-2282558400	14.2	117230
164	-2279966400	8.1	117230
164	-2277288000	1	117230
164	-2274696000	-1.1	117230
164	-2272017600	-0.7	117230
164	-2269339200	0.8	117230
164	-2266920000	4.3	117230
164	-2264241600	9.8	117230
164	-2261649600	13.8	117230
164	-2258971200	16.2	117230
164	-2256379200	16.7	117230
164	-2253700800	18.8	117230
164	-2251022400	13.7	117230
164	-2248430400	9.5	117230
164	-2245752000	5.7	117230
164	-2243160000	1.3	117230
164	-2240481600	0.6	117230
164	-2237803200	-0.4	117230
164	-2235384000	2.3	117230
164	-2232705600	8.7	117230
164	-2230113600	12.7	117230
164	-2227435200	15.8	117230
164	-2224843200	18.3	117230
164	-2222164800	17.1	117230
164	-2219486400	14	117230
164	-2216894400	6.7	117230
164	-2214216000	5	117230
164	-2211624000	-4.5	117230
164	-2208945600	-0.9	117230
164	-2206267200	1.6	117230
164	-2203848000	0.5	117230
164	-2201169600	6.8	117230
164	-2198577600	12.2	117230
164	-2195899200	17.5	117230
164	-2193307200	19.8	117230
164	-2190628800	18.1	117230
164	-2187950400	14.9	117230
164	-2185358400	8.3	117230
164	-2182680000	6.3	117230
164	-2180088000	0.1	117230
164	-2177409600	-5.2	117230
164	-2174731200	-5.6	117230
164	-2172312000	2.4	117230
164	-2169633600	8.8	117230
164	-2167041600	14.3	117230
164	-2164363200	17.3	117230
164	-2161771200	19	117230
164	-2159092800	17.7	117230
164	-2156414400	13.4	117230
164	-2153822400	10.6	117230
164	-2151144000	2.2	117230
164	-2148552000	1.4	117230
164	-2145873600	2	117230
164	-2143195200	-0.8	117230
164	-2140776000	2.9	117230
164	-2138097600	8.1	117230
164	-2135505600	10.1	117230
164	-2132827200	15.8	117230
164	-2130235200	16.7	117230
164	-2127556800	16.8	117230
164	-2124878400	12.8	117230
164	-2122286400	7.6	117230
164	-2119608000	-0.4	117230
164	-2117016000	-5	117230
164	-2114337600	-3.8	117230
164	-2111659200	2.1	117230
164	-2109240000	5.4	117230
164	-2106561600	6.5	117230
164	-2103969600	13.2	117230
164	-2101291200	15.8	117230
164	-2098699200	17.7	117230
164	-2096020800	17.1	117230
164	-2093342400	13.9	117230
164	-2090750400	9.6	117230
164	-2088072000	4.7	117230
164	-2085480000	-0.3	117230
164	-2082801600	-2.2	117230
164	-2080123200	0.5	117230
164	-2077617600	3.3	117230
164	-2074939200	8.6	117230
164	-2072347200	12	117230
164	-2069668800	17.3	117230
164	-2067076800	19.1	117230
164	-2064398400	18.1	117230
164	-2061720000	13.3	117230
164	-2059128000	8.5	117230
164	-2056449600	2	117230
164	-2053857600	-0.1	117230
164	-2051179200	-4.8	117230
164	-2048500800	-0.2	117230
164	-2046081600	3.9	117230
164	-2043403200	6.2	117230
164	-2040811200	13	117230
164	-2038132800	17.4	117230
164	-2035540800	19.4	117230
164	-2032862400	18.5	117230
164	-2030184000	14.9	117230
164	-2027592000	4.6	117230
164	-2024913600	3.4	117230
164	-2022321600	0.2	117230
164	-2019643200	-2	117230
164	-2016964800	-0.3	117230
164	-2014545600	2.8	117230
164	-2011867200	9.5	117230
164	-2009275200	13.9	117230
164	-2006596800	15.7	117230
164	-2004004800	18.3	117230
164	-2001326400	17.2	117230
164	-1998648000	13.3	117230
164	-1996056000	8.9	117230
164	-1993377600	6.2	117230
164	-1990785600	-3.7	117230
164	-1988107200	-2.5	117230
164	-1985428800	-1.7	117230
164	-1983009600	2.1	117230
164	-1980331200	6.3	117230
164	-1977739200	14.9	117230
164	-1975060800	16.7	117230
164	-1972468800	16.3	117230
164	-1969790400	17.3	117230
164	-1967112000	13.7	117230
164	-1964520000	13.4	117230
164	-1961841600	2	117230
164	-1959249600	0.2	117230
164	-1956571200	-4.5	117230
164	-1953892800	0.7	117230
164	-1951387200	2.8	117230
164	-1948708800	7.1	117230
164	-1946116800	15.5	117230
164	-1943438400	18.1	117230
164	-1940846400	18.6	117230
164	-1938168000	16.1	117230
164	-1935489600	12.6	117230
164	-1932897600	8.7	117230
164	-1930219200	-1.1	117230
164	-1927627200	-2.8	117230
164	-1924948800	-3.7	117230
164	-1922270400	-3.9	117230
164	-1919851200	0.7	117230
164	-1917172800	8.4	117230
164	-1914580800	11.7	117230
164	-1911902400	15.6	117230
164	-1909310400	16.5	117230
164	-1906632000	18.5	117230
164	-1903953600	15	117230
164	-1901361600	11	117230
164	-1898683200	2.8	117230
164	-1896091200	0.1	117230
164	-1893412800	-1.3	117230
164	-1890734400	1.9	117230
164	-1888315200	3.9	117230
164	-1885636800	8.2	117230
164	-1883044800	13.7	117230
164	-1880366400	17	117230
164	-1877774400	16.7	117230
164	-1875096000	17	117230
164	-1872417600	13	117230
164	-1869825600	9.1	117230
164	-1867147200	2.1	117230
164	-1864555200	3	117230
164	-1861876800	-2.1	117230
164	-1859198400	-0.9	117230
164	-1856779200	4.1	117230
164	-1854100800	8.1	117230
164	-1851508800	13.4	117230
164	-1848830400	16	117230
164	-1846238400	19.8	117230
164	-1843560000	19.8	117230
164	-1840881600	15.1	117230
164	-1838289600	8.1	117230
164	-1835611200	4.4	117230
164	-1833019200	1.7	117230
164	-1830340800	-4.8	117230
164	-1827662400	0.6	117230
164	-1825156800	5.5	117230
164	-1822478400	7.2	117230
164	-1819886400	12.4	117230
164	-1817208000	17.2	117230
164	-1814616000	18.3	117230
164	-1811937600	16.1	117230
164	-1809259200	10	117230
164	-1806667200	6	117230
164	-1803988800	0.5	117230
164	-1801396800	0.7	117230
164	-1798718400	-3.1	117230
164	-1796040000	-1.4	117230
164	-1793620800	4.7	117230
164	-1790942400	8.6	117230
164	-1788350400	12.9	117230
164	-1785672000	15.8	117230
164	-1783080000	15.5	117230
164	-1780401600	16.1	117230
164	-1777723200	13.8	117230
164	-1775131200	8.7	117230
164	-1772452800	4.8	117230
164	-1769860800	1.2	117230
164	-1767182400	-5.4	117230
164	-1764504000	-1.8	117230
164	-1762084800	4	117230
164	-1759406400	9.9	117230
164	-1756814400	13.3	117230
164	-1754136000	16.4	117230
164	-1751544000	18.2	117230
164	-1748865600	17.7	117230
164	-1746187200	13.4	117230
164	-1743595200	8.7	117230
164	-1740916800	2.9	117230
164	-1738324800	1.1	117230
164	-1735646400	-0.5	117230
164	-1732968000	-0.2	117230
164	-1730548800	1.7	117230
164	-1727870400	8.4	117230
164	-1725278400	14.2	117230
164	-1722600000	18.4	117230
164	-1720008000	17.3	117230
164	-1717329600	15.9	117230
164	-1714651200	12.1	117230
164	-1712059200	8	117230
164	-1709380800	0.9	117230
164	-1706788800	2	117230
164	-1704110400	2.2	117230
164	-1701432000	-0.4	117230
164	-1698926400	6.6	117230
164	-1696248000	8.9	117230
164	-1693656000	13.5	117230
164	-1690977600	14.8	117230
164	-1688385600	17.7	117230
164	-1685707200	17	117230
164	-1683028800	13.3	117230
164	-1680436800	8.3	117230
164	-1677758400	5	117230
164	-1675166400	3	117230
164	-1672488000	-3.1	117230
164	-1669809600	-5.8	117230
164	-1667390400	0.5	117230
164	-1664712000	5.3	117230
164	-1662120000	14.5	117230
164	-1659441600	18.8	117230
164	-1656849600	19.1	117230
164	-1654171200	18.6	117230
164	-1651492800	15.2	117230
164	-1648900800	9	117230
164	-1646222400	4.6	117230
164	-1643630400	-2.9	117230
164	-1640952000	-1.6	117230
164	-1638273600	-0.1	117230
164	-1635854400	4.1	117230
164	-1633176000	11.6	117230
164	-1630584000	14.6	117230
164	-1627905600	14.4	117230
164	-1625313600	17.4	117230
164	-1622635200	17.3	117230
164	-1619956800	14.6	117230
164	-1617364800	9.7	117230
164	-1614686400	2.5	117230
164	-1612094400	0	117230
164	-1609416000	0.3	117230
164	-1606737600	-1.2	117230
164	-1604318400	3.3	117230
164	-1601640000	6.6	117230
164	-1599048000	10.6	117230
164	-1596369600	15.4	117230
164	-1593777600	15.8	117230
164	-1591099200	16.9	117230
164	-1588420800	15.9	117230
164	-1585828800	7.4	117230
164	-1583150400	0.1	117230
164	-1580558400	-0.5	117230
164	-1577880000	0.9	117230
164	-1575201600	1.1	117230
164	-1572696000	5.5	117230
164	-1570017600	11.7	117230
164	-1567425600	14.9	117230
164	-1564747200	15.3	117230
164	-1562155200	18.7	117230
164	-1559476800	16.7	117230
164	-1556798400	14.4	117230
164	-1554206400	6.2	117230
164	-1551528000	-0.7	117230
164	-1548936000	-0.7	117230
164	-1546257600	2.6	117230
164	-1543579200	0.4	117230
164	-1541160000	4.9	117230
164	-1538481600	8.2	117230
164	-1535889600	15.3	117230
164	-1533211200	15.6	117230
164	-1530619200	19.6	117230
164	-1527940800	19.2	117230
164	-1525262400	13.9	117230
164	-1522670400	10.4	117230
164	-1519992000	0.6	117230
164	-1517400000	-1.6	117230
164	-1514721600	-4.2	117230
164	-1512043200	-4.6	117230
164	-1509624000	3.9	117230
164	-1506945600	7.3	117230
164	-1504353600	14.1	117230
164	-1501675200	17.5	117230
164	-1499083200	18.6	117230
164	-1496404800	17.2	117230
164	-1493726400	12.6	117230
164	-1491134400	6.4	117230
164	-1488456000	1.4	117230
164	-1485864000	0.1	117230
164	-1483185600	-0.2	117230
164	-1480507200	-1.2	117230
164	-1478088000	4.6	117230
164	-1475409600	7.5	117230
164	-1472817600	14.1	117230
164	-1470139200	13.1	117230
164	-1467547200	19	117230
164	-1464868800	17.1	117230
164	-1462190400	14	117230
164	-1459598400	10.7	117230
164	-1456920000	3.7	117230
164	-1454328000	-1.5	117230
164	-1451649600	-4.3	117230
164	-1448971200	-4.2	117230
164	-1446465600	1.5	117230
164	-1443787200	6.9	117230
164	-1441195200	14.8	117230
164	-1438516800	16.6	117230
164	-1435924800	17.9	117230
164	-1433246400	16.4	117230
164	-1430568000	15.5	117230
164	-1427976000	9.3	117230
164	-1425297600	2.1	117230
164	-1422705600	-0.9	117230
164	-1420027200	-0.4	117230
164	-1417348800	2.6	117230
164	-1414929600	1.9	117230
164	-1412251200	8.7	117230
164	-1409659200	15.1	117230
164	-1406980800	15.2	117230
164	-1404388800	17.9	117230
164	-1401710400	17.7	117230
164	-1399032000	12.4	117230
164	-1396440000	8.2	117230
164	-1393761600	2.9	117230
164	-1391169600	-3.3	117230
164	-1388491200	-3	117230
164	-1385812800	2.8	117230
164	-1383393600	3.5	117230
164	-1380715200	9.6	117230
164	-1378123200	12.3	117230
164	-1375444800	15.1	117230
164	-1372852800	18.6	117230
164	-1370174400	16.6	117230
164	-1367496000	15.3	117230
164	-1364904000	8.8	117230
164	-1362225600	8.2	117230
164	-1359633600	0.1	117230
164	-1356955200	1	117230
164	-1354276800	-1.3	117230
164	-1351857600	5.3	117230
164	-1349179200	8.1	117230
164	-1346587200	11.6	117230
164	-1343908800	17.2	117230
164	-1341316800	18.9	117230
164	-1338638400	18.7	117230
164	-1335960000	14.9	117230
164	-1333368000	8.2	117230
164	-1330689600	2.6	117230
164	-1328097600	-4.7	117230
164	-1325419200	-1	117230
164	-1322740800	0.4	117230
164	-1320235200	1.4	117230
164	-1317556800	8.8	117230
164	-1314964800	11.1	117230
164	-1312286400	15.1	117230
164	-1309694400	19.9	117230
164	-1307016000	18.1	117230
164	-1304337600	14.1	117230
164	-1301745600	9	117230
164	-1299067200	5.9	117230
164	-1296475200	-1.3	117230
164	-1293796800	-7	117230
164	-1291118400	-12.2	117230
164	-1288699200	0.3	117230
164	-1286020800	4.9	117230
164	-1283428800	14.4	117230
164	-1280750400	15.9	117230
164	-1278158400	18.4	117230
164	-1275480000	18.7	117230
164	-1272801600	15.3	117230
164	-1270209600	10.3	117230
164	-1267531200	4.7	117230
164	-1264939200	1.4	117230
164	-1262260800	-1	117230
164	-1259582400	-1.2	117230
164	-1257163200	4.4	117230
164	-1254484800	9.4	117230
164	-1251892800	12.5	117230
164	-1249214400	19	117230
164	-1246622400	17.7	117230
164	-1243944000	17.3	117230
164	-1241265600	14.7	117230
164	-1238673600	9.3	117230
164	-1235995200	4.4	117230
164	-1233403200	-0.6	117230
164	-1230724800	-1.8	117230
164	-1228046400	-1.9	117230
164	-1225627200	-0.2	117230
164	-1222948800	5.6	117230
164	-1220356800	16.5	117230
164	-1217678400	18	117230
164	-1215086400	19.2	117230
164	-1212408000	16.9	117230
164	-1209729600	11.1	117230
164	-1207137600	6.9	117230
164	-1204459200	2.5	117230
164	-1201867200	-1.3	117230
164	-1199188800	-1.4	117230
164	-1196510400	-3.9	117230
164	-1194004800	-0.7	117230
164	-1191326400	8.2	117230
164	-1188734400	14.6	117230
164	-1186056000	15.5	117230
164	-1183464000	20.1	117230
164	-1180785600	19.4	117230
164	-1178107200	17.1	117230
164	-1175515200	9.4	117230
164	-1172836800	3.2	117230
164	-1170244800	-0.9	117230
164	-1167566400	-5.1	117230
164	-1164888000	-1	117230
164	-1162468800	3.2	117230
164	-1159790400	6.3	117230
164	-1157198400	12.7	117230
164	-1154520000	14.7	117230
164	-1151928000	18.6	117230
164	-1149249600	18	117230
164	-1146571200	13.8	117230
164	-1143979200	8.9	117230
164	-1141300800	2.6	117230
164	-1138708800	-4.8	117230
164	-1136030400	-2.2	117230
164	-1133352000	0.4	117230
164	-1130932800	5.7	117230
164	-1128254400	11	117230
164	-1125662400	14.9	117230
164	-1122984000	17.2	117230
164	-1120392000	19.6	117230
164	-1117713600	18.4	117230
164	-1115035200	15.9	117230
164	-1112443200	9.1	117230
164	-1109764800	5.2	117230
164	-1107172800	3.9	117230
164	-1104494400	-4	117230
164	-1101816000	-0.5	117230
164	-1099396800	1.6	117230
164	-1096718400	7.8	117230
164	-1094126400	11.3	117230
164	-1091448000	18.7	117230
164	-1088856000	18.5	117230
164	-1086177600	18.1	117230
164	-1083499200	14.2	117230
164	-1080907200	10.2	117230
164	-1078228800	4.4	117230
164	-1075636800	-0.2	117230
164	-1072958400	1.6	117230
164	-1070280000	-0.1	117230
164	-1067774400	4.8	117230
164	-1065096000	8.6	117230
164	-1062504000	14.7	117230
164	-1059825600	16.8	117230
164	-1057233600	19.3	117230
164	-1054555200	16.7	117230
164	-1051876800	13.8	117230
164	-1049284800	5.9	117230
164	-1046606400	3	117230
164	-1044014400	-0.1	117230
164	-1041336000	-4.3	117230
164	-1038657600	-0.5	117230
164	-1036238400	4.4	117230
164	-1033560000	8.2	117230
164	-1030968000	16.3	117230
164	-1028289600	18.2	117230
164	-1025697600	18.3	117230
164	-1023019200	18.4	117230
164	-1020340800	15	117230
164	-1017748800	10.9	117230
164	-1015070400	3.9	117230
164	-1012478400	-0.8	117230
164	-1009800000	-1.8	117230
164	-1007121600	0	117230
164	-1004702400	6.5	117230
164	-1002024000	5.4	117230
164	-999432000	12.1	117230
164	-996753600	17.9	117230
164	-994161600	18.7	117230
164	-991483200	18.9	117230
164	-988804800	13.7	117230
164	-986212800	10	117230
164	-983534400	5.4	117230
164	-980942400	-2.7	117230
164	-978264000	-1.1	117230
164	-975585600	0.9	117230
164	-973166400	0.9	117230
164	-970488000	10.6	117230
164	-967896000	12.3	117230
164	-965217600	17.4	117230
164	-962625600	18.9	117230
164	-959947200	19.1	117230
164	-957268800	14	117230
164	-954676800	7.3	117230
164	-951998400	4.5	117230
164	-949406400	-1.9	117230
164	-946728000	-9.9	117230
164	-944049600	-8.4	117230
164	-941544000	0.2	117230
164	-938865600	8.1	117230
164	-936273600	11.9	117230
164	-933595200	17.5	117230
164	-931003200	17.5	117230
164	-928324800	15.2	117230
164	-925646400	13.7	117230
164	-923054400	8.7	117230
164	-920376000	4.5	117230
164	-917784000	-4.5	117230
164	-915105600	-6.6	117230
164	-912427200	-1.3	117230
164	-910008000	3.2	117230
164	-907329600	6.7	117230
164	-904737600	10.9	117230
164	-902059200	16.5	117230
164	-899467200	18.6	117230
164	-896788800	16.8	117230
164	-894110400	12.4	117230
164	-891518400	8.1	117230
164	-888840000	1.1	117230
164	-886248000	-0.1	117230
164	-883569600	-11	117230
164	-880891200	-5.2	117230
164	-878472000	0.1	117230
164	-875793600	7.3	117230
164	-873201600	13.3	117230
164	-870523200	15.8	117230
164	-867931200	17.3	117230
164	-865252800	18.6	117230
164	-862574400	17.6	117230
164	-859982400	10.9	117230
164	-857304000	2.8	117230
164	-854712000	0.3	117230
164	-852033600	-4.9	117230
164	-849355200	1.4	117230
164	-846936000	4.5	117230
164	-844257600	9.7	117230
164	-841665600	12.6	117230
164	-838987200	15.3	117230
164	-836395200	18	117230
164	-833716800	19.6	117230
164	-831038400	15.9	117230
164	-828446400	10.4	117230
164	-825768000	2.7	117230
164	-823176000	-1.2	117230
164	-820497600	1.9	117230
164	-817819200	-2.1	117230
164	-815313600	0.7	117230
164	-812635200	8.5	117230
164	-810043200	12.1	117230
164	-807364800	15.7	117230
164	-804772800	18.5	117230
164	-802094400	20	117230
164	-799416000	14.1	117230
164	-796824000	10.1	117230
164	-794145600	2.8	117230
164	-791553600	-1.9	117230
164	-788875200	-6.2	117230
164	-786196800	0.8	117230
164	-783777600	5	117230
164	-781099200	9.2	117230
164	-778507200	14.5	117230
164	-775828800	17.3	117230
164	-773236800	20.2	117230
164	-770558400	18.7	117230
164	-767880000	14.9	117230
164	-765288000	9.3	117230
164	-762609600	3.8	117230
164	-760017600	0.8	117230
164	-757339200	-4	117230
164	-754660800	1.6	117230
164	-752241600	4.2	117230
164	-749563200	10.7	117230
164	-746971200	16.7	117230
164	-744292800	17.7	117230
164	-741700800	20.2	117230
164	-739022400	18.6	117230
164	-736344000	15.2	117230
164	-733752000	5.8	117230
164	-731073600	3.1	117230
164	-728481600	-3.2	117230
164	-725803200	-7.3	117230
164	-723124800	-6.2	117230
164	-720705600	2.3	117230
164	-718027200	10.2	117230
164	-715435200	15.1	117230
164	-712756800	18.5	117230
164	-710164800	20.2	117230
164	-707486400	19	117230
164	-704808000	17.8	117230
164	-702216000	7.4	117230
164	-699537600	4.8	117230
164	-696945600	1.3	117230
164	-694267200	1.2	117230
164	-691588800	-0.9	117230
164	-689083200	4.5	117230
164	-686404800	11	117230
164	-683812800	15.4	117230
164	-681134400	16.6	117230
164	-678542400	17.7	117230
164	-675864000	18.2	117230
164	-673185600	15.5	117230
164	-670593600	9	117230
164	-667915200	3	117230
164	-665323200	-2.6	117230
164	-662644800	-0.4	117230
164	-659966400	0.6	117230
164	-657547200	1.7	117230
164	-654868800	10.4	117230
164	-652276800	14.7	117230
164	-649598400	15.2	117230
164	-647006400	18.5	117230
164	-644328000	17.7	117230
164	-641649600	16.1	117230
164	-639057600	10	117230
164	-636379200	4.7	117230
164	-633787200	1.6	117230
164	-631108800	-4.6	117230
164	-628430400	0.4	117230
164	-626011200	5.4	117230
164	-623332800	9.3	117230
164	-620740800	15.7	117230
164	-618062400	19	117230
164	-615470400	20.6	117230
164	-612792000	19.4	117230
164	-610113600	14.2	117230
164	-607521600	6.8	117230
164	-604843200	4	117230
164	-602251200	-0.2	117230
164	-599572800	0.3	117230
164	-596894400	2	117230
164	-594475200	2.5	117230
164	-591796800	8.9	117230
164	-589204800	12.8	117230
164	-586526400	16.7	117230
164	-583934400	18.6	117230
164	-581256000	19.7	117230
164	-578577600	16.2	117230
164	-575985600	8.4	117230
164	-573307200	6.8	117230
164	-570715200	0.9	117230
164	-568036800	-0.8	117230
164	-565358400	-0.7	117230
164	-562852800	0.1	117230
164	-560174400	11.9	117230
164	-557582400	12.5	117230
164	-554904000	16.2	117230
164	-552312000	20	117230
164	-549633600	20.5	117230
164	-546955200	12.1	117230
164	-544363200	7.4	117230
164	-541684800	2.3	117230
164	-539092800	-2.3	117230
164	-536414400	-1.5	117230
164	-533736000	-0.6	117230
164	-531316800	3.7	117230
164	-528638400	10.1	117230
164	-526046400	12.8	117230
164	-523368000	17.9	117230
164	-520776000	19.8	117230
164	-518097600	17.2	117230
164	-515419200	15.1	117230
164	-512827200	10.6	117230
164	-510148800	2.7	117230
164	-507556800	0.5	117230
164	-504878400	-6	117230
164	-502200000	-6.6	117230
164	-499780800	4	117230
164	-497102400	5.8	117230
164	-494510400	13.5	117230
164	-491832000	18	117230
164	-489240000	16	117230
164	-486561600	17.8	117230
164	-483883200	15.9	117230
164	-481291200	8.3	117230
164	-478612800	2.4	117230
164	-476020800	2.1	117230
164	-473342400	-3	117230
164	-470664000	-1.7	117230
164	-468244800	0.5	117230
164	-465566400	6.1	117230
164	-462974400	12.1	117230
164	-460296000	15.6	117230
164	-457704000	18.3	117230
164	-455025600	17.5	117230
164	-452347200	14.7	117230
164	-449755200	8.5	117230
164	-447076800	3.6	117230
164	-444484800	0.9	117230
164	-441806400	-1.4	117230
164	-439128000	-10.2	117230
164	-436622400	1.2	117230
164	-433944000	7	117230
164	-431352000	13	117230
164	-428673600	15.7	117230
164	-426081600	18.4	117230
164	-423403200	16.8	117230
164	-420724800	15.3	117230
164	-418132800	8.1	117230
164	-415454400	0.4	117230
164	-412862400	0	117230
164	-410184000	-2.3	117230
164	-407505600	1.8	117230
164	-405086400	4.6	117230
164	-402408000	8.7	117230
164	-399816000	11.2	117230
164	-397137600	19	117230
164	-394545600	19	117230
164	-391867200	16.2	117230
164	-389188800	12.1	117230
164	-386596800	8.3	117230
164	-383918400	5.2	117230
164	-381326400	-0.3	117230
164	-378648000	-2	117230
164	-375969600	1	117230
164	-373550400	-1.2	117230
164	-370872000	6.1	117230
164	-368280000	17	117230
164	-365601600	16	117230
164	-363009600	19.4	117230
164	-360331200	18.4	117230
164	-357652800	14.7	117230
164	-355060800	9.9	117230
164	-352382400	4.9	117230
164	-349790400	1.4	117230
164	-347112000	-1.4	117230
164	-344433600	-1.5	117230
164	-342014400	6.4	117230
164	-339336000	9.7	117230
164	-336744000	14	117230
164	-334065600	16.9	117230
164	-331473600	19.7	117230
164	-328795200	18.2	117230
164	-326116800	13	117230
164	-323524800	8.6	117230
164	-320846400	4.5	117230
164	-318254400	1.8	117230
164	-315576000	-2.5	117230
164	-312897600	-1.6	117230
164	-310392000	4.4	117230
164	-307713600	8.6	117230
164	-305121600	13.5	117230
164	-302443200	17.1	117230
164	-299851200	16.9	117230
164	-297172800	17.9	117230
164	-294494400	13.2	117230
164	-291902400	10.1	117230
164	-289224000	5.4	117230
164	-286632000	2.1	117230
164	-283953600	-3.1	117230
164	-281275200	2.1	117230
164	-278856000	6.4	117230
164	-276177600	11.8	117230
164	-273585600	12.2	117230
164	-270907200	18	117230
164	-268315200	16.7	117230
164	-265636800	17.9	117230
164	-262958400	16.5	117230
164	-260366400	10.9	117230
164	-257688000	3.8	117230
164	-255096000	-2.4	117230
164	-252417600	-1.1	117230
164	-249739200	-1.3	117230
164	-247320000	0.2	117230
164	-244641600	10.4	117230
164	-242049600	11.5	117230
164	-239371200	15.5	117230
164	-236779200	16.8	117230
164	-234100800	18.8	117230
164	-231422400	12.9	117230
164	-228830400	8.9	117230
164	-226152000	3.8	117230
164	-223560000	-4.5	117230
164	-220881600	-8.2	117230
164	-218203200	-6.1	117230
164	-215784000	0.8	117230
164	-213105600	9.9	117230
164	-210513600	14.1	117230
164	-207835200	17.6	117230
164	-205243200	19.8	117230
164	-202564800	18.5	117230
164	-199886400	15.4	117230
164	-197294400	8.5	117230
164	-194616000	6.8	117230
164	-192024000	-5.1	117230
164	-189345600	-6.1	117230
164	-186667200	-1	117230
164	-184161600	0.1	117230
164	-181483200	10.2	117230
164	-178891200	13.9	117230
164	-176212800	19.4	117230
164	-173620800	19.3	117230
164	-170942400	16.9	117230
164	-168264000	14.3	117230
164	-165672000	8.3	117230
164	-162993600	4.8	117230
164	-160401600	-1.3	117230
164	-157723200	-1.1	117230
164	-155044800	-3.4	117230
164	-152625600	2.5	117230
164	-149947200	7.7	117230
164	-147355200	11.9	117230
164	-144676800	16.6	117230
164	-142084800	17.1	117230
164	-139406400	15.9	117230
164	-136728000	14.6	117230
164	-134136000	7.1	117230
164	-131457600	0.7	117230
164	-128865600	0.2	117230
164	-126187200	-4.9	117230
164	-123508800	4.3	117230
164	-121089600	3.7	117230
164	-118411200	10.8	117230
164	-115819200	13.9	117230
164	-113140800	17.6	117230
164	-110548800	17.5	117230
164	-107870400	17.2	117230
164	-105192000	13.7	117230
164	-102600000	12.7	117230
164	-99921600	3.3	117230
164	-97329600	0.6	117230
164	-94651200	-2.2	117230
164	-91972800	0.5	117230
164	-89553600	5.3	117230
164	-86875200	8.7	117230
164	-84283200	14.3	117230
164	-81604800	16.9	117230
164	-79012800	20.5	117230
164	-76334400	18.3	117230
164	-73656000	15.6	117230
164	-71064000	10.9	117230
164	-68385600	3.5	117230
164	-65793600	-1	117230
164	-63115200	-3.7	117230
164	-60436800	1	117230
164	-57931200	4.7	117230
164	-55252800	10.7	117230
164	-52660800	13.5	117230
164	-49982400	18.3	117230
164	-47390400	18.1	117230
164	-44712000	17.3	117230
164	-42033600	14.3	117230
164	-39441600	9	117230
164	-36763200	5.1	117230
164	-34171200	-3.2	117230
164	-31492800	-3.1	117230
164	-28814400	-1.8	117230
164	-26395200	0.8	117230
164	-23716800	9	117230
164	-21124800	16.2	117230
164	-18446400	16.4	117230
164	-15854400	19.4	117230
164	-13176000	16.9	117230
164	-10497600	14.7	117230
164	-7905600	10.1	117230
164	-5227200	4.9	117230
164	-2635200	-4.9	117230
164	43200	-3.1	117230
164	2721600	-2.5	117230
164	5140800	1.6	117230
164	7819200	7.7	117230
164	10411200	12.5	117230
164	13089600	17.8	117230
164	15681600	18	117230
164	18360000	17.9	117230
164	21038400	13.1	117230
164	23630400	8	117230
164	26308800	5.9	117230
164	28900800	0	117230
164	31579200	-3.2	117230
164	34257600	1.4	117230
164	36676800	1.5	117230
164	39355200	9.7	117230
164	41947200	15.6	117230
164	44625600	15.8	117230
164	47217600	19.4	117230
164	49896000	20.3	117230
164	52574400	12.4	117230
164	55166400	7.9	117230
164	57844800	3.2	117230
164	60436800	2.5	117230
164	63115200	-2.9	117230
164	65793600	2.2	117230
164	68299200	6.1	117230
164	70977600	8.5	117230
164	73569600	13.7	117230
164	76248000	17.6	117230
164	78840000	19.5	117230
164	81518400	17.5	117230
164	84196800	11.9	117230
164	86788800	7	117230
164	89467200	3.8	117230
164	92059200	-0.2	117230
164	94737600	-1.1	117230
164	97416000	0.8	117230
164	99835200	4.9	117230
164	102513600	7.1	117230
164	105105600	14.3	117230
164	107784000	16.8	117230
164	110376000	18.6	117230
164	113054400	19.4	117230
164	115732800	15.3	117230
164	118324800	7.2	117230
164	121003200	1.4	117230
164	123595200	-0.5	117230
164	126273600	1	117230
164	128952000	3.6	117230
164	131371200	7.3	117230
164	134049600	9	117230
164	136641600	13.2	117230
164	139320000	15	117230
164	141912000	17.1	117230
164	144590400	20.1	117230
164	147268800	14.3	117230
164	149860800	5.5	117230
164	152539200	3.7	117230
164	155131200	2.5	117230
164	157809600	2	117230
164	160488000	-0.2	117230
164	162907200	4.9	117230
164	165585600	8.4	117230
164	168177600	14.8	117230
164	170856000	16.7	117230
164	173448000	19.5	117230
164	176126400	19.1	117230
164	178804800	17.3	117230
164	181396800	8.5	117230
164	184075200	2.3	117230
164	186667200	0.1	117230
164	189345600	-0.3	117230
164	192024000	-0.9	117230
164	194529600	1	117230
164	197208000	9.3	117230
164	199800000	14	117230
164	202478400	18	117230
164	205070400	20.2	117230
164	207748800	16.5	117230
164	210427200	13.2	117230
164	213019200	10	117230
164	215697600	5.5	117230
164	218289600	-1	117230
164	220968000	-1.5	117230
164	223646400	1.3	117230
164	226065600	7	117230
164	228744000	7.3	117230
164	231336000	13.3	117230
164	234014400	17.8	117230
164	236606400	18.3	117230
164	239284800	17.1	117230
164	241963200	12.2	117230
164	244555200	10	117230
164	247233600	4.5	117230
164	249825600	-1.2	117230
164	252504000	-0.4	117230
164	255182400	-2.1	117230
164	257601600	5	117230
164	260280000	7.7	117230
164	262872000	12.4	117230
164	265550400	15.9	117230
164	268142400	16.4	117230
164	270820800	16.4	117230
164	273499200	13.3	117230
164	276091200	9.7	117230
164	278769600	1.7	117230
164	281361600	-0.9	117230
164	284040000	-5	117230
164	286718400	-0.9	117230
164	289137600	4.8	117230
164	291816000	7.8	117230
164	294408000	15.2	117230
164	297086400	19.3	117230
164	299678400	16.3	117230
164	302356800	17.4	117230
164	305035200	14.5	117230
164	307627200	7.8	117230
164	310305600	3.8	117230
164	312897600	2.7	117230
164	315576000	-4.5	117230
164	318254400	0.8	117230
164	320760000	2.7	117230
164	323438400	6.4	117230
164	326030400	11.6	117230
164	328708800	16.1	117230
164	331300800	16.8	117230
164	333979200	17.8	117230
164	336657600	13.6	117230
164	339249600	8.3	117230
164	341928000	1.8	117230
164	344520000	-1.1	117230
164	347198400	-3.5	117230
164	349876800	-0.4	117230
164	352296000	6.9	117230
164	354974400	8.6	117230
164	357566400	14.6	117230
164	360244800	18.1	117230
164	362836800	18	117230
164	365515200	18.5	117230
164	368193600	15.1	117230
164	370785600	9.5	117230
164	373464000	3.7	117230
164	376056000	-2	117230
164	378734400	-5.4	117230
164	381412800	-1.6	117230
164	383832000	4.6	117230
164	386510400	6.9	117230
164	389102400	14.3	117230
164	391780800	17.7	117230
164	394372800	19.6	117230
164	397051200	19.1	117230
164	399729600	17.7	117230
164	402321600	9.8	117230
164	4.05e+08	4.3	117230
164	407592000	1.3	117230
164	410270400	3	117230
164	412948800	-2.1	117230
164	415368000	5	117230
164	418046400	10.7	117230
164	420638400	15	117230
164	423316800	17.4	117230
164	425908800	22.2	117230
164	428587200	20.1	117230
164	431265600	15	117230
164	433857600	9.1	117230
164	436536000	1.7	117230
164	439128000	-1	117230
164	441806400	-0.8	117230
164	444484800	-0.6	117230
164	446990400	3.2	117230
164	449668800	8.7	117230
164	452260800	13.2	117230
164	454939200	15.4	117230
164	457531200	16.9	117230
164	460209600	18.1	117230
164	462888000	13.6	117230
164	465480000	10.1	117230
164	468158400	4.7	117230
164	470750400	-0.7	117230
164	473428800	-8	117230
164	476107200	-4.9	117230
164	478526400	3.4	117230
164	481204800	8.9	117230
164	483796800	15.3	117230
164	486475200	14.6	117230
164	489067200	18.7	117230
164	491745600	18.2	117230
164	494424000	14.1	117230
164	497016000	8.7	117230
164	499694400	0.7	117230
164	502286400	1.8	117230
164	504964800	-0.9	117230
164	507643200	-6.2	117230
164	510062400	2.8	117230
164	512740800	10.9	117230
164	515332800	16.2	117230
164	518011200	17.2	117230
164	520603200	18.2	117230
164	523281600	18.5	117230
164	525960000	13.3	117230
164	528552000	9.5	117230
164	531230400	4.5	117230
164	533822400	-0.9	117230
164	536500800	-7.2	117230
164	539179200	-0.6	117230
164	541598400	-0.7	117230
164	544276800	9.5	117230
164	546868800	12.3	117230
164	549547200	16.5	117230
164	552139200	19.4	117230
164	554817600	16.3	117230
164	557496000	16.1	117230
164	560088000	10.3	117230
164	562766400	4.8	117230
164	565358400	1.1	117230
164	568036800	1.6	117230
164	570715200	1.9	117230
164	573220800	2.5	117230
164	575899200	9.4	117230
164	578491200	15.7	117230
164	581169600	16.9	117230
164	583761600	19.7	117230
164	586440000	19.1	117230
164	589118400	14.4	117230
164	591710400	9.4	117230
164	594388800	0.2	117230
164	596980800	1.6	117230
164	599659200	-0.1	117230
164	602337600	3.7	117230
164	604756800	6.9	117230
164	607435200	10.1	117230
164	610027200	14.6	117230
164	612705600	16.1	117230
164	615297600	19.7	117230
164	617976000	18.9	117230
164	620654400	15.2	117230
164	623246400	10.2	117230
164	625924800	2.3	117230
164	628516800	0.2	117230
164	631195200	-0.5	117230
164	633873600	4.2	117230
164	636292800	7.6	117230
164	638971200	8.3	117230
164	641563200	14.9	117230
164	644241600	17.2	117230
164	646833600	18.5	117230
164	649512000	19.9	117230
164	652190400	12.4	117230
164	654782400	10	117230
164	657460800	4.9	117230
164	660052800	-0.5	117230
164	662731200	-0.2	117230
164	665409600	-3.7	117230
164	667828800	6.1	117230
164	670507200	8.1	117230
164	673099200	10.8	117230
164	675777600	16.5	117230
164	678369600	20.9	117230
164	681048000	19.1	117230
164	683726400	16.1	117230
164	686318400	8.5	117230
164	688996800	3.8	117230
164	691588800	-1.8	117230
164	694267200	0.6	117230
164	696945600	2.5	117230
164	699451200	4.5	117230
164	702129600	9.3	117230
164	704721600	14.9	117230
164	707400000	18.6	117230
164	709992000	20.9	117230
164	712670400	23.6	117230
164	715348800	15.3	117230
164	717940800	7.7	117230
164	720619200	3.7	117230
164	723211200	-0.6	117230
164	725889600	-0.4	117230
164	728568000	-1.5	117230
164	730987200	2.7	117230
164	733665600	10.6	117230
164	736257600	17.2	117230
164	738936000	17.5	117230
164	741528000	18.2	117230
164	744206400	19.2	117230
164	746884800	14.1	117230
164	749476800	9.6	117230
164	752155200	0.8	117230
164	754747200	1	117230
164	757425600	2.3	117230
164	760104000	-0.1	117230
164	762523200	6.8	117230
164	765201600	9.7	117230
164	767793600	14.3	117230
164	770472000	18.3	117230
164	773064000	23.1	117230
164	775742400	20.7	117230
164	778420800	16.3	117230
164	781012800	7.6	117230
164	783691200	5.3	117230
164	786283200	0.9	117230
164	788961600	-1.2	117230
164	791640000	3.7	117230
164	794059200	3.2	117230
164	796737600	9.7	117230
164	799329600	14	117230
164	802008000	16.6	117230
164	804600000	22.1	117230
164	807278400	19.4	117230
164	809956800	13.3	117230
164	812548800	10.9	117230
164	815227200	1.2	117230
164	817819200	-1.9	117230
164	820497600	-4.2	117230
164	823176000	-4.3	117230
164	825681600	0.1	117230
164	828360000	9.5	117230
164	830952000	15	117230
164	833630400	18	117230
164	836222400	17.6	117230
164	838900800	18.4	117230
164	841579200	11.2	117230
164	844171200	10.2	117230
164	846849600	5.5	117230
164	849441600	-4.1	117230
164	852120000	-4.2	117230
164	854798400	1.8	117230
164	857217600	4.6	117230
164	859896000	6.7	117230
164	862488000	15.1	117230
164	865166400	18	117230
164	867758400	18.2	117230
164	870436800	20.2	117230
164	873115200	14.7	117230
164	875707200	6.8	117230
164	878385600	4.2	117230
164	880977600	1.5	117230
164	883656000	1	117230
164	886334400	3.7	117230
164	888753600	3.9	117230
164	891432000	11.3	117230
164	894024000	15	117230
164	896702400	19	117230
164	899294400	19.8	117230
164	901972800	19.8	117230
164	904651200	14.3	117230
164	907243200	9.1	117230
164	909921600	0.8	117230
164	912513600	-2	117230
164	915192000	-0.8	117230
164	917870400	-0.5	117230
164	920289600	6.1	117230
164	922968000	10.9	117230
164	925560000	15	117230
164	928238400	17.6	117230
164	930830400	20.9	117230
164	933508800	18.8	117230
164	936187200	18	117230
164	938779200	9.9	117230
164	941457600	3.1	117230
164	944049600	-0.3	117230
164	946728000	-2.2	117230
164	949406400	3.1	117230
164	951912000	5	117230
164	954590400	13.5	117230
164	957182400	16.8	117230
164	959860800	19.7	117230
164	962452800	17.7	117230
164	965131200	21	117230
164	967809600	14.3	117230
164	970401600	12.4	117230
164	973080000	7.2	117230
164	975672000	1.2	117230
164	978350400	-0.4	117230
164	981028800	1.3	117230
164	983448000	4.7	117230
164	986126400	8.6	117230
164	988718400	16.2	117230
164	991396800	16.1	117230
164	993988800	20.1	117230
164	996667200	20.5	117230
164	999345600	12.6	117230
164	1001937600	11.9	117230
164	1004616000	2.4	117230
164	1007208000	-3.9	117230
164	1009886400	-1.2	117230
164	1012564800	3.6	117230
164	1014984000	5.8	117230
164	1017662400	9.4	117230
164	1020254400	17.1	117230
164	1022932800	19.1	117230
164	1025524800	20.9	117230
164	1028203200	20.4	117230
164	1030881600	14	117230
164	1033473600	7.5	117230
164	1036152000	6	117230
164	1038744000	-3.1	117230
164	1041422400	-2.1	117230
164	1044100800	-2.7	117230
164	1046520000	4.7	117230
164	1049198400	9.1	117230
164	1051790400	17.2	117230
164	1054468800	21.3	117230
164	1057060800	20.3	117230
164	1059739200	22.5	117230
164	1062417600	15.4	117230
164	1065009600	6.9	117230
164	1067688000	5.9	117230
164	1070280000	0.2	117230
164	1072958400	-3.3	117230
164	1075636800	1	117230
164	1078142400	3.8	117230
164	1080820800	10.7	117230
164	1083412800	13.1	117230
164	1086091200	17	117230
164	1088683200	19.2	117230
164	1091361600	20.2	117230
164	1094040000	14.9	117230
164	1096632000	10.9	117230
164	1099310400	4.6	117230
164	1101902400	0.4	117230
164	1104580800	0.2	117230
164	1107259200	-2.2	117230
164	1109678400	2.1	117230
164	1112356800	10.9	117230
164	1114948800	14.8	117230
164	1117627200	17.5	117230
164	1120219200	19.1	117230
164	1122897600	17.5	117230
164	1125576000	15.5	117230
164	1128168000	9.6	117230
164	1130846400	2.6	117230
164	1133438400	-1.2	117230
164	1136116800	-6.3	117230
164	1138795200	-2.9	117230
164	1141214400	1.2	117230
164	1143892800	10.3	117230
164	1146484800	13.9	117230
164	1149163200	18.3	117230
164	1151755200	22.7	117230
164	1154433600	16.3	117230
164	1157112000	16.5	117230
164	1159704000	11	117230
164	1162382400	6.1	117230
164	1164974400	1.9	117230
164	1167652800	3.2	117230
164	1170331200	3.2	117230
164	1172750400	6.3	117230
164	1175428800	11.8	117230
164	1178020800	15.7	117230
164	1180699200	20.1	117230
164	1183291200	21.1	117230
164	1185969600	20.9	117230
164	1188648000	13.3	117230
164	1191240000	8.8	117230
164	1193918400	2.7	117230
164	1196510400	-0.2	117230
164	1199188800	1.7	117230
164	1201867200	3.1	117230
164	1204372800	4.6	117230
164	1207051200	10.1	117230
164	1209643200	15.5	117230
164	1212321600	19.9	117230
164	1214913600	20.3	117230
164	1217592000	19.9	117230
164	1220270400	14.4	117230
164	1222862400	9.9	117230
164	1225540800	6.5	117230
164	1228132800	2.1	117230
164	1230811200	-3	117230
164	1233489600	0.3	117230
164	1235908800	4.8	117230
164	1238587200	14.2	117230
164	1241179200	15.4	117230
164	1243857600	17.3	117230
164	1246449600	20.4	117230
164	1249128000	20.9	117230
164	1251806400	17.2	117230
164	1254398400	8.9	117230
164	1257076800	5.9	117230
164	1259668800	0.3	117230
164	1262347200	-3.7	117230
164	1265025600	-0.7	117230
164	1267444800	4.8	117230
164	1270123200	9.9	117230
164	1272715200	13.6	117230
164	1275393600	18.3	117230
164	1277985600	21.6	117230
164	1280664000	19	117230
164	1283342400	13.5	117230
164	1285934400	7.3	117230
164	1288612800	6.6	117230
164	1291204800	-3.7	117230
164	1293883200	-0.7	117230
164	1296561600	-0.9	117230
164	1298980800	5.5	117230
164	1301659200	12.1	117230
164	1304251200	14.8	117230
164	1306929600	19	117230
164	1309521600	18.7	117230
164	1312200000	20.3	117230
164	1314878400	17.2	117230
164	1317470400	9.5	117230
164	1320148800	2.9	117230
164	1322740800	2.1	117230
164	1325419200	0.9	117230
164	1328097600	-3.5	117230
164	1330603200	7.1	117230
164	1333281600	10.4	117230
164	1335873600	16.8	117230
164	1338552000	19.2	117230
164	1341144000	20.9	117230
164	1343822400	21.1	117230
164	1346500800	16.1	117230
164	1349092800	9.5	117230
164	1351771200	6.5	117230
164	1354363200	-1.5	117230
164	1357041600	-1.3	117230
164	1359720000	0.4	117230
164	1362139200	1.4	117230
164	1364817600	10.3	117230
164	1367409600	14	117230
164	1370088000	17.7	117230
164	1372680000	21.9	117230
164	1375358400	20.7	117230
164	1378036800	13.9	117230
164	1380628800	10.4	117230
164	1383307200	5.5	117230
164	1385899200	2	117230
164	1388577600	1.3	117230
164	1391256000	3.1	117230
164	1393675200	8.6	117230
164	1396353600	11.7	117230
164	1398945600	14.3	117230
164	1401624000	18.7	117230
164	1404216000	21.5	117230
164	1406894400	17.9	117230
164	1409572800	15.7	117230
164	1412164800	11.4	117230
164	1414843200	7.5	117230
164	1417435200	2.3	117230
164	1420113600	1.7	117230
164	1422792000	1.5	117230
164	1425211200	5.8	117230
164	1427889600	10	117230
164	1430481600	14.3	117230
166	-599572800	0.2	117820
166	-596894400	2.1	117820
166	-594475200	2.2	117820
166	-591796800	8.7	117820
166	-589204800	12.2	117820
166	-586526400	16.7	117820
166	-583934400	17.8	117820
166	-581256000	19.1	117820
166	-578577600	15.2	117820
166	-575985600	6.4	117820
166	-573307200	7.3	117820
166	-570715200	1.9	117820
166	-568036800	0	117820
166	-565358400	-1	117820
166	-562852800	-1.2	117820
166	-560174400	10.3	117820
166	-557582400	12.1	117820
166	-554904000	15.6	117820
166	-552312000	19	117820
166	-549633600	19.4	117820
166	-546955200	11.8	117820
166	-544363200	7.6	117820
166	-541684800	2.4	117820
166	-539092800	-1.2	117820
166	-536414400	-2	117820
166	-533736000	-0.8	117820
166	-531316800	3	117820
166	-528638400	9.2	117820
166	-526046400	12.2	117820
166	-523368000	17.6	117820
166	-520776000	19.8	117820
166	-518097600	16.6	117820
166	-515419200	14	117820
166	-512827200	10.1	117820
166	-510148800	3.6	117820
166	-507556800	0.6	117820
166	-504878400	-7.1	117820
166	-502200000	-7.8	117820
166	-499780800	4.1	117820
166	-497102400	4.9	117820
166	-494510400	13	117820
166	-491832000	17.8	117820
166	-489240000	16.4	117820
166	-486561600	17.3	117820
166	-483883200	14.9	117820
166	-481291200	9	117820
166	-478612800	3.2	117820
166	-476020800	2.8	117820
166	-473342400	-2.7	117820
166	-470664000	-2	117820
166	-468244800	0.2	117820
166	-465566400	5.4	117820
166	-462974400	11.4	117820
166	-460296000	15.2	117820
166	-457704000	18.2	117820
166	-455025600	16.9	117820
166	-452347200	13.7	117820
166	-449755200	8.8	117820
166	-447076800	3.5	117820
166	-444484800	1.4	117820
166	-441806400	-0.3	117820
166	-439128000	-11.7	117820
166	-436622400	1.6	117820
166	-433944000	6.5	117820
166	-431352000	12.5	117820
166	-428673600	15.4	117820
166	-426081600	17.5	117820
166	-423403200	16.2	117820
166	-420724800	13.5	117820
166	-418132800	8.1	117820
166	-415454400	-0.4	117820
166	-412862400	0.3	117820
166	-410184000	-1.1	117820
166	-407505600	2.8	117820
166	-405086400	4.6	117820
166	-402408000	7.9	117820
166	-399816000	10.4	117820
166	-397137600	17.9	117820
166	-394545600	18.6	117820
166	-391867200	16	117820
166	-389188800	12.3	117820
166	-386596800	9.1	117820
166	-383918400	5	117820
166	-381326400	0.1	117820
166	-378648000	-2.4	117820
166	-375969600	1.9	117820
166	-373550400	-1.6	117820
166	-370872000	5.2	117820
166	-368280000	16	117820
166	-365601600	15.8	117820
166	-363009600	18.7	117820
166	-360331200	17.3	117820
166	-357652800	13.5	117820
166	-355060800	9.3	117820
166	-352382400	4	117820
166	-349790400	2.3	117820
166	-347112000	-0.8	117820
166	-344433600	-1.8	117820
166	-342014400	5.5	117820
166	-339336000	9.1	117820
166	-336744000	12.8	117820
166	-334065600	15.6	117820
166	-331473600	19.2	117820
166	-328795200	17.3	117820
166	-326116800	11.4	117820
166	-323524800	7.8	117820
166	-320846400	3.9	117820
166	-318254400	1.9	117820
166	-315576000	-2.3	117820
166	-312897600	-1.9	117820
166	-310392000	3.5	117820
166	-307713600	6.7	117820
166	-305121600	12.4	117820
166	-302443200	16.5	117820
166	-299851200	16.2	117820
166	-297172800	17	117820
166	-294494400	12.5	117820
166	-291902400	10	117820
166	-289224000	5.4	117820
166	-286632000	2.4	117820
166	-283953600	-2.3	117820
166	-281275200	1.7	117820
166	-278856000	5.9	117820
166	-276177600	11.1	117820
166	-273585600	11.2	117820
166	-270907200	17.5	117820
166	-268315200	16	117820
166	-265636800	16.9	117820
166	-262958400	14.9	117820
166	-260366400	10.4	117820
166	-257688000	3.5	117820
166	-255096000	-3.3	117820
166	-252417600	-0.4	117820
166	-249739200	-2.3	117820
166	-247320000	-0.5	117820
166	-244641600	10.2	117820
166	-242049600	11	117820
166	-239371200	14.7	117820
166	-236779200	16.3	117820
166	-234100800	18.2	117820
166	-231422400	12.4	117820
166	-228830400	7.9	117820
166	-226152000	4	117820
166	-223560000	-4.2	117820
166	-220881600	-10.6	117820
166	-218203200	-7.6	117820
166	-215784000	-0.1	117820
166	-213105600	8.7	117820
166	-210513600	13.1	117820
166	-207835200	17	117820
166	-205243200	19.1	117820
166	-202564800	18.2	117820
166	-199886400	14.8	117820
166	-197294400	8.2	117820
166	-194616000	7.9	117820
166	-192024000	-4.9	117820
166	-189345600	-5.9	117820
166	-186667200	-1.9	117820
166	-184161600	-1.1	117820
166	-181483200	8.5	117820
166	-178891200	13.2	117820
166	-176212800	18.5	117820
166	-173620800	18	117820
166	-170942400	15.7	117820
166	-168264000	12.9	117820
166	-165672000	8	117820
166	-162993600	4.3	117820
166	-160401600	-0.9	117820
166	-157723200	-0.8	117820
166	-155044800	-5.2	117820
166	-152625600	2.4	117820
166	-149947200	6.9	117820
166	-147355200	11.3	117820
166	-144676800	16.3	117820
166	-142084800	16.7	117820
166	-139406400	15.6	117820
166	-136728000	14.8	117820
166	-134136000	7.1	117820
166	-131457600	0.7	117820
166	-128865600	1.6	117820
166	-126187200	-5.2	117820
166	-123508800	3.8	117820
166	-121089600	3.1	117820
166	-118411200	10.1	117820
166	-115819200	13	117820
166	-113140800	16.5	117820
166	-110548800	17.1	117820
166	-107870400	16.5	117820
166	-105192000	13.3	117820
166	-102600000	12.5	117820
166	-99921600	3.4	117820
166	-97329600	1.2	117820
166	-94651200	-2.4	117820
166	-91972800	1.1	117820
166	-89553600	5.2	117820
166	-86875200	7.5	117820
166	-84283200	13.9	117820
166	-81604800	16.4	117820
166	-79012800	19.7	117820
166	-76334400	17.7	117820
166	-73656000	15.8	117820
166	-71064000	11.3	117820
166	-68385600	4	117820
166	-65793600	-1	117820
166	-63115200	-3.2	117820
166	-60436800	1.2	117820
166	-57931200	4.3	117820
166	-55252800	9.8	117820
166	-52660800	12.5	117820
166	-49982400	17.6	117820
166	-47390400	17	117820
166	-44712000	17	117820
166	-42033600	13.8	117820
166	-39441600	8.8	117820
166	-36763200	5.2	117820
166	-34171200	-3.2	117820
166	-31492800	-3.3	117820
166	-28814400	-1.8	117820
166	-26395200	0	117820
166	-23716800	7.8	117820
166	-21124800	15.6	117820
166	-18446400	16.2	117820
166	-15854400	18.7	117820
166	-13176000	16.5	117820
166	-10497600	14	117820
166	-7905600	9.2	117820
166	-5227200	6	117820
166	-2635200	-6.3	117820
166	43200	-3.2	117820
166	2721600	-2.6	117820
166	5140800	1.6	117820
166	7819200	7.8	117820
166	10411200	12.1	117820
166	13089600	17.3	117820
166	15681600	17.7	117820
166	18360000	17.2	117820
166	21038400	12.4	117820
166	23630400	8.3	117820
166	26308800	6	117820
166	28900800	0	117820
166	31579200	-3.2	117820
166	34257600	0.9	117820
166	36676800	0.5	117820
166	39355200	9.1	117820
166	41947200	15.1	117820
166	44625600	15.5	117820
166	47217600	18.5	117820
166	49896000	19.3	117820
166	52574400	11.5	117820
166	55166400	8	117820
166	57844800	2.6	117820
166	60436800	2.7	117820
166	63115200	-3.7	117820
166	65793600	1.7	117820
166	68299200	5.5	117820
166	70977600	8.1	117820
166	73569600	12.9	117820
166	76248000	17	117820
166	78840000	18.8	117820
166	81518400	16.6	117820
166	84196800	11.5	117820
166	86788800	6.2	117820
166	89467200	4.7	117820
166	92059200	-0.4	117820
166	94737600	-1.2	117820
166	97416000	0.6	117820
166	99835200	4	117820
166	102513600	6.9	117820
166	105105600	13.2	117820
166	107784000	16	117820
166	110376000	17.8	117820
166	113054400	17.4	117820
166	115732800	14.2	117820
166	118324800	7.3	117820
166	121003200	1.9	117820
166	123595200	0.4	117820
166	126273600	1.5	117820
166	128952000	3.5	117820
166	131371200	6	117820
166	134049600	8.1	117820
166	136641600	12.2	117820
166	139320000	14.5	117820
166	141912000	16.6	117820
166	144590400	18.7	117820
166	147268800	13.3	117820
166	149860800	6	117820
166	152539200	4.2	117820
166	155131200	3.3	117820
166	157809600	3.2	117820
166	160488000	-0.8	117820
166	162907200	4.9	117820
166	165585600	7.8	117820
166	168177600	14.2	117820
166	170856000	16.1	117820
166	173448000	18.7	117820
166	176126400	18.1	117820
166	178804800	16.7	117820
166	181396800	8.5	117820
166	184075200	2.5	117820
166	186667200	0.4	117820
166	189345600	-0.9	117820
166	192024000	-1.7	117820
166	194529600	0.8	117820
166	197208000	7.9	117820
166	199800000	13.3	117820
166	202478400	16.4	117820
166	205070400	18.7	117820
166	207748800	15.2	117820
166	210427200	12.9	117820
166	213019200	9.9	117820
166	215697600	5.6	117820
166	218289600	-0.5	117820
166	220968000	-0.3	117820
166	223646400	1.8	117820
166	226065600	6.5	117820
166	228744000	6.8	117820
166	231336000	12.9	117820
166	234014400	17.8	117820
166	236606400	17.5	117820
166	239284800	16.7	117820
166	241963200	11.7	117820
166	244555200	10	117820
166	247233600	5.3	117820
166	249825600	-1.4	117820
166	252504000	0.3	117820
166	255182400	-1.9	117820
166	257601600	5	117820
166	260280000	6.6	117820
166	262872000	11.9	117820
166	265550400	15.7	117820
166	268142400	16	117820
166	270820800	15.6	117820
166	273499200	12.3	117820
166	276091200	9.3	117820
166	278769600	2.6	117820
166	281361600	-1.4	117820
166	284040000	-4.6	117820
166	286718400	-2.2	117820
166	289137600	4.7	117820
166	291816000	7	117820
166	294408000	14.5	117820
166	297086400	18.6	117820
166	299678400	16.3	117820
166	302356800	17.1	117820
166	305035200	13.7	117820
166	307627200	7.4	117820
166	310305600	4	117820
166	312897600	3.6	117820
166	315576000	-4.7	117820
166	318254400	0.8	117820
166	320760000	1.9	117820
166	323438400	5.7	117820
166	326030400	10.6	117820
166	328708800	15.6	117820
166	331300800	16.6	117820
166	333979200	16.8	117820
166	336657600	12.6	117820
166	339249600	8.6	117820
166	341928000	2.1	117820
166	344520000	-0.7	117820
166	347198400	-3.5	117820
166	349876800	-1	117820
166	352296000	6.7	117820
166	354974400	7.1	117820
166	357566400	14.3	117820
166	360244800	17.3	117820
166	362836800	17.9	117820
166	365515200	17.6	117820
166	368193600	14.5	117820
166	370785600	9.7	117820
166	373464000	3.7	117820
166	376056000	-2.3	117820
166	378734400	-4.4	117820
166	381412800	-1.8	117820
166	383832000	4.3	117820
166	386510400	5.9	117820
166	389102400	13.7	117820
166	391780800	17	117820
166	394372800	18.7	117820
166	397051200	18.3	117820
166	399729600	16	117820
166	402321600	9.9	117820
166	4.05e+08	5.2	117820
166	407592000	1.1	117820
166	410270400	2.9	117820
166	412948800	-2.2	117820
166	415368000	4.7	117820
166	418046400	10.3	117820
166	420638400	15.3	117820
166	423316800	16.8	117820
166	425908800	20.2	117820
166	428587200	18.1	117820
166	431265600	14.4	117820
166	433857600	9.4	117820
166	436536000	2.1	117820
166	439128000	0.1	117820
166	441806400	0.4	117820
166	444484800	-1	117820
166	446990400	1.9	117820
166	449668800	7.8	117820
166	452260800	13	117820
166	454939200	14.8	117820
166	457531200	15.9	117820
166	460209600	17.2	117820
166	462888000	13.1	117820
166	465480000	10.5	117820
166	468158400	3.6	117820
166	470750400	-0.9	117820
166	473428800	-8.6	117820
166	476107200	-6.2	117820
166	478526400	3.4	117820
166	481204800	8.2	117820
166	483796800	14.5	117820
166	486475200	13.9	117820
166	489067200	18.2	117820
166	491745600	17.3	117820
166	494424000	13.5	117820
166	497016000	8.3	117820
166	499694400	0.5	117820
166	502286400	3	117820
166	504964800	-1.1	117820
166	507643200	-8.5	117820
166	510062400	2.4	117820
166	512740800	9.9	117820
166	515332800	15.2	117820
166	518011200	16.2	117820
166	520603200	17.4	117820
166	523281600	17.3	117820
166	525960000	12	117820
166	528552000	8.8	117820
166	531230400	4.9	117820
166	533822400	-0.7	117820
166	536500800	-9.4	117820
166	539179200	-0.8	117820
166	541598400	-1.6	117820
166	544276800	8.3	117820
166	546868800	11.4	117820
166	549547200	16.5	117820
166	552139200	18.9	117820
166	554817600	15.8	117820
166	557496000	15.2	117820
166	560088000	9.5	117820
166	562766400	4.5	117820
166	565358400	0.5	117820
166	568036800	2.5	117820
166	570715200	2.2	117820
166	573220800	2.1	117820
166	575899200	7.8	117820
166	578491200	14.8	117820
166	581169600	16.1	117820
166	583761600	18.9	117820
166	586440000	18.2	117820
166	589118400	14.2	117820
166	591710400	8.5	117820
166	594388800	-0.2	117820
166	596980800	1	117820
166	599659200	0	117820
166	602337600	3.6	117820
166	604756800	6.1	117820
166	607435200	9.8	117820
166	610027200	13.4	117820
166	612705600	14.9	117820
166	615297600	18.2	117820
166	617976000	17.9	117820
166	620654400	14	117820
166	623246400	10.5	117820
166	625924800	2.2	117820
166	628516800	1.5	117820
166	631195200	0.6	117820
166	633873600	5.1	117820
166	636292800	6.8	117820
166	638971200	7.7	117820
166	641563200	13.9	117820
166	644241600	16.3	117820
166	646833600	17.6	117820
166	649512000	18.2	117820
166	652190400	11.9	117820
166	654782400	9.4	117820
166	657460800	5	117820
166	660052800	-0.2	117820
166	662731200	0.1	117820
166	665409600	-4.7	117820
166	667828800	5.6	117820
166	670507200	7.2	117820
166	673099200	10.1	117820
166	675777600	15.6	117820
166	678369600	19.4	117820
166	681048000	17.8	117820
166	683726400	14.8	117820
166	686318400	7.4	117820
166	688996800	4.2	117820
166	691588800	-2.3	117820
166	694267200	-0.2	117820
166	696945600	1.4	117820
166	699451200	3.9	117820
166	702129600	8.5	117820
166	704721600	13.6	117820
166	707400000	18.1	117820
166	709992000	20.2	117820
166	712670400	23.1	117820
166	715348800	13.5	117820
166	717940800	7.1	117820
166	720619200	4.3	117820
166	723211200	-0.9	117820
166	725889600	0	117820
166	728568000	-1.3	117820
166	730987200	1.8	117820
166	733665600	9	117820
166	736257600	15.4	117820
166	738936000	16.3	117820
166	741528000	17.2	117820
166	744206400	17.5	117820
166	746884800	13.1	117820
166	749476800	9.2	117820
166	752155200	-0.3	117820
166	754747200	2.3	117820
166	757425600	2.9	117820
166	760104000	-0.9	117820
166	762523200	6.2	117820
166	765201600	9	117820
166	767793600	13.3	117820
166	770472000	17	117820
166	773064000	21.6	117820
166	775742400	19.2	117820
166	778420800	15.1	117820
166	781012800	7.2	117820
166	783691200	4.4	117820
166	786283200	1.4	117820
166	788961600	-1.1	117820
166	791640000	4.1	117820
166	794059200	3.1	117820
166	796737600	8.5	117820
166	799329600	12.6	117820
166	802008000	16.3	117820
166	804600000	20.8	117820
166	807278400	17.5	117820
166	809956800	12.7	117820
166	812548800	10.3	117820
166	815227200	1.5	117820
166	817819200	-3.2	117820
166	820497600	-4.7	117820
166	823176000	-4.7	117820
166	825681600	-1.4	117820
166	828360000	7.8	117820
166	830952000	13.6	117820
166	833630400	16.9	117820
166	836222400	16.9	117820
166	838900800	17.3	117820
166	841579200	10.2	117820
166	844171200	9.5	117820
166	846849600	6.2	117820
166	849441600	-4.9	117820
166	852120000	-5.4	117820
166	854798400	2	117820
166	857217600	3.7	117820
166	859896000	5.4	117820
166	862488000	14.1	117820
166	865166400	17.6	117820
166	867758400	17.3	117820
166	870436800	18.6	117820
166	873115200	13.7	117820
166	875707200	6.8	117820
166	878385600	3.9	117820
166	880977600	1.3	117820
166	883656000	1.3	117820
166	886334400	3.4	117820
166	888753600	3	117820
166	891432000	11.1	117820
166	894024000	14.1	117820
166	896702400	18.1	117820
166	899294400	18.6	117820
166	901972800	18	117820
166	904651200	13.8	117820
166	907243200	8.9	117820
166	909921600	0.2	117820
166	912513600	-2.1	117820
166	915192000	0.2	117820
166	917870400	-0.7	117820
166	920289600	5.4	117820
166	922968000	10.1	117820
166	925560000	14.1	117820
166	928238400	16.8	117820
166	930830400	19.6	117820
166	933508800	17.7	117820
166	936187200	16.9	117820
166	938779200	9.2	117820
166	941457600	2.5	117820
166	944049600	0.2	117820
166	946728000	-1.9	117820
166	949406400	2.8	117820
166	951912000	4	117820
166	954590400	11.5	117820
166	957182400	14.8	117820
166	959860800	18	117820
166	962452800	17	117820
166	965131200	19.4	117820
166	967809600	12.6	117820
166	970401600	13.1	117820
166	973080000	7.7	117820
166	975672000	1.9	117820
166	978350400	-0.7	117820
166	981028800	1	117820
166	983448000	4.3	117820
166	986126400	7.8	117820
166	988718400	14.6	117820
166	991396800	15.1	117820
166	993988800	19.1	117820
166	996667200	19.3	117820
166	999345600	12.1	117820
166	1001937600	11.9	117820
166	1004616000	2.7	117820
166	1007208000	-3.3	117820
166	1009886400	-0.4	117820
166	1012564800	4.3	117820
166	1014984000	5.2	117820
166	1017662400	8.5	117820
166	1020254400	16.5	117820
166	1022932800	17.9	117820
166	1025524800	19.9	117820
166	1028203200	19.2	117820
166	1030881600	12.5	117820
166	1033473600	7.4	117820
166	1036152000	6.5	117820
166	1038744000	-4.4	117820
166	1041422400	-2.6	117820
166	1044100800	-4.2	117820
166	1046520000	3.3	117820
166	1049198400	8	117820
166	1051790400	16.2	117820
166	1054468800	20.7	117820
166	1057060800	19.8	117820
166	1059739200	20.4	117820
166	1062417600	14.4	117820
166	1065009600	6.4	117820
166	1067688000	6.1	117820
166	1070280000	0.9	117820
166	1072958400	-3.4	117820
166	1075636800	0.5	117820
166	1078142400	3.4	117820
166	1080820800	9.8	117820
166	1083412800	13	117820
166	1086091200	16.6	117820
166	1088683200	18.5	117820
166	1091361600	19.4	117820
166	1094040000	14	117820
166	1096632000	10.9	117820
166	1099310400	4.4	117820
166	1101902400	1	117820
166	1104580800	0.1	117820
166	1107259200	-3.1	117820
166	1109678400	1.2	117820
166	1112356800	9.7	117820
166	1114948800	14.2	117820
166	1117627200	17	117820
166	1120219200	19.6	117820
166	1122897600	16.9	117820
166	1125576000	14.5	117820
166	1128168000	9.3	117820
166	1130846400	2.7	117820
166	1133438400	-1.1	117820
166	1136116800	-6.5	117820
166	1138795200	-3.1	117820
166	1141214400	0.5	117820
166	1143892800	9.7	117820
166	1146484800	13.9	117820
166	1149163200	18.3	117820
166	1151755200	22.4	117820
166	1154433600	17.1	117820
166	1157112000	16.1	117820
166	1159704000	11.2	117820
166	1162382400	6.7	117820
166	1164974400	3.3	117820
166	1167652800	3.7	117820
166	1170331200	2.9	117820
166	1172750400	5.7	117820
166	1175428800	10.4	117820
166	1178020800	15.6	117820
166	1180699200	19.2	117820
166	1183291200	20	117820
166	1185969600	19.2	117820
166	1188648000	12.5	117820
166	1191240000	8	117820
166	1193918400	2.1	117820
166	1196510400	-0.4	117820
166	1199188800	1.9	117820
166	1201867200	2.9	117820
166	1204372800	4	117820
166	1207051200	9	117820
166	1209643200	13.9	117820
166	1212321600	18.3	117820
166	1214913600	18.6	117820
166	1217592000	18.5	117820
166	1220270400	13.5	117820
166	1222862400	10.1	117820
166	1225540800	6.2	117820
166	1228132800	1.7	117820
166	1230811200	-2.9	117820
166	1233489600	-0.2	117820
166	1235908800	3.6	117820
166	1238587200	12.4	117820
166	1241179200	14.7	117820
166	1243857600	16.4	117820
166	1246449600	20.3	117820
166	1249128000	19.5	117820
166	1251806400	15.6	117820
166	1254398400	8.3	117820
166	1257076800	6.6	117820
166	1259668800	0.2	117820
166	1262347200	-5.7	117820
166	1265025600	-1.1	117820
166	1267444800	4	117820
166	1270123200	9	117820
166	1272715200	12.6	117820
166	1275393600	17.6	117820
166	1277985600	20.6	117820
166	1280664000	18.6	117820
166	1283342400	12.8	117820
166	1285934400	6.6	117820
166	1288612800	7.1	117820
166	1291204800	-4.2	117820
166	1293883200	-0.7	117820
166	1296561600	-2.2	117820
166	1298980800	4.4	117820
166	1301659200	10.6	117820
166	1304251200	13.6	117820
167	-3786782400	-6.7	118160
167	-3784104000	1.5	118160
167	-3781684800	0.3	118160
167	-3779006400	9.7	118160
167	-3776414400	13.9	118160
167	-3773736000	17.9	118160
167	-3771144000	17.8	118160
167	-3768465600	19.3	118160
167	-3765787200	12.9	118160
167	-3763195200	8.5	118160
167	-3760516800	4.7	118160
167	-3757924800	-0.2	118160
167	-3755246400	-3	118160
167	-3752568000	-0.8	118160
167	-3750148800	3.5	118160
167	-3747470400	9.6	118160
167	-3744878400	10.3	118160
167	-3742200000	16.3	118160
167	-3739608000	17.5	118160
167	-3736929600	18	118160
167	-3734251200	12.5	118160
167	-3731659200	11.1	118160
167	-3728980800	-0.6	118160
167	-3726388800	-1.1	118160
167	-3723710400	-0.9	118160
167	-3721032000	1	118160
167	-3718526400	0.6	118160
167	-3715848000	6.3	118160
167	-3713256000	14.2	118160
167	-3710577600	18.4	118160
167	-3707985600	20.3	118160
167	-3705307200	19.3	118160
167	-3702628800	15.1	118160
167	-3700036800	8	118160
167	-3697358400	6.5	118160
167	-3694766400	2.4	118160
167	-3692088000	-0.4	118160
167	-3689409600	-1.2	118160
167	-3686990400	0	118160
167	-3684312000	5.4	118160
167	-3681720000	14.1	118160
167	-3679041600	17.1	118160
167	-3676449600	20.2	118160
167	-3673771200	19.1	118160
167	-3671092800	14.7	118160
167	-3668500800	9.9	118160
167	-3665822400	1.8	118160
167	-3663230400	-4.9	118160
167	-3660552000	-2.6	118160
167	-3657873600	-1.1	118160
167	-3655454400	2.5	118160
167	-3652776000	8.4	118160
167	-3650184000	14.7	118160
167	-3647505600	16.1	118160
167	-3644913600	19.3	118160
167	-3642235200	17.7	118160
167	-3639556800	13.9	118160
167	-3636964800	9.3	118160
167	-3634286400	0.5	118160
167	-3631694400	2	118160
167	-3629016000	-4.3	118160
167	-3626337600	-4.2	118160
167	-3623918400	2.8	118160
167	-3621240000	7.4	118160
167	-3618648000	13.1	118160
167	-3615969600	17.8	118160
167	-3613377600	19.2	118160
167	-3610699200	19.5	118160
167	-3608020800	14.2	118160
167	-3605428800	12.1	118160
167	-3602750400	2.9	118160
167	-3600158400	-6.7	118160
167	-3597480000	-1.6	118160
167	-3594801600	0.5	118160
167	-3592296000	0.5	118160
167	-3589617600	10.8	118160
167	-3587025600	13.7	118160
167	-3584347200	18.5	118160
167	-3581755200	17.3	118160
167	-3579076800	20.8	118160
167	-3576398400	13.9	118160
167	-3573806400	9.6	118160
167	-3571128000	-1.3	118160
167	-3568536000	-1.8	118160
167	-3565857600	-3.3	118160
167	-3563179200	-4.2	118160
167	-3560760000	1.6	118160
167	-3558081600	9.6	118160
167	-3555489600	13.3	118160
167	-3552811200	17.3	118160
167	-3550219200	20.7	118160
167	-3547540800	20.8	118160
167	-3544862400	15.5	118160
167	-3542270400	12.3	118160
167	-3539592000	0.8	118160
167	-3.537e+09	-0.1	118160
167	-3534321600	-4.9	118160
167	-3531643200	-7.7	118160
167	-3529224000	0.6	118160
167	-3526545600	8.1	118160
167	-3523953600	12.9	118160
167	-3521275200	19.4	118160
167	-3518683200	18.9	118160
167	-3516004800	17.8	118160
167	-3513326400	16.8	118160
167	-3510734400	11.5	118160
167	-3508056000	-2.5	118160
167	-3505464000	-0.8	118160
167	-3502785600	-2.7	118160
167	-3500107200	1.6	118160
167	-3497688000	6	118160
167	-3495009600	9.2	118160
167	-3492417600	14	118160
167	-3489739200	17.2	118160
167	-3487147200	22.5	118160
167	-3484468800	21.6	118160
167	-3481790400	13.9	118160
167	-3479198400	10.6	118160
167	-3476520000	2.1	118160
167	-3473928000	-4.5	118160
167	-3471249600	-0.6	118160
167	-3468571200	-2.4	118160
167	-3466065600	1.2	118160
167	-3463387200	8.4	118160
167	-3460795200	14.7	118160
167	-3458116800	17.3	118160
167	-3455524800	16.6	118160
167	-3452846400	18.5	118160
167	-3450168000	15.1	118160
167	-3447576000	7.9	118160
167	-3444897600	0.8	118160
167	-3442305600	-1.7	118160
167	-3439627200	-5.8	118160
167	-3436948800	2.8	118160
167	-3434529600	4.3	118160
167	-3431851200	7.2	118160
167	-3429259200	11.2	118160
167	-3426580800	18.8	118160
167	-3423988800	19.7	118160
167	-3421310400	21.2	118160
167	-3418632000	16.5	118160
167	-3416040000	10.2	118160
167	-3413361600	3.2	118160
167	-3410769600	-2.6	118160
167	-3408091200	-4.4	118160
167	-3405412800	-1.3	118160
167	-3402993600	6	118160
167	-3400315200	11.7	118160
167	-3397723200	15.6	118160
167	-3395044800	16.9	118160
167	-3392452800	19.8	118160
167	-3389774400	18.5	118160
167	-3387096000	16.2	118160
167	-3384504000	11.5	118160
167	-3381825600	3.3	118160
167	-3379233600	-2.3	118160
167	-3376555200	1.4	118160
167	-3373876800	1.3	118160
167	-3371457600	5.9	118160
167	-3368779200	8.6	118160
167	-3366187200	15.4	118160
167	-3363508800	17.9	118160
167	-3360916800	19.2	118160
167	-3358238400	21.9	118160
167	-3355560000	17	118160
167	-3352968000	11.7	118160
167	-3350289600	4.6	118160
167	-3347697600	0.4	118160
167	-3345019200	-8.6	118160
167	-3342340800	-1.5	118160
167	-3339835200	5.2	118160
167	-3337156800	6.1	118160
167	-3334564800	11.2	118160
167	-3331886400	17.5	118160
167	-3329294400	17.4	118160
167	-3326616000	16.8	118160
167	-3323937600	14.9	118160
167	-3321345600	8.2	118160
167	-3318667200	2	118160
167	-3316075200	-3.8	118160
167	-3313396800	-1.2	118160
167	-3310718400	-5.6	118160
167	-3308299200	-1.5	118160
167	-3305620800	10.4	118160
167	-3303028800	17.2	118160
167	-3300350400	15.7	118160
167	-3297758400	22.1	118160
167	-3295080000	18.6	118160
167	-3292401600	15.8	118160
167	-3289809600	10.7	118160
167	-3287131200	4.7	118160
167	-3284539200	-0.9	118160
167	-3281860800	-0.8	118160
167	-3279182400	2	118160
167	-3276763200	4.3	118160
167	-3274084800	11.2	118160
167	-3271492800	11.3	118160
167	-3268814400	20.1	118160
167	-3266222400	19	118160
167	-3263544000	17.2	118160
167	-3260865600	17.3	118160
167	-3258273600	7.8	118160
167	-3255595200	3.3	118160
167	-3253003200	-1.6	118160
167	-3250324800	-2	118160
167	-3247646400	2.5	118160
167	-3245227200	1.8	118160
167	-3242548800	9.3	118160
167	-3239956800	13.5	118160
167	-3237278400	17	118160
167	-3234686400	18.1	118160
167	-3232008000	20.2	118160
167	-3229329600	16.4	118160
167	-3226737600	8.6	118160
167	-3224059200	0.9	118160
167	-3221467200	-3.8	118160
167	-3218788800	-3.1	118160
167	-3216110400	1.8	118160
167	-3213604800	3.7	118160
167	-3210926400	8.4	118160
167	-3208334400	17.6	118160
167	-3205656000	19.4	118160
167	-3203064000	20.1	118160
167	-3200385600	20.1	118160
167	-3197707200	17.9	118160
167	-3195115200	11.3	118160
167	-3192436800	1.9	118160
167	-3189844800	2.8	118160
167	-3187166400	-3.9	118160
167	-3184488000	3	118160
167	-3182068800	2.2	118160
167	-3179390400	11.4	118160
167	-3176798400	17.2	118160
167	-3174120000	15.6	118160
167	-3171528000	21	118160
167	-3168849600	18.4	118160
167	-3166171200	16.5	118160
167	-3163579200	6.8	118160
167	-3160900800	3.2	118160
167	-3158308800	0.5	118160
167	-3155630400	-2.1	118160
167	-3152952000	-5.2	118160
167	-3150532800	0.5	118160
167	-3147854400	8.5	118160
167	-3145262400	15.6	118160
167	-3142584000	17	118160
167	-3139992000	20.1	118160
167	-3137313600	17.8	118160
167	-3134635200	13	118160
167	-3132043200	8.5	118160
167	-3129364800	5.2	118160
167	-3126772800	-4.6	118160
167	-3124094400	-4.5	118160
167	-3121416000	-2.6	118160
167	-3118996800	3.8	118160
167	-3116318400	8.6	118160
167	-3113726400	10.9	118160
167	-3111048000	14.8	118160
167	-3108456000	19.8	118160
167	-3105777600	20.1	118160
167	-3103099200	16.3	118160
167	-3100507200	7.2	118160
167	-3097828800	1.6	118160
167	-3095236800	-7.5	118160
167	-3092558400	-2.6	118160
167	-3089880000	0.6	118160
167	-3087374400	4.5	118160
167	-3084696000	10.6	118160
167	-3082104000	15.9	118160
167	-3079425600	16.4	118160
167	-3076833600	20	118160
167	-3074155200	17.3	118160
167	-3071476800	16.1	118160
167	-3068884800	11.5	118160
167	-3066206400	5.9	118160
167	-3063614400	2.4	118160
167	-3060936000	-0.2	118160
167	-3058257600	-0.4	118160
167	-3055838400	6.1	118160
167	-3053160000	8.3	118160
167	-3050568000	10.4	118160
167	-3047889600	16.6	118160
167	-3045297600	21.3	118160
167	-3042619200	21.6	118160
167	-3039940800	14	118160
167	-3037348800	11.4	118160
167	-3034670400	4.4	118160
167	-3032078400	-0.7	118160
167	-3029400000	-2.7	118160
167	-3026721600	-0.7	118160
167	-3024302400	2.5	118160
167	-3021624000	10.5	118160
167	-3019032000	9.3	118160
167	-3016353600	17.4	118160
167	-3013761600	21.8	118160
167	-3011083200	17.3	118160
167	-3008404800	17.1	118160
167	-3005812800	9.5	118160
167	-3003134400	-1	118160
167	-3000542400	-1.5	118160
167	-2997864000	-2.9	118160
167	-2995185600	-5.2	118160
167	-2992766400	-1.5	118160
167	-2990088000	8.1	118160
167	-2987496000	14.5	118160
167	-2984817600	20.1	118160
167	-2982225600	19.3	118160
167	-2979547200	20.3	118160
167	-2976868800	14	118160
167	-2974276800	7.4	118160
167	-2971598400	1.6	118160
167	-2969006400	-3.9	118160
167	-2966328000	-6.3	118160
167	-2963649600	-2.1	118160
167	-2961144000	4.2	118160
167	-2958465600	11.6	118160
167	-2955873600	10.4	118160
167	-2953195200	18.1	118160
167	-2950603200	19.5	118160
167	-2947924800	20	118160
167	-2945246400	13.8	118160
167	-2942654400	10.6	118160
167	-2939976000	-1.5	118160
167	-2937384000	1.3	118160
167	-2934705600	0.3	118160
167	-2932027200	0.7	118160
167	-2929608000	2.2	118160
167	-2926929600	7.5	118160
167	-2924337600	10.8	118160
167	-2921659200	18.9	118160
167	-2919067200	18.9	118160
167	-2916388800	21.2	118160
167	-2913710400	12.5	118160
167	-2911118400	7.4	118160
167	-2908440000	4.2	118160
167	-2905848000	-1.5	118160
167	-2903169600	-3.6	118160
167	-2900491200	0.8	118160
167	-2898072000	2.9	118160
167	-2895393600	9.9	118160
167	-2892801600	13.9	118160
167	-2890123200	17.2	118160
167	-2887531200	18.1	118160
167	-2884852800	19.1	118160
167	-2882174400	16.8	118160
167	-2879582400	10.7	118160
167	-2876904000	4.3	118160
167	-2874312000	-2.6	118160
167	-2871633600	-3.4	118160
167	-2868955200	0.3	118160
167	-2866536000	2.6	118160
167	-2863857600	8.4	118160
167	-2861265600	11.7	118160
167	-2858587200	17.9	118160
167	-2855995200	16.8	118160
167	-2853316800	19.8	118160
167	-2850638400	16.9	118160
167	-2848046400	7.9	118160
167	-2845368000	-0.4	118160
167	-2842776000	-9.1	118160
167	-2840097600	-3.7	118160
167	-2837419200	-2.6	118160
167	-2834913600	2.6	118160
167	-2832235200	11.6	118160
167	-2829643200	12.3	118160
167	-2826964800	17.2	118160
167	-2824372800	21.1	118160
167	-2821694400	17.6	118160
167	-2819016000	15.3	118160
167	-2816424000	9	118160
167	-2813745600	4.2	118160
167	-2811153600	2.2	118160
167	-2808475200	-5.7	118160
167	-2805796800	-2	118160
167	-2803377600	2.6	118160
167	-2800699200	6.5	118160
167	-2798107200	12.9	118160
167	-2795428800	16.4	118160
167	-2792836800	20.1	118160
167	-2790158400	19.4	118160
167	-2787480000	13.2	118160
167	-2784888000	5.7	118160
167	-2782209600	1.6	118160
167	-2779617600	-0.8	118160
167	-2776939200	-0.5	118160
167	-2774260800	0.8	118160
167	-2771841600	7.8	118160
167	-2769163200	9.3	118160
167	-2766571200	14.2	118160
167	-2763892800	15.5	118160
167	-2761300800	19.5	118160
167	-2758622400	16.4	118160
167	-2755944000	14.9	118160
167	-2753352000	9.6	118160
167	-2750673600	3.2	118160
167	-2748081600	0.2	118160
167	-2745403200	-2.8	118160
167	-2742724800	0.4	118160
167	-2740305600	-1.1	118160
167	-2737627200	6.6	118160
167	-2735035200	14	118160
167	-2732356800	17.6	118160
167	-2729764800	19	118160
167	-2727086400	17.9	118160
167	-2724408000	14.5	118160
167	-2721816000	9.1	118160
167	-2719137600	2.9	118160
167	-2716545600	-1.1	118160
167	-2713867200	0.3	118160
167	-2711188800	1.1	118160
167	-2708683200	4.6	118160
167	-2706004800	7.4	118160
167	-2703412800	14.6	118160
167	-2700734400	14.2	118160
167	-2698142400	19.9	118160
167	-2695464000	18.3	118160
167	-2692785600	15.6	118160
167	-2690193600	8.4	118160
167	-2687515200	1.1	118160
167	-2684923200	0.2	118160
167	-2682244800	-3.3	118160
167	-2679566400	0.8	118160
167	-2677147200	3.8	118160
167	-2674468800	11.3	118160
167	-2671876800	11.9	118160
167	-2669198400	18.5	118160
167	-2666606400	19.6	118160
167	-2663928000	17.4	118160
167	-2661249600	15.2	118160
167	-2658657600	9.2	118160
167	-2655979200	3.6	118160
167	-2653387200	-2.6	118160
167	-2650708800	-2.6	118160
167	-2648030400	-3.3	118160
167	-2645611200	-0.6	118160
167	-2642932800	10.3	118160
167	-2640340800	13.7	118160
167	-2637662400	16.1	118160
167	-2635070400	18.9	118160
167	-2632392000	20	118160
167	-2629713600	17.6	118160
167	-2627121600	10.8	118160
167	-2624443200	4.7	118160
167	-2621851200	0.2	118160
167	-2619172800	-3.8	118160
167	-2616494400	-2.6	118160
167	-2614075200	1.5	118160
167	-2611396800	9	118160
167	-2608804800	12.6	118160
167	-2606126400	16.3	118160
167	-2603534400	21.9	118160
167	-2600856000	18.5	118160
167	-2598177600	16.2	118160
167	-2595585600	6.8	118160
167	-2592907200	4	118160
167	-2590315200	-2.9	118160
167	-2587636800	-4.6	118160
167	-2584958400	-4.6	118160
167	-2582452800	2.2	118160
167	-2579774400	7.8	118160
167	-2577182400	14.7	118160
167	-2574504000	17.5	118160
167	-2571912000	17.6	118160
167	-2569233600	17.9	118160
167	-2566555200	15	118160
167	-2563963200	7.8	118160
167	-2561284800	0.7	118160
167	-2558692800	-0.4	118160
167	-2556014400	-3.3	118160
167	-2553336000	-2.3	118160
167	-2550916800	0.1	118160
167	-2548238400	8.6	118160
167	-2545646400	17.9	118160
167	-2542968000	20.3	118160
167	-2540376000	19.2	118160
167	-2537697600	18.1	118160
167	-2535019200	12.1	118160
167	-2532427200	10.8	118160
167	-2529748800	2.4	118160
167	-2527156800	-4.6	118160
167	-2524478400	-0.3	118160
167	-2521800000	-2.4	118160
167	-2519380800	5.1	118160
167	-2516702400	8.9	118160
167	-2514110400	15.8	118160
167	-2511432000	15.5	118160
167	-2508840000	18.5	118160
167	-2506161600	21.2	118160
167	-2503483200	13.9	118160
167	-2500891200	8.3	118160
167	-2498212800	3.2	118160
167	-2495620800	-6.2	118160
167	-2492942400	-8.6	118160
167	-2490264000	-4.1	118160
167	-2487844800	2.9	118160
167	-2485166400	6.5	118160
167	-2482574400	16	118160
167	-2479896000	16.5	118160
167	-2477304000	18	118160
167	-2474625600	17.3	118160
167	-2471947200	15.6	118160
167	-2469355200	11.7	118160
167	-2466676800	2.7	118160
167	-2464084800	-0.1	118160
167	-2461406400	-2.5	118160
167	-2458728000	-0.3	118160
167	-2456222400	1.2	118160
167	-2453544000	9	118160
167	-2450952000	13.7	118160
167	-2448273600	17.1	118160
167	-2445681600	18.4	118160
167	-2443003200	21.4	118160
167	-2440324800	16.3	118160
167	-2437732800	9.2	118160
167	-2435054400	1.1	118160
167	-2432462400	-3.6	118160
167	-2429784000	-10.3	118160
167	-2427105600	-0.1	118160
167	-2424686400	4	118160
167	-2422008000	8.7	118160
167	-2419416000	13.3	118160
167	-2416737600	16.3	118160
167	-2414145600	18.8	118160
167	-2411467200	18.5	118160
167	-2408788800	14.7	118160
167	-2406196800	10.7	118160
167	-2403518400	2	118160
167	-2400926400	-0.5	118160
167	-2398248000	-4.7	118160
167	-2395569600	1.1	118160
167	-2393150400	4.9	118160
167	-2390472000	11.8	118160
167	-2387880000	14.4	118160
167	-2385201600	15.1	118160
167	-2382609600	20.1	118160
167	-2379931200	18.1	118160
167	-2377252800	13.2	118160
167	-2374660800	9.8	118160
167	-2371982400	4.1	118160
167	-2369390400	-1.5	118160
167	-2366712000	-3.5	118160
167	-2364033600	-6.2	118160
167	-2361614400	1.1	118160
167	-2358936000	8.5	118160
167	-2356344000	12.9	118160
167	-2353665600	16.8	118160
167	-2351073600	20	118160
167	-2348395200	18.3	118160
167	-2345716800	16.8	118160
167	-2343124800	8.7	118160
167	-2340446400	4.5	118160
167	-2337854400	-1.6	118160
167	-2335176000	-6.6	118160
167	-2332497600	-1.1	118160
167	-2329992000	5.4	118160
167	-2327313600	6.9	118160
167	-2324721600	12.3	118160
167	-2322043200	17.9	118160
167	-2319451200	19.2	118160
167	-2316772800	16.5	118160
167	-2314094400	15.1	118160
167	-2311502400	12	118160
167	-2308824000	2.2	118160
167	-2306232000	-0.8	118160
167	-2303553600	-1.9	118160
167	-2300875200	0.4	118160
167	-2298456000	5.6	118160
167	-2295777600	8.8	118160
167	-2293185600	11.9	118160
167	-2290507200	18.2	118160
167	-2287915200	19	118160
167	-2285236800	19.2	118160
167	-2282558400	15.2	118160
167	-2279966400	8	118160
167	-2277288000	1.2	118160
167	-2274696000	-1.6	118160
167	-2272017600	-0.7	118160
167	-2269339200	1	118160
167	-2266920000	4.6	118160
167	-2264241600	10.1	118160
167	-2261649600	14.3	118160
167	-2258971200	16.6	118160
167	-2256379200	17.4	118160
167	-2253700800	19.8	118160
167	-2251022400	15.1	118160
167	-2248430400	10	118160
167	-2245752000	5.8	118160
167	-2243160000	0.8	118160
167	-2240481600	1.3	118160
167	-2237803200	0	118160
167	-2235384000	2.5	118160
167	-2232705600	9	118160
167	-2230113600	12.8	118160
167	-2227435200	16.2	118160
167	-2224843200	18.5	118160
167	-2222164800	18.3	118160
167	-2219486400	14.4	118160
167	-2216894400	8.3	118160
167	-2214216000	5.4	118160
167	-2211624000	-4.9	118160
167	-2208945600	-1.1	118160
167	-2206267200	2.6	118160
167	-2203848000	0.3	118160
167	-2201169600	7.7	118160
167	-2198577600	12	118160
167	-2195899200	17.3	118160
167	-2193307200	20.1	118160
167	-2190628800	18.4	118160
167	-2187950400	16	118160
167	-2185358400	10.1	118160
167	-2182680000	6	118160
167	-2180088000	-0.1	118160
167	-2177409600	-6.4	118160
167	-2174731200	-5.1	118160
167	-2172312000	2.7	118160
167	-2169633600	9.2	118160
167	-2167041600	14.7	118160
167	-2164363200	17.9	118160
167	-2161771200	20	118160
167	-2159092800	18.4	118160
167	-2156414400	13.9	118160
167	-2153822400	10.8	118160
167	-2151144000	2.5	118160
167	-2148552000	1.8	118160
167	-2145873600	2	118160
167	-2143195200	-0.5	118160
167	-2140776000	3.1	118160
167	-2138097600	8.5	118160
167	-2135505600	9.9	118160
167	-2132827200	15.6	118160
167	-2130235200	17.3	118160
167	-2127556800	17.9	118160
167	-2124878400	14.5	118160
167	-2122286400	8.2	118160
167	-2119608000	0.2	118160
167	-2117016000	-4.9	118160
167	-2114337600	-3.5	118160
167	-2111659200	2.5	118160
167	-2109240000	6.3	118160
167	-2106561600	6.3	118160
167	-2103969600	13.8	118160
167	-2101291200	15.9	118160
167	-2098699200	18	118160
167	-2096020800	18	118160
167	-2093342400	14.7	118160
167	-2090750400	9.8	118160
167	-2088072000	4.7	118160
167	-2085480000	-0.4	118160
167	-2082801600	-3.4	118160
167	-2080123200	1.3	118160
167	-2077617600	3.9	118160
167	-2074939200	9.1	118160
167	-2072347200	13.3	118160
167	-2069668800	17.5	118160
167	-2067076800	20.9	118160
167	-2064398400	19.6	118160
167	-2061720000	13.2	118160
167	-2059128000	8.9	118160
167	-2056449600	2	118160
167	-2053857600	0.3	118160
167	-2051179200	-4.8	118160
167	-2048500800	0.1	118160
167	-2046081600	4.6	118160
167	-2043403200	7	118160
167	-2040811200	13.6	118160
167	-2038132800	17.9	118160
167	-2035540800	20.6	118160
167	-2032862400	19.8	118160
167	-2030184000	15.7	118160
167	-2027592000	5.5	118160
167	-2024913600	4.2	118160
167	-2022321600	0.5	118160
167	-2019643200	-1.6	118160
167	-2016964800	-0.2	118160
167	-2014545600	3.7	118160
167	-2011867200	10	118160
167	-2009275200	14.5	118160
167	-2006596800	15.6	118160
167	-2004004800	18.7	118160
167	-2001326400	17.9	118160
167	-1998648000	13.4	118160
167	-1996056000	9.3	118160
167	-1993377600	6.4	118160
167	-1990785600	-2.8	118160
167	-1988107200	-2.8	118160
167	-1985428800	-2.6	118160
167	-1983009600	2	118160
167	-1980331200	6.4	118160
167	-1977739200	15.8	118160
167	-1975060800	17.4	118160
167	-1972468800	17.3	118160
167	-1969790400	18.6	118160
167	-1967112000	14.6	118160
167	-1964520000	14	118160
167	-1961841600	2.5	118160
167	-1959249600	0.8	118160
167	-1956571200	-4	118160
167	-1953892800	0.6	118160
167	-1951387200	2.9	118160
167	-1948708800	7.5	118160
167	-1946116800	16.3	118160
167	-1943438400	19	118160
167	-1940846400	18.9	118160
167	-1938168000	16.9	118160
167	-1935489600	13.7	118160
167	-1932897600	9	118160
167	-1930219200	-0.7	118160
167	-1927627200	-2.9	118160
167	-1924948800	-4	118160
167	-1922270400	-4	118160
167	-1919851200	2.5	118160
167	-1917172800	9.5	118160
167	-1914580800	12	118160
167	-1911902400	16.5	118160
167	-1909310400	17.6	118160
167	-1906632000	19	118160
167	-1903953600	15.6	118160
167	-1901361600	11.6	118160
167	-1898683200	2.4	118160
167	-1896091200	1.2	118160
167	-1893412800	-0.7	118160
167	-1890734400	2.2	118160
167	-1888315200	4.8	118160
167	-1885636800	8.6	118160
167	-1883044800	13.5	118160
167	-1880366400	18	118160
167	-1877774400	17.6	118160
167	-1875096000	18.1	118160
167	-1872417600	13.1	118160
167	-1869825600	9.8	118160
167	-1867147200	2.6	118160
167	-1864555200	2.8	118160
167	-1861876800	-1.7	118160
167	-1859198400	-1.4	118160
167	-1856779200	4.2	118160
167	-1854100800	9.1	118160
167	-1851508800	13.6	118160
167	-1848830400	16.4	118160
167	-1846238400	21.3	118160
167	-1843560000	20.5	118160
167	-1840881600	15.8	118160
167	-1838289600	9.5	118160
167	-1835611200	5.6	118160
167	-1833019200	1.6	118160
167	-1830340800	-4.5	118160
167	-1827662400	1.6	118160
167	-1825156800	6.1	118160
167	-1822478400	7.4	118160
167	-1819886400	13	118160
167	-1817208000	17.5	118160
167	-1814616000	19	118160
167	-1811937600	16.3	118160
167	-1809259200	9.9	118160
167	-1806667200	6.8	118160
167	-1803988800	0.7	118160
167	-1801396800	0.8	118160
167	-1798718400	-3.8	118160
167	-1796040000	-0.7	118160
167	-1793620800	6.1	118160
167	-1790942400	8.9	118160
167	-1788350400	12.8	118160
167	-1785672000	16.8	118160
167	-1783080000	16	118160
167	-1780401600	17	118160
167	-1777723200	14.2	118160
167	-1775131200	9.9	118160
167	-1772452800	5.3	118160
167	-1769860800	1.4	118160
167	-1767182400	-6.1	118160
167	-1764504000	-2.4	118160
167	-1762084800	4.8	118160
167	-1759406400	11.4	118160
167	-1756814400	13.2	118160
167	-1754136000	16.8	118160
167	-1751544000	18.1	118160
167	-1748865600	18.9	118160
167	-1746187200	14.2	118160
167	-1743595200	8.7	118160
167	-1740916800	2.4	118160
167	-1738324800	1.8	118160
167	-1735646400	0.2	118160
167	-1732968000	0.1	118160
167	-1730548800	1.8	118160
167	-1727870400	9.1	118160
167	-1725278400	14.4	118160
167	-1722600000	19	118160
167	-1720008000	18.2	118160
167	-1717329600	16.5	118160
167	-1714651200	12.5	118160
167	-1712059200	7.3	118160
167	-1709380800	1.8	118160
167	-1706788800	3.5	118160
167	-1704110400	2.6	118160
167	-1701432000	0	118160
167	-1698926400	6.7	118160
167	-1696248000	9.4	118160
167	-1693656000	14.6	118160
167	-1690977600	15.4	118160
167	-1688385600	18.9	118160
167	-1685707200	17.9	118160
167	-1683028800	13.6	118160
167	-1680436800	9.1	118160
167	-1677758400	5.2	118160
167	-1675166400	3.2	118160
167	-1672488000	-2.3	118160
167	-1669809600	-5.1	118160
167	-1667390400	1.3	118160
167	-1664712000	6.4	118160
167	-1662120000	15.3	118160
167	-1659441600	19.8	118160
167	-1656849600	20.2	118160
167	-1654171200	20	118160
167	-1651492800	17.4	118160
167	-1648900800	9.5	118160
167	-1646222400	4.4	118160
167	-1643630400	-2.9	118160
167	-1640952000	-0.6	118160
167	-1638273600	0.2	118160
167	-1635854400	4.9	118160
167	-1633176000	11.7	118160
167	-1630584000	14.7	118160
167	-1627905600	15	118160
167	-1625313600	18.2	118160
167	-1622635200	17.6	118160
167	-1619956800	15.3	118160
167	-1617364800	9.3	118160
167	-1614686400	2.1	118160
167	-1612094400	0.3	118160
167	-1609416000	0.6	118160
167	-1606737600	-1	118160
167	-1604318400	3.8	118160
167	-1601640000	6.2	118160
167	-1599048000	9.7	118160
167	-1596369600	16.4	118160
167	-1593777600	16.2	118160
167	-1591099200	18.5	118160
167	-1588420800	16.5	118160
167	-1585828800	7.8	118160
167	-1583150400	1.7	118160
167	-1580558400	0.5	118160
167	-1577880000	1.5	118160
167	-1575201600	2	118160
167	-1572696000	6.4	118160
167	-1570017600	11.8	118160
167	-1567425600	15.6	118160
167	-1564747200	15.4	118160
167	-1562155200	19.1	118160
167	-1559476800	16.8	118160
167	-1556798400	14.8	118160
167	-1554206400	6.8	118160
167	-1551528000	-1.3	118160
167	-1548936000	0.8	118160
167	-1546257600	3.1	118160
167	-1543579200	0.6	118160
167	-1541160000	7	118160
167	-1538481600	8.3	118160
167	-1535889600	15.8	118160
167	-1533211200	16.5	118160
167	-1530619200	21	118160
167	-1527940800	20.1	118160
167	-1525262400	15.3	118160
167	-1522670400	11.7	118160
167	-1519992000	0.4	118160
167	-1517400000	-1.3	118160
167	-1514721600	-3.8	118160
167	-1512043200	-3.9	118160
167	-1509624000	4.6	118160
167	-1506945600	7.6	118160
167	-1504353600	14.9	118160
167	-1501675200	18.4	118160
167	-1499083200	18.8	118160
167	-1496404800	18.5	118160
167	-1493726400	12.1	118160
167	-1491134400	6.6	118160
167	-1488456000	1.8	118160
167	-1485864000	0.4	118160
167	-1483185600	0.1	118160
167	-1480507200	-0.7	118160
167	-1478088000	5	118160
167	-1475409600	7.7	118160
167	-1472817600	15.4	118160
167	-1470139200	13.7	118160
167	-1467547200	20.5	118160
167	-1464868800	19.2	118160
167	-1462190400	14.8	118160
167	-1459598400	11.6	118160
167	-1456920000	4.2	118160
167	-1454328000	-1.5	118160
167	-1451649600	-4.6	118160
167	-1448971200	-2.8	118160
167	-1446465600	2.5	118160
167	-1443787200	7.9	118160
167	-1441195200	15.8	118160
167	-1438516800	16.9	118160
167	-1435924800	18.9	118160
167	-1433246400	16.4	118160
167	-1430568000	16.2	118160
167	-1427976000	10.2	118160
167	-1425297600	2.7	118160
167	-1422705600	-0.9	118160
167	-1420027200	-0.3	118160
167	-1417348800	4.3	118160
167	-1414929600	2.6	118160
167	-1412251200	9.7	118160
167	-1409659200	14.9	118160
167	-1406980800	15.6	118160
167	-1404388800	18.9	118160
167	-1401710400	17.9	118160
167	-1399032000	13.4	118160
167	-1396440000	9.8	118160
167	-1393761600	3.7	118160
167	-1391169600	-2.6	118160
167	-1388491200	-2.4	118160
167	-1385812800	3.2	118160
167	-1383393600	3.9	118160
167	-1380715200	10.8	118160
167	-1378123200	12.6	118160
167	-1375444800	15.1	118160
167	-1372852800	18.4	118160
167	-1370174400	17.5	118160
167	-1367496000	16	118160
167	-1364904000	10.2	118160
167	-1362225600	9	118160
167	-1359633600	-0.2	118160
167	-1356955200	0.8	118160
167	-1354276800	-0.7	118160
167	-1351857600	6.7	118160
167	-1349179200	8.8	118160
167	-1346587200	12.7	118160
167	-1343908800	17.7	118160
167	-1341316800	19.7	118160
167	-1338638400	19.2	118160
167	-1335960000	15.8	118160
167	-1333368000	9.4	118160
167	-1330689600	3.9	118160
167	-1328097600	-4.6	118160
167	-1325419200	-1.2	118160
167	-1322740800	0.6	118160
167	-1320235200	2.2	118160
167	-1317556800	9.3	118160
167	-1314964800	11.3	118160
167	-1312286400	16.2	118160
167	-1309694400	21.9	118160
167	-1307016000	19.6	118160
167	-1304337600	15.5	118160
167	-1301745600	9.3	118160
167	-1299067200	6.3	118160
167	-1296475200	-1.4	118160
167	-1293796800	-6.1	118160
167	-1291118400	-10.5	118160
167	-1288699200	1.3	118160
167	-1286020800	5.8	118160
167	-1283428800	14.7	118160
167	-1280750400	16.6	118160
167	-1278158400	19.9	118160
167	-1275480000	20	118160
167	-1272801600	16.9	118160
167	-1270209600	11.3	118160
167	-1267531200	5.3	118160
167	-1264939200	1.9	118160
167	-1262260800	-0.8	118160
167	-1259582400	-0.4	118160
167	-1257163200	5.3	118160
167	-1254484800	10.1	118160
167	-1251892800	13.5	118160
167	-1249214400	20.5	118160
167	-1246622400	19.1	118160
167	-1243944000	17.9	118160
167	-1241265600	15.3	118160
167	-1238673600	9.3	118160
167	-1235995200	6.2	118160
167	-1233403200	-0.6	118160
167	-1230724800	-1.2	118160
167	-1228046400	-1.5	118160
167	-1225627200	0.2	118160
167	-1222948800	7.1	118160
167	-1220356800	17.4	118160
167	-1217678400	19	118160
167	-1215086400	20	118160
167	-1212408000	17.2	118160
167	-1209729600	11	118160
167	-1207137600	8.3	118160
167	-1204459200	3	118160
167	-1201867200	-1.2	118160
167	-1199188800	-1.7	118160
167	-1196510400	-3.8	118160
167	-1194004800	-0.3	118160
167	-1191326400	9.5	118160
167	-1188734400	14.6	118160
167	-1186056000	16.3	118160
167	-1183464000	20.6	118160
167	-1180785600	20.2	118160
167	-1178107200	18.7	118160
167	-1175515200	10.1	118160
167	-1172836800	3.6	118160
167	-1170244800	-1.3	118160
167	-1167566400	-4.9	118160
167	-1164888000	-0.3	118160
167	-1162468800	4.6	118160
167	-1159790400	7.5	118160
167	-1157198400	12.6	118160
167	-1154520000	15.6	118160
167	-1151928000	19.7	118160
167	-1149249600	18.8	118160
167	-1146571200	14.3	118160
167	-1143979200	9.4	118160
167	-1141300800	3.4	118160
167	-1138708800	-5.9	118160
167	-1136030400	-2	118160
167	-1133352000	0.2	118160
167	-1130932800	6.9	118160
167	-1128254400	12.1	118160
167	-1125662400	16	118160
167	-1122984000	17	118160
167	-1120392000	20.5	118160
167	-1117713600	18.8	118160
167	-1115035200	16.7	118160
167	-1112443200	9.6	118160
167	-1109764800	5.7	118160
167	-1107172800	4.1	118160
167	-1104494400	-3.6	118160
167	-1101816000	-0.2	118160
167	-1099396800	2.7	118160
167	-1096718400	8.7	118160
167	-1094126400	12	118160
167	-1091448000	19.5	118160
167	-1088856000	19.7	118160
167	-1086177600	18.8	118160
167	-1083499200	15.4	118160
167	-1080907200	11.2	118160
167	-1078228800	4.3	118160
167	-1075636800	0.1	118160
167	-1072958400	2.5	118160
167	-1070280000	0.3	118160
167	-1067774400	6	118160
167	-1065096000	9.3	118160
167	-1062504000	14.8	118160
167	-1059825600	17.4	118160
167	-1057233600	20.2	118160
167	-1054555200	17.6	118160
167	-1051876800	14.9	118160
167	-1049284800	5.9	118160
167	-1046606400	3.4	118160
167	-1044014400	0.1	118160
167	-1041336000	-3.9	118160
167	-1038657600	0.3	118160
167	-1036238400	5	118160
167	-1033560000	8.5	118160
167	-1030968000	17.1	118160
167	-1028289600	18.5	118160
167	-1025697600	19.6	118160
167	-1023019200	18.6	118160
167	-1020340800	15.3	118160
167	-1017748800	10.5	118160
167	-1015070400	3.8	118160
167	-1012478400	-0.7	118160
167	-1009800000	-1.1	118160
167	-1007121600	1.1	118160
167	-1004702400	8.1	118160
167	-1002024000	6.5	118160
167	-999432000	12.5	118160
167	-996753600	19	118160
167	-994161600	20.1	118160
167	-991483200	19.2	118160
167	-988804800	15	118160
167	-986212800	10.6	118160
167	-983534400	5.9	118160
167	-980942400	-2.3	118160
167	-978264000	0.1	118160
167	-975585600	1.7	118160
167	-973166400	1.4	118160
167	-970488000	12.2	118160
167	-967896000	12.5	118160
167	-965217600	17.6	118160
167	-962625600	20	118160
167	-959947200	19.7	118160
167	-957268800	15.3	118160
167	-954676800	8.1	118160
167	-951998400	4.6	118160
167	-949406400	-1.1	118160
167	-946728000	-9.3	118160
167	-944049600	-6.8	118160
167	-941544000	1.2	118160
167	-938865600	9.6	118160
167	-936273600	12.3	118160
167	-933595200	17.6	118160
167	-931003200	18.2	118160
167	-928324800	15.9	118160
167	-925646400	14.8	118160
167	-923054400	9.4	118160
167	-920376000	5.5	118160
167	-917784000	-4.5	118160
167	-915105600	-5.3	118160
167	-912427200	-0.4	118160
167	-910008000	4.5	118160
167	-907329600	7.9	118160
167	-904737600	11.2	118160
167	-902059200	17	118160
167	-899467200	18.7	118160
167	-896788800	17.8	118160
167	-894110400	13.3	118160
167	-891518400	8.8	118160
167	-888840000	0.8	118160
167	-886248000	0.7	118160
167	-883569600	-10.9	118160
167	-880891200	-4.9	118160
167	-878472000	1.1	118160
167	-875793600	8.1	118160
167	-873201600	14.6	118160
167	-870523200	16.7	118160
167	-867931200	18.1	118160
167	-865252800	19.9	118160
167	-862574400	19.4	118160
167	-859982400	12.1	118160
167	-857304000	3	118160
167	-854712000	1.1	118160
167	-852033600	-5.7	118160
167	-849355200	2.1	118160
167	-846936000	5.4	118160
167	-844257600	10.5	118160
167	-841665600	13.5	118160
167	-838987200	15.7	118160
167	-836395200	19.2	118160
167	-833716800	20.9	118160
167	-831038400	17.3	118160
167	-828446400	11.6	118160
167	-825768000	3.1	118160
167	-823176000	-0.3	118160
167	-820497600	2.5	118160
167	-817819200	-1.3	118160
167	-815313600	0.8	118160
167	-812635200	9.6	118160
167	-810043200	12.7	118160
167	-807364800	16.1	118160
167	-804772800	18.9	118160
167	-802094400	21.4	118160
167	-799416000	15	118160
167	-796824000	10.8	118160
167	-794145600	3.6	118160
167	-791553600	-1.1	118160
167	-788875200	-5.4	118160
167	-786196800	1.2	118160
167	-783777600	5.9	118160
167	-781099200	10.5	118160
167	-778507200	15.9	118160
167	-775828800	19.1	118160
167	-773236800	21.1	118160
167	-770558400	19.7	118160
167	-767880000	15.9	118160
167	-765288000	10.3	118160
167	-762609600	4	118160
167	-760017600	0.9	118160
167	-757339200	-5	118160
167	-754660800	1.6	118160
167	-752241600	5.6	118160
167	-749563200	12.6	118160
167	-746971200	16.9	118160
167	-744292800	18.2	118160
167	-741700800	21.2	118160
167	-739022400	19.8	118160
167	-736344000	16.9	118160
167	-733752000	6.1	118160
167	-731073600	3.5	118160
167	-728481600	-2.6	118160
167	-725803200	-7.3	118160
167	-723124800	-5.6	118160
167	-720705600	3.6	118160
167	-718027200	11.9	118160
167	-715435200	15.8	118160
167	-712756800	19	118160
167	-710164800	21.2	118160
167	-707486400	20.1	118160
167	-704808000	19.5	118160
167	-702216000	8.2	118160
167	-699537600	5.7	118160
167	-696945600	0.9	118160
167	-694267200	2.1	118160
167	-691588800	-1	118160
167	-689083200	5.3	118160
167	-686404800	11.4	118160
167	-683812800	16.4	118160
167	-681134400	16.5	118160
167	-678542400	17.4	118160
167	-675864000	18.7	118160
167	-673185600	15.7	118160
167	-670593600	10	118160
167	-667915200	3	118160
167	-665323200	-3.3	118160
167	-662644800	0.4	118160
167	-659966400	1.5	118160
167	-657547200	1.7	118160
167	-654868800	11	118160
167	-652276800	14.6	118160
167	-649598400	15.5	118160
167	-647006400	19.2	118160
167	-644328000	17.8	118160
167	-641649600	16.7	118160
167	-639057600	10.6	118160
167	-636379200	5	118160
167	-633787200	1.9	118160
167	-631108800	-4.3	118160
167	-628430400	0.7	118160
167	-626011200	6.3	118160
167	-623332800	9.8	118160
167	-620740800	16.4	118160
167	-618062400	20.1	118160
167	-615470400	21.6	118160
167	-612792000	20.2	118160
167	-610113600	14.6	118160
167	-607521600	7.5	118160
167	-604843200	4.2	118160
167	-602251200	0.4	118160
167	-599572800	0.6	118160
167	-596894400	2.4	118160
167	-594475200	3.7	118160
167	-591796800	10	118160
167	-589204800	13.7	118160
167	-586526400	17.5	118160
167	-583934400	19.5	118160
167	-581256000	20.2	118160
167	-578577600	16.6	118160
167	-575985600	9.2	118160
167	-573307200	6.8	118160
167	-570715200	1.3	118160
167	-568036800	-0.7	118160
167	-565358400	-0.7	118160
167	-562852800	0.8	118160
167	-560174400	12.9	118160
167	-557582400	13.2	118160
167	-554904000	17.6	118160
167	-552312000	21.9	118160
167	-549633600	22.3	118160
167	-546955200	12.7	118160
167	-544363200	8.8	118160
167	-541684800	2.7	118160
167	-539092800	-1.6	118160
167	-536414400	-1.7	118160
167	-533736000	0	118160
167	-531316800	5.3	118160
167	-528638400	10.8	118160
167	-526046400	13.8	118160
167	-523368000	18	118160
167	-520776000	20.5	118160
167	-518097600	18.5	118160
167	-515419200	16.3	118160
167	-512827200	11.5	118160
167	-510148800	3.3	118160
167	-507556800	0.2	118160
167	-504878400	-6.2	118160
167	-502200000	-6.6	118160
167	-499780800	5.2	118160
167	-497102400	6.4	118160
167	-494510400	13.6	118160
167	-491832000	18.9	118160
167	-489240000	17.1	118160
167	-486561600	19	118160
167	-483883200	16.7	118160
167	-481291200	9.8	118160
167	-478612800	3.1	118160
167	-476020800	2.7	118160
167	-473342400	-2.8	118160
167	-470664000	-1	118160
167	-468244800	1.5	118160
167	-465566400	7.2	118160
167	-462974400	13.2	118160
167	-460296000	16.5	118160
167	-457704000	19.3	118160
167	-455025600	18.3	118160
167	-452347200	15.7	118160
167	-449755200	9.5	118160
167	-447076800	3.9	118160
167	-444484800	2.1	118160
167	-441806400	0.5	118160
167	-439128000	-9.4	118160
167	-436622400	1	118160
167	-433944000	8.3	118160
167	-431352000	13.9	118160
167	-428673600	15.9	118160
167	-426081600	19.8	118160
167	-423403200	18.4	118160
167	-420724800	16.6	118160
167	-418132800	9.9	118160
167	-415454400	1	118160
167	-412862400	0.2	118160
167	-410184000	-2.4	118160
167	-407505600	2.9	118160
167	-405086400	6.3	118160
167	-402408000	9.6	118160
167	-399816000	11.7	118160
167	-397137600	19.8	118160
167	-394545600	20	118160
167	-391867200	17.5	118160
167	-389188800	13.8	118160
167	-386596800	10.1	118160
167	-383918400	5.3	118160
167	-381326400	0	118160
167	-378648000	-1.1	118160
167	-375969600	2.3	118160
167	-373550400	-0.8	118160
167	-370872000	6.8	118160
167	-368280000	17.9	118160
167	-365601600	16.5	118160
167	-363009600	19.8	118160
167	-360331200	18.9	118160
167	-357652800	15.9	118160
167	-355060800	9.9	118160
167	-352382400	5.1	118160
167	-349790400	2.3	118160
167	-347112000	-1.2	118160
167	-344433600	-0.7	118160
167	-342014400	7	118160
167	-339336000	10.1	118160
167	-336744000	14.5	118160
167	-334065600	16.8	118160
167	-331473600	20.2	118160
167	-328795200	18.6	118160
167	-326116800	14.9	118160
167	-323524800	10	118160
167	-320846400	4.2	118160
167	-318254400	2.4	118160
167	-315576000	-2.1	118160
167	-312897600	-0.7	118160
167	-310392000	4.8	118160
167	-307713600	9.6	118160
167	-305121600	13.7	118160
167	-302443200	18.2	118160
167	-299851200	17.7	118160
167	-297172800	18.8	118160
167	-294494400	13.7	118160
167	-291902400	10.5	118160
167	-289224000	6.4	118160
167	-286632000	2.3	118160
167	-283953600	-2.4	118160
167	-281275200	2.5	118160
167	-278856000	7.9	118160
167	-276177600	13	118160
167	-273585600	12.8	118160
167	-270907200	18.9	118160
167	-268315200	18.3	118160
167	-265636800	19.8	118160
167	-262958400	18.3	118160
167	-260366400	11.4	118160
167	-257688000	4.2	118160
167	-255096000	-2	118160
167	-252417600	-0.6	118160
167	-249739200	-0.8	118160
167	-247320000	0.7	118160
167	-244641600	11.3	118160
167	-242049600	12.4	118160
167	-239371200	16.2	118160
167	-236779200	18.2	118160
167	-234100800	21	118160
167	-231422400	14.5	118160
167	-228830400	11	118160
167	-226152000	3.2	118160
167	-223560000	-4.1	118160
167	-220881600	-7.2	118160
167	-218203200	-5.2	118160
167	-215784000	2	118160
167	-213105600	10.8	118160
167	-210513600	15	118160
167	-207835200	18.5	118160
167	-205243200	21.3	118160
167	-202564800	19.3	118160
167	-199886400	16.1	118160
167	-197294400	9.5	118160
167	-194616000	7.5	118160
167	-192024000	-5.1	118160
167	-189345600	-5.9	118160
167	-186667200	-0.9	118160
167	-184161600	0.8	118160
167	-181483200	10.7	118160
167	-178891200	14.6	118160
167	-176212800	20.2	118160
167	-173620800	20.7	118160
167	-170942400	18.1	118160
167	-168264000	15.1	118160
167	-165672000	8.8	118160
167	-162993600	5.6	118160
167	-160401600	-1.4	118160
167	-157723200	-1.2	118160
167	-155044800	-3.4	118160
167	-152625600	3.7	118160
167	-149947200	8.4	118160
167	-147355200	12.7	118160
167	-144676800	17.4	118160
167	-142084800	18	118160
167	-139406400	17.1	118160
167	-136728000	15.4	118160
167	-134136000	7.7	118160
167	-131457600	1.1	118160
167	-128865600	0.7	118160
167	-126187200	-4.6	118160
167	-123508800	5.8	118160
167	-121089600	4.2	118160
167	-118411200	11.7	118160
167	-115819200	14.7	118160
167	-113140800	18.1	118160
167	-110548800	18.2	118160
167	-107870400	17.7	118160
167	-105192000	14.9	118160
167	-102600000	13	118160
167	-99921600	2.8	118160
167	-97329600	0.7	118160
167	-94651200	-2.1	118160
167	-91972800	1.6	118160
167	-89553600	5.9	118160
167	-86875200	9	118160
167	-84283200	14.9	118160
167	-81604800	17.3	118160
167	-79012800	21.7	118160
167	-76334400	19.4	118160
167	-73656000	16.2	118160
167	-71064000	11.7	118160
167	-68385600	4	118160
167	-65793600	-0.4	118160
167	-63115200	-2.8	118160
167	-60436800	1.6	118160
167	-57931200	5.8	118160
167	-55252800	11.8	118160
167	-52660800	15	118160
167	-49982400	19	118160
167	-47390400	19.1	118160
167	-44712000	17.7	118160
167	-42033600	14.8	118160
167	-39441600	10	118160
167	-36763200	5.3	118160
167	-34171200	-2.7	118160
167	-31492800	-3.3	118160
167	-28814400	-1.6	118160
167	-26395200	2.4	118160
167	-23716800	10.1	118160
167	-21124800	17.1	118160
167	-18446400	16.7	118160
167	-15854400	20.2	118160
167	-13176000	17.8	118160
167	-10497600	15.7	118160
167	-7905600	11.7	118160
167	-5227200	6	118160
167	-2635200	-4.1	118160
167	43200	-3.4	118160
167	2721600	-1.4	118160
167	5140800	2.6	118160
167	7819200	8.4	118160
167	10411200	12.9	118160
167	13089600	18.4	118160
167	15681600	19.3	118160
167	18360000	18.7	118160
167	21038400	15	118160
167	23630400	9	118160
167	26308800	6.4	118160
167	28900800	-0.3	118160
167	31579200	-2.3	118160
167	34257600	1.3	118160
167	36676800	1.3	118160
167	39355200	10.4	118160
167	41947200	16.2	118160
167	44625600	16	118160
167	47217600	20.1	118160
167	49896000	20.8	118160
167	52574400	13.4	118160
167	55166400	9.5	118160
167	57844800	3.8	118160
167	60436800	2.7	118160
167	63115200	-3	118160
167	65793600	1.7	118160
167	68299200	7	118160
167	70977600	9	118160
167	73569600	13.7	118160
167	76248000	18.1	118160
167	78840000	19.7	118160
167	81518400	17.9	118160
167	84196800	12.8	118160
167	86788800	7.7	118160
167	89467200	4.6	118160
167	92059200	-0.3	118160
167	94737600	-1.6	118160
167	97416000	0.8	118160
167	99835200	5	118160
167	102513600	7.7	118160
167	105105600	15.4	118160
167	107784000	17.5	118160
167	110376000	19.7	118160
167	113054400	20.5	118160
167	115732800	16.2	118160
167	118324800	8.3	118160
167	121003200	2.4	118160
167	123595200	0	118160
167	126273600	0.5	118160
167	128952000	3.7	118160
167	131371200	8	118160
167	134049600	9.6	118160
167	136641600	13.2	118160
167	139320000	15.4	118160
167	141912000	18.1	118160
167	144590400	21	118160
167	147268800	14.9	118160
167	149860800	5.9	118160
167	152539200	4.4	118160
167	155131200	3.1	118160
167	157809600	2.3	118160
167	160488000	0.8	118160
167	162907200	6	118160
167	165585600	9	118160
167	168177600	15.9	118160
167	170856000	16.7	118160
167	173448000	19.8	118160
167	176126400	19.3	118160
167	178804800	17.8	118160
167	181396800	9.3	118160
167	184075200	2.2	118160
167	186667200	-0.1	118160
167	189345600	-0.1	118160
167	192024000	-0.7	118160
167	194529600	1.9	118160
167	197208000	10.4	118160
167	199800000	14.8	118160
167	202478400	18.8	118160
167	205070400	21.1	118160
167	207748800	17	118160
167	210427200	13.2	118160
167	213019200	10.2	118160
167	215697600	5.5	118160
167	218289600	-0.7	118160
167	220968000	-1.3	118160
167	223646400	2.5	118160
167	226065600	8.2	118160
167	228744000	8	118160
167	231336000	14.7	118160
167	234014400	18.8	118160
167	236606400	19.3	118160
167	239284800	18.1	118160
167	241963200	13.5	118160
167	244555200	10.9	118160
167	247233600	5.1	118160
167	249825600	-1.4	118160
167	252504000	-0.5	118160
167	255182400	-1.7	118160
167	257601600	5.6	118160
167	260280000	8.6	118160
167	262872000	12.4	118160
167	265550400	17.2	118160
167	268142400	18.1	118160
167	270820800	17.8	118160
167	273499200	14.6	118160
167	276091200	10.4	118160
167	278769600	1.3	118160
167	281361600	0	118160
167	284040000	-4.1	118160
167	286718400	0.2	118160
167	289137600	5.8	118160
167	291816000	8.6	118160
167	294408000	15.7	118160
167	297086400	19.9	118160
167	299678400	17.1	118160
167	302356800	18.3	118160
167	305035200	15.7	118160
167	307627200	8.2	118160
167	310305600	4.1	118160
167	312897600	3.4	118160
167	315576000	-4.4	118160
167	318254400	1.2	118160
167	320760000	3.5	118160
167	323438400	6.9	118160
167	326030400	12.1	118160
167	328708800	16.7	118160
167	331300800	17.8	118160
167	333979200	18.7	118160
167	336657600	14.6	118160
167	339249600	9	118160
167	341928000	2.5	118160
167	344520000	-0.2	118160
167	347198400	-2.3	118160
167	349876800	1	118160
167	352296000	8	118160
167	354974400	9.8	118160
167	357566400	14.9	118160
167	360244800	18.6	118160
167	362836800	19.3	118160
167	365515200	19.7	118160
167	368193600	15.9	118160
167	370785600	9.9	118160
167	373464000	3.9	118160
167	376056000	-1.8	118160
167	378734400	-4.5	118160
167	381412800	-1.7	118160
167	383832000	5.5	118160
167	386510400	8.2	118160
167	389102400	15.3	118160
167	391780800	18.7	118160
167	394372800	20.5	118160
167	397051200	19.6	118160
167	399729600	18.6	118160
167	402321600	10.7	118160
167	4.05e+08	4.9	118160
167	407592000	1.8	118160
167	410270400	3.7	118160
167	412948800	-2	118160
167	415368000	6	118160
167	418046400	11.4	118160
167	420638400	15.8	118160
167	423316800	18	118160
167	425908800	23.3	118160
167	428587200	20.8	118160
167	431265600	15.9	118160
167	433857600	10.4	118160
167	436536000	2.1	118160
167	439128000	0	118160
167	441806400	-0.1	118160
167	444484800	-0.5	118160
167	446990400	3.7	118160
167	449668800	9.2	118160
167	452260800	13.8	118160
167	454939200	16.4	118160
167	457531200	17.8	118160
167	460209600	19	118160
167	462888000	14.5	118160
167	465480000	11	118160
167	468158400	4.8	118160
167	470750400	-0.4	118160
167	473428800	-6.6	118160
167	476107200	-4.3	118160
167	478526400	3.5	118160
167	481204800	10	118160
167	483796800	15.7	118160
167	486475200	15	118160
167	489067200	20.4	118160
167	491745600	18.9	118160
167	494424000	15.7	118160
167	497016000	9.7	118160
167	499694400	1.9	118160
167	502286400	3	118160
167	504964800	-0.7	118160
167	507643200	-5.6	118160
167	510062400	2.9	118160
167	512740800	11.4	118160
167	515332800	16.9	118160
167	518011200	17.9	118160
167	520603200	19.4	118160
167	523281600	19.8	118160
167	525960000	15	118160
167	528552000	10.3	118160
167	531230400	4.4	118160
167	533822400	-0.9	118160
167	536500800	-6	118160
167	539179200	-0.4	118160
167	541598400	-0.7	118160
167	544276800	10.1	118160
167	546868800	12.4	118160
167	549547200	17.2	118160
167	552139200	20.7	118160
167	554817600	16.8	118160
167	557496000	17.5	118160
167	560088000	10.3	118160
167	562766400	4.4	118160
167	565358400	1.1	118160
167	568036800	1.6	118160
167	570715200	1.8	118160
167	573220800	2.8	118160
167	575899200	10	118160
167	578491200	15.9	118160
167	581169600	17.6	118160
167	583761600	21.1	118160
167	586440000	19.8	118160
167	589118400	15	118160
167	591710400	9.5	118160
167	594388800	0.2	118160
167	596980800	1.9	118160
167	599659200	-0.3	118160
167	602337600	3.6	118160
167	604756800	7.9	118160
167	607435200	10.5	118160
167	610027200	14.6	118160
167	612705600	16.1	118160
167	615297600	20.3	118160
167	617976000	18.9	118160
167	620654400	15.7	118160
167	623246400	11.1	118160
167	625924800	2.6	118160
167	628516800	1.4	118160
167	631195200	-0.6	118160
167	633873600	5.4	118160
167	636292800	8.8	118160
167	638971200	8.8	118160
167	641563200	16.4	118160
167	644241600	17.7	118160
167	646833600	19.6	118160
167	649512000	21.2	118160
167	652190400	13	118160
167	654782400	10.3	118160
167	657460800	5	118160
167	660052800	-0.7	118160
167	662731200	0	118160
167	665409600	-2.6	118160
167	667828800	6.5	118160
167	670507200	8.7	118160
167	673099200	11.2	118160
167	675777600	17.1	118160
167	678369600	21.3	118160
167	681048000	19.9	118160
167	683726400	16.5	118160
167	686318400	8.6	118160
167	688996800	4.1	118160
167	691588800	-1.6	118160
167	694267200	1.1	118160
167	696945600	3	118160
167	699451200	5.3	118160
167	702129600	10	118160
167	704721600	15.6	118160
167	707400000	19.1	118160
167	709992000	21.6	118160
167	712670400	25	118160
167	715348800	16	118160
167	717940800	8.2	118160
167	720619200	4.5	118160
167	723211200	-0.8	118160
167	725889600	1	118160
167	728568000	-1.3	118160
167	730987200	3.9	118160
167	733665600	10.8	118160
167	736257600	17.9	118160
167	738936000	18.3	118160
167	741528000	18.8	118160
167	744206400	20.1	118160
167	746884800	14.7	118160
167	749476800	10.5	118160
167	752155200	0.5	118160
167	754747200	1.4	118160
167	757425600	3	118160
167	760104000	0.8	118160
167	762523200	7.7	118160
167	765201600	10.3	118160
167	767793600	14.8	118160
167	770472000	18.5	118160
167	773064000	23.8	118160
167	775742400	21.9	118160
167	778420800	17.3	118160
167	781012800	8	118160
167	783691200	5.8	118160
167	786283200	1.1	118160
167	788961600	-1.5	118160
167	791640000	4.8	118160
167	794059200	3.7	118160
167	796737600	10.5	118160
167	799329600	14.5	118160
167	802008000	16.8	118160
167	804600000	23	118160
167	807278400	19.4	118160
167	809956800	13.9	118160
167	812548800	11.5	118160
167	815227200	1.2	118160
167	817819200	-1.1	118160
167	820497600	-3.5	118160
167	823176000	-3.8	118160
167	825681600	1.2	118160
167	828360000	10.2	118160
167	830952000	15.3	118160
167	833630400	18.8	118160
167	836222400	18.2	118160
167	838900800	18.9	118160
167	841579200	11.5	118160
167	844171200	10.6	118160
167	846849600	6.7	118160
167	849441600	-2.9	118160
167	852120000	-3.3	118160
167	854798400	2.7	118160
167	857217600	5.4	118160
167	859896000	7	118160
167	862488000	15.8	118160
167	865166400	18.5	118160
167	867758400	18.3	118160
167	870436800	20.8	118160
167	873115200	16	118160
167	875707200	8	118160
167	878385600	4.8	118160
167	880977600	1.5	118160
167	883656000	1.6	118160
167	886334400	5.9	118160
167	888753600	4.4	118160
167	891432000	11.6	118160
167	894024000	15.5	118160
167	896702400	19.4	118160
167	899294400	20.2	118160
167	901972800	20.7	118160
167	904651200	14.2	118160
167	907243200	10.3	118160
167	909921600	1.9	118160
167	912513600	-2	118160
167	915192000	-0.7	118160
167	917870400	-0.1	118160
167	920289600	6.8	118160
167	922968000	11.5	118160
167	925560000	15.8	118160
167	928238400	17.7	118160
167	930830400	20.8	118160
167	933508800	19.1	118160
167	936187200	18.3	118160
167	938779200	10.3	118160
167	941457600	2.7	118160
167	944049600	0.2	118160
167	946728000	-2	118160
167	949406400	3.4	118160
167	951912000	5.4	118160
167	954590400	13.7	118160
167	957182400	17.7	118160
167	959860800	20.5	118160
167	962452800	18.2	118160
167	965131200	22	118160
167	967809600	15	118160
167	970401600	12.6	118160
167	973080000	7.5	118160
167	975672000	1.6	118160
167	978350400	-0.1	118160
167	981028800	2.6	118160
167	983448000	6.1	118160
167	986126400	9.7	118160
167	988718400	17.1	118160
167	991396800	16.9	118160
167	993988800	20.3	118160
167	996667200	21.7	118160
167	999345600	13.1	118160
167	1001937600	13.1	118160
167	1004616000	2.9	118160
167	1007208000	-3.8	118160
167	1009886400	0.3	118160
167	1012564800	4.6	118160
167	1014984000	7	118160
167	1017662400	9.9	118160
167	1020254400	17.5	118160
167	1022932800	20.3	118160
167	1025524800	21.8	118160
167	1028203200	20.6	118160
167	1030881600	14.5	118160
167	1033473600	8.9	118160
167	1036152000	7.1	118160
167	1038744000	-1.7	118160
167	1041422400	-1.5	118160
167	1044100800	-1.9	118160
167	1046520000	6.2	118160
167	1049198400	10	118160
167	1051790400	17.9	118160
167	1054468800	22.4	118160
167	1057060800	21	118160
167	1059739200	23.8	118160
167	1062417600	16.2	118160
167	1065009600	7.6	118160
167	1067688000	6.8	118160
167	1070280000	0.5	118160
167	1072958400	-2.8	118160
167	1075636800	2	118160
167	1078142400	4.2	118160
167	1080820800	11.3	118160
167	1083412800	13.7	118160
167	1086091200	17.6	118160
167	1088683200	19.9	118160
167	1091361600	20.7	118160
167	1094040000	15.6	118160
167	1096632000	11.5	118160
167	1099310400	5.1	118160
167	1101902400	0.7	118160
167	1104580800	0.7	118160
167	1107259200	-2.1	118160
167	1109678400	3.7	118160
167	1112356800	11.1	118160
167	1114948800	15.6	118160
167	1117627200	18.5	118160
167	1120219200	20.4	118160
167	1122897600	18.9	118160
167	1125576000	16.3	118160
167	1128168000	10.7	118160
167	1130846400	3.7	118160
167	1133438400	0.3	118160
167	1136116800	-3.8	118160
167	1138795200	-1.6	118160
167	1141214400	3.3	118160
167	1143892800	11.8	118160
167	1146484800	14.8	118160
167	1149163200	19.3	118160
167	1151755200	23.6	118160
167	1154433600	18	118160
167	1157112000	17.5	118160
167	1159704000	12.4	118160
167	1162382400	7	118160
167	1164974400	2.9	118160
167	1167652800	4.5	118160
167	1170331200	4.8	118160
167	1172750400	7.7	118160
167	1175428800	13.2	118160
167	1178020800	16.9	118160
167	1180699200	20.9	118160
167	1183291200	21.7	118160
167	1185969600	21.4	118160
167	1188648000	13.5	118160
167	1191240000	9.3	118160
167	1193918400	3.3	118160
167	1196510400	-0.3	118160
167	1199188800	2	118160
167	1201867200	3.8	118160
167	1204372800	5.9	118160
167	1207051200	11	118160
167	1209643200	16.4	118160
167	1212321600	20.5	118160
167	1214913600	20.5	118160
167	1217592000	20.5	118160
168	-3092558400	-1.1	118580
168	-3089880000	0.8	118580
168	-3087374400	5.3	118580
168	-3084696000	11.8	118580
168	-3082104000	17.3	118580
168	-3079425600	17.2	118580
168	-3076833600	20	118580
168	-3074155200	18.7	118580
168	-3071476800	15.5	118580
168	-3068884800	11.9	118580
168	-3066206400	6.4	118580
168	-3063614400	1.1	118580
168	-3060936000	0.2	118580
168	-3058257600	0.9	118580
168	-3055838400	6.3	118580
168	-3053160000	9	118580
168	-3050568000	11.5	118580
168	-3047889600	18.2	118580
168	-3045297600	21.6	118580
168	-3042619200	21	118580
168	-3039940800	14.3	118580
168	-3037348800	11.7	118580
168	-3034670400	4	118580
168	-3032078400	-1.2	118580
168	-3029400000	-2.4	118580
168	-3026721600	-1	118580
168	-3024302400	3.6	118580
168	-3021624000	11	118580
168	-3019032000	11.7	118580
168	-3016353600	20.2	118580
168	-3013761600	22.5	118580
168	-3011083200	18.3	118580
168	-3008404800	16.9	118580
168	-3005812800	10.4	118580
168	-3003134400	-0.3	118580
168	-3000542400	0.6	118580
168	-2997864000	-2.8	118580
168	-2995185600	-5.4	118580
168	-2992766400	1.1	118580
168	-2990088000	9.2	118580
168	-2987496000	15.9	118580
168	-2984817600	21.6	118580
168	-2982225600	20.7	118580
168	-2979547200	20.4	118580
168	-2976868800	14.6	118580
168	-2974276800	9.1	118580
168	-2971598400	2.8	118580
168	-2969006400	-2.9	118580
168	-2966328000	-4.8	118580
168	-2963649600	-1.6	118580
168	-2961144000	5.6	118580
168	-2958465600	13.9	118580
168	-2955873600	11.5	118580
168	-2953195200	18.2	118580
168	-2950603200	19.9	118580
168	-2947924800	19.1	118580
168	-2945246400	13.7	118580
168	-2942654400	10.6	118580
168	-2939976000	0	118580
168	-2937384000	2	118580
168	-2934705600	1	118580
168	-2932027200	1.2	118580
168	-2929608000	3.7	118580
168	-2926929600	8.4	118580
168	-2924337600	12.3	118580
168	-2921659200	19.8	118580
168	-2919067200	20	118580
168	-2916388800	21.4	118580
168	-2913710400	12.8	118580
168	-2911118400	7.7	118580
168	-2908440000	4.2	118580
168	-2905848000	-1	118580
168	-2903169600	-4.1	118580
168	-2900491200	1.4	118580
168	-2898072000	3.8	118580
168	-2895393600	10.9	118580
168	-2892801600	15.6	118580
168	-2890123200	17.9	118580
168	-2887531200	18.9	118580
168	-2884852800	20.1	118580
168	-2882174400	16.7	118580
168	-2879582400	11.1	118580
168	-2876904000	5.2	118580
168	-2874312000	-1.9	118580
168	-2871633600	-2.7	118580
168	-2868955200	2.1	118580
168	-2866536000	4.1	118580
168	-2863857600	10.1	118580
168	-2861265600	13.2	118580
168	-2858587200	18.5	118580
168	-2855995200	17.6	118580
168	-2853316800	18.5	118580
168	-2850638400	16.9	118580
168	-2848046400	8.1	118580
168	-2845368000	0.2	118580
168	-2842776000	-9.2	118580
168	-2840097600	-0.5	118580
168	-2837419200	-3	118580
168	-2834913600	3.1	118580
168	-2832235200	12.6	118580
168	-2829643200	13.9	118580
168	-2826964800	18.4	118580
168	-2824372800	22.2	118580
168	-2821694400	18.3	118580
168	-2819016000	14.8	118580
168	-2816424000	9.7	118580
168	-2813745600	3.6	118580
168	-2811153600	2.1	118580
168	-2808475200	-5.4	118580
168	-2805796800	-1	118580
168	-2803377600	3.7	118580
168	-2800699200	8.6	118580
168	-2798107200	15.2	118580
168	-2795428800	18	118580
168	-2792836800	21.3	118580
168	-2790158400	19.5	118580
168	-2787480000	14	118580
168	-2784888000	6.6	118580
168	-2782209600	2.3	118580
168	-2779617600	-0.2	118580
168	-2776939200	-0.8	118580
168	-2774260800	0	118580
168	-2771841600	9.1	118580
168	-2769163200	10.4	118580
168	-2766571200	14.9	118580
168	-2763892800	16.1	118580
168	-2761300800	20.4	118580
168	-2758622400	17.5	118580
168	-2755944000	15.6	118580
168	-2753352000	10.7	118580
168	-2750673600	3.8	118580
168	-2748081600	0.4	118580
168	-2745403200	-2.2	118580
168	-2742724800	0.9	118580
168	-2740305600	1.7	118580
168	-2737627200	7.8	118580
168	-2735035200	14.5	118580
168	-2732356800	18.4	118580
168	-2729764800	19.7	118580
168	-2727086400	18.4	118580
168	-2724408000	15	118580
168	-2721816000	9.8	118580
168	-2719137600	3.3	118580
168	-2716545600	-1.7	118580
168	-2713867200	0.4	118580
168	-2711188800	0.9	118580
168	-2708683200	5.1	118580
168	-2706004800	8.9	118580
168	-2703412800	15.5	118580
168	-2700734400	15	118580
168	-2698142400	20.2	118580
168	-2695464000	18	118580
168	-2692785600	14.6	118580
168	-2690193600	8.6	118580
168	-2687515200	0.9	118580
168	-2684923200	0.8	118580
168	-2682244800	-1.7	118580
168	-2679566400	2.1	118580
168	-2677147200	4.6	118580
168	-2674468800	12.2	118580
168	-2671876800	13.1	118580
168	-2669198400	19.4	118580
168	-2666606400	20	118580
168	-2663928000	18.1	118580
168	-2661249600	15.9	118580
168	-2658657600	10.4	118580
168	-2655979200	4.9	118580
168	-2653387200	-2.8	118580
168	-2650708800	-1.4	118580
168	-2648030400	-3.4	118580
168	-2645611200	1.8	118580
168	-2642932800	12.2	118580
168	-2640340800	15.3	118580
168	-2637662400	16.9	118580
168	-2635070400	19.2	118580
168	-2632392000	20	118580
168	-2629713600	16.9	118580
168	-2627121600	10.7	118580
168	-2624443200	5.3	118580
168	-2621851200	1.5	118580
168	-2619172800	-2.7	118580
168	-2616494400	-2.4	118580
168	-2614075200	2.7	118580
168	-2611396800	9.9	118580
168	-2608804800	13.8	118580
168	-2606126400	16.2	118580
168	-2603534400	21.9	118580
168	-2600856000	18.7	118580
168	-2598177600	16.5	118580
168	-2595585600	8	118580
168	-2592907200	5.2	118580
168	-2590315200	-2.9	118580
168	-2587636800	-5.5	118580
168	-2584958400	-4	118580
168	-2582452800	3.8	118580
168	-2579774400	8.6	118580
168	-2577182400	15.9	118580
168	-2574504000	18.1	118580
168	-2571912000	18.1	118580
168	-2569233600	18.6	118580
168	-2566555200	14.7	118580
168	-2563963200	8.4	118580
168	-2561284800	1.3	118580
168	-2558692800	-0.6	118580
168	-2556014400	-2.5	118580
168	-2553336000	-2	118580
168	-2550916800	1.6	118580
168	-2548238400	10.4	118580
168	-2545646400	17.9	118580
168	-2542968000	20.3	118580
168	-2540376000	19.2	118580
168	-2537697600	18.3	118580
168	-2535019200	12.6	118580
168	-2532427200	11.8	118580
168	-2529748800	2.3	118580
168	-2527156800	-4.5	118580
168	-2524478400	-1.1	118580
168	-2521800000	-1.8	118580
168	-2519380800	5.8	118580
168	-2516702400	10.7	118580
168	-2514110400	16.1	118580
168	-2511432000	16.1	118580
168	-2508840000	19.6	118580
168	-2506161600	21.8	118580
168	-2503483200	14.1	118580
168	-2500891200	8.2	118580
168	-2498212800	4	118580
168	-2495620800	-5.9	118580
168	-2492942400	-7.2	118580
168	-2490264000	-4.9	118580
168	-2487844800	3.8	118580
168	-2485166400	7.7	118580
168	-2482574400	17.1	118580
168	-2479896000	17.4	118580
168	-2477304000	19	118580
168	-2474625600	18.2	118580
168	-2471947200	15.1	118580
168	-2469355200	11.2	118580
168	-2466676800	2.9	118580
168	-2464084800	0.8	118580
168	-2461406400	-3.2	118580
168	-2458728000	1	118580
168	-2456222400	3.4	118580
168	-2453544000	10.3	118580
168	-2450952000	14.7	118580
168	-2448273600	18.3	118580
168	-2445681600	19	118580
168	-2443003200	20.8	118580
168	-2440324800	17.3	118580
168	-2437732800	10	118580
168	-2435054400	1.1	118580
168	-2432462400	-3.8	118580
168	-2429784000	-9.6	118580
168	-2427105600	0.1	118580
168	-2424686400	4.7	118580
168	-2422008000	9	118580
168	-2419416000	14.6	118580
168	-2416737600	17.4	118580
168	-2414145600	19	118580
168	-2411467200	18.3	118580
168	-2408788800	15	118580
168	-2406196800	10.4	118580
168	-2403518400	2.7	118580
168	-2400926400	0.2	118580
168	-2398248000	-3.7	118580
168	-2395569600	1.5	118580
168	-2393150400	6	118580
168	-2390472000	13.1	118580
168	-2387880000	15.2	118580
168	-2385201600	16.2	118580
168	-2382609600	20.9	118580
168	-2379931200	19	118580
168	-2377252800	13	118580
168	-2374660800	10.2	118580
168	-2371982400	4	118580
168	-2369390400	-2	118580
168	-2366712000	-1.8	118580
168	-2364033600	-4.9	118580
168	-2361614400	3	118580
168	-2358936000	9.8	118580
168	-2356344000	13.9	118580
168	-2353665600	18.3	118580
168	-2351073600	20.4	118580
168	-2348395200	18	118580
168	-2345716800	15.4	118580
168	-2343124800	9.5	118580
168	-2340446400	4.5	118580
168	-2337854400	-0.5	118580
168	-2335176000	-6.9	118580
168	-2332497600	-0.1	118580
168	-2329992000	6.2	118580
168	-2327313600	7.7	118580
168	-2324721600	13.4	118580
168	-2322043200	19	118580
168	-2319451200	19.7	118580
168	-2316772800	17.9	118580
168	-2314094400	15.6	118580
168	-2311502400	11.8	118580
168	-2308824000	2.1	118580
168	-2306232000	-0.1	118580
168	-2303553600	-0.6	118580
168	-2300875200	1.4	118580
168	-2298456000	6.7	118580
168	-2295777600	9.9	118580
168	-2293185600	13	118580
168	-2290507200	18.7	118580
168	-2287915200	19.7	118580
168	-2285236800	19.3	118580
168	-2282558400	15.6	118580
168	-2279966400	8.3	118580
168	-2277288000	0.5	118580
168	-2274696000	-1.4	118580
168	-2272017600	-1	118580
168	-2269339200	2.3	118580
168	-2266920000	5.5	118580
168	-2264241600	11.4	118580
168	-2261649600	14.8	118580
168	-2258971200	17.2	118580
168	-2256379200	17.9	118580
168	-2253700800	19.4	118580
168	-2251022400	14.4	118580
168	-2248430400	10.2	118580
168	-2245752000	6.6	118580
168	-2243160000	1.4	118580
168	-2240481600	0.4	118580
168	-2237803200	1.2	118580
168	-2235384000	3.3	118580
168	-2232705600	10.2	118580
168	-2230113600	13.8	118580
168	-2227435200	16.3	118580
168	-2224843200	19.2	118580
168	-2222164800	18.1	118580
168	-2219486400	15	118580
168	-2216894400	8.2	118580
168	-2214216000	5.3	118580
168	-2211624000	-3.2	118580
168	-2208945600	-0.6	118580
168	-2206267200	4.6	118580
168	-2203848000	2.5	118580
168	-2201169600	9.3	118580
168	-2198577600	13.6	118580
168	-2195899200	18	118580
168	-2193307200	20.2	118580
168	-2190628800	18.5	118580
168	-2187950400	15.7	118580
168	-2185358400	9.6	118580
168	-2182680000	6.3	118580
168	-2180088000	0.2	118580
168	-2177409600	-7	118580
168	-2174731200	-3.3	118580
168	-2172312000	4.9	118580
168	-2169633600	10.5	118580
168	-2167041600	15.6	118580
168	-2164363200	18.8	118580
168	-2161771200	20.6	118580
168	-2159092800	18.7	118580
168	-2156414400	14.8	118580
168	-2153822400	11.3	118580
168	-2151144000	2.2	118580
168	-2148552000	2.4	118580
168	-2145873600	1.6	118580
168	-2143195200	1.6	118580
168	-2140776000	4.1	118580
168	-2138097600	9.5	118580
168	-2135505600	11.2	118580
168	-2132827200	16.5	118580
168	-2130235200	17.9	118580
168	-2127556800	18.8	118580
168	-2124878400	14	118580
168	-2122286400	9.6	118580
168	-2119608000	-0.4	118580
168	-2117016000	-4.6	118580
168	-2114337600	-1.9	118580
168	-2111659200	2.9	118580
168	-2109240000	6.5	118580
168	-2106561600	7	118580
168	-2103969600	15	118580
168	-2101291200	17	118580
168	-2098699200	18.7	118580
168	-2096020800	18.8	118580
168	-2093342400	15	118580
168	-2090750400	10.6	118580
168	-2088072000	5	118580
168	-2085480000	0.9	118580
168	-2082801600	-2.7	118580
168	-2080123200	2.8	118580
168	-2077617600	5.5	118580
168	-2074939200	10.5	118580
168	-2072347200	14.5	118580
168	-2069668800	18.1	118580
168	-2067076800	21.6	118580
168	-2064398400	19.3	118580
168	-2061720000	14.3	118580
168	-2059128000	10.1	118580
168	-2056449600	1.7	118580
168	-2053857600	0.5	118580
168	-2051179200	-4.6	118580
168	-2048500800	0.2	118580
168	-2046081600	5.3	118580
168	-2043403200	7.8	118580
168	-2040811200	14.6	118580
168	-2038132800	18.7	118580
168	-2035540800	21.2	118580
168	-2032862400	20.5	118580
168	-2030184000	16.1	118580
168	-2027592000	6.1	118580
168	-2024913600	4.9	118580
168	-2022321600	0.2	118580
168	-2019643200	-2.3	118580
168	-2016964800	1.2	118580
168	-2014545600	4.1	118580
168	-2011867200	10.4	118580
168	-2009275200	15.2	118580
168	-2006596800	16.7	118580
168	-2004004800	19.6	118580
168	-2001326400	18.4	118580
168	-1998648000	13.5	118580
168	-1996056000	9.9	118580
168	-1993377600	6.5	118580
168	-1990785600	-2.9	118580
168	-1988107200	-3.2	118580
168	-1985428800	-2.7	118580
168	-1983009600	2.3	118580
168	-1980331200	6.9	118580
168	-1977739200	16.9	118580
168	-1975060800	18	118580
168	-1972468800	17.8	118580
168	-1969790400	18.2	118580
168	-1967112000	14.4	118580
168	-1964520000	14.3	118580
168	-1961841600	2.6	118580
168	-1959249600	0.9	118580
168	-1956571200	-3.8	118580
168	-1953892800	0.8	118580
168	-1951387200	4.4	118580
168	-1948708800	8.8	118580
168	-1946116800	17.7	118580
168	-1943438400	20.2	118580
168	-1940846400	19.4	118580
168	-1938168000	17.7	118580
168	-1935489600	13.4	118580
168	-1932897600	8	118580
168	-1930219200	-2.1	118580
168	-1927627200	-2	118580
168	-1924948800	-4.6	118580
168	-1922270400	-3.4	118580
168	-1919851200	4.3	118580
168	-1917172800	10.6	118580
168	-1914580800	13.5	118580
168	-1911902400	17.1	118580
168	-1909310400	18.2	118580
168	-1906632000	19.4	118580
168	-1903953600	15.7	118580
168	-1901361600	11.7	118580
168	-1898683200	2.7	118580
168	-1896091200	1.9	118580
168	-1893412800	-0.7	118580
168	-1890734400	3.6	118580
168	-1888315200	5	118580
168	-1885636800	9.3	118580
168	-1883044800	14.7	118580
168	-1880366400	18.7	118580
168	-1877774400	18.1	118580
168	-1875096000	18.6	118580
168	-1872417600	13.7	118580
168	-1869825600	9.5	118580
168	-1867147200	3.1	118580
168	-1864555200	3.1	118580
168	-1861876800	-0.5	118580
168	-1859198400	-1.6	118580
168	-1856779200	4.9	118580
168	-1854100800	9.2	118580
168	-1851508800	14.6	118580
168	-1848830400	16.7	118580
168	-1846238400	20.8	118580
168	-1843560000	19.9	118580
168	-1840881600	15.4	118580
168	-1838289600	9.6	118580
168	-1835611200	6.8	118580
168	-1833019200	1.9	118580
168	-1830340800	-3.9	118580
168	-1827662400	2.2	118580
168	-1825156800	7.1	118580
168	-1822478400	7.8	118580
168	-1819886400	13.7	118580
168	-1817208000	18.4	118580
168	-1814616000	19.1	118580
168	-1811937600	17.6	118580
168	-1809259200	10.3	118580
168	-1806667200	6.7	118580
168	-1803988800	1.1	118580
168	-1801396800	0.3	118580
168	-1798718400	-3.2	118580
168	-1796040000	-0.9	118580
168	-1793620800	6	118580
168	-1790942400	9.3	118580
168	-1788350400	14	118580
168	-1785672000	17.3	118580
168	-1783080000	16.4	118580
168	-1780401600	17.1	118580
168	-1777723200	14.9	118580
168	-1775131200	10.1	118580
168	-1772452800	4.9	118580
168	-1769860800	0.4	118580
168	-1767182400	-7.5	118580
168	-1764504000	-2.9	118580
168	-1762084800	5.2	118580
168	-1759406400	11.1	118580
168	-1756814400	14.1	118580
168	-1754136000	16.9	118580
168	-1751544000	18.5	118580
168	-1748865600	18.5	118580
168	-1746187200	13.8	118580
168	-1743595200	9.2	118580
168	-1740916800	2.7	118580
168	-1738324800	2.5	118580
168	-1735646400	0.4	118580
168	-1732968000	1	118580
168	-1730548800	3.2	118580
168	-1727870400	9.6	118580
168	-1725278400	15.7	118580
168	-1722600000	19.6	118580
168	-1720008000	18.9	118580
168	-1717329600	17.5	118580
168	-1714651200	12.6	118580
168	-1712059200	8.6	118580
168	-1709380800	1.9	118580
168	-1706788800	3.5	118580
168	-1704110400	1.6	118580
168	-1701432000	0.6	118580
168	-1698926400	7.5	118580
168	-1696248000	10	118580
168	-1693656000	14.9	118580
168	-1690977600	16.2	118580
168	-1688385600	18.8	118580
168	-1685707200	18.1	118580
168	-1683028800	13.6	118580
168	-1680436800	8.9	118580
168	-1677758400	5.5	118580
168	-1675166400	2.9	118580
168	-1672488000	-0.9	118580
168	-1669809600	-6.7	118580
168	-1667390400	2.9	118580
168	-1664712000	7.7	118580
168	-1662120000	15.6	118580
168	-1659441600	20.1	118580
168	-1656849600	20.3	118580
168	-1654171200	20.4	118580
168	-1651492800	16.2	118580
168	-1648900800	10.3	118580
168	-1646222400	4.6	118580
168	-1643630400	-2.3	118580
168	-1640952000	0.5	118580
168	-1638273600	0.2	118580
168	-1635854400	4.9	118580
168	-1633176000	13.1	118580
168	-1630584000	14.8	118580
168	-1627905600	15.3	118580
168	-1625313600	19	118580
168	-1622635200	18.1	118580
168	-1619956800	15.6	118580
168	-1617364800	10.4	118580
168	-1614686400	2.2	118580
168	-1612094400	0.2	118580
168	-1609416000	1.2	118580
168	-1606737600	-0.1	118580
168	-1604318400	5.2	118580
168	-1601640000	8.4	118580
168	-1599048000	10.7	118580
168	-1596369600	16.5	118580
168	-1593777600	17.4	118580
168	-1591099200	18.4	118580
168	-1588420800	16.9	118580
168	-1585828800	8.3	118580
168	-1583150400	2.2	118580
168	-1580558400	-0.1	118580
168	-1577880000	1.7	118580
168	-1575201600	1.5	118580
168	-1572696000	6.6	118580
168	-1570017600	13.3	118580
168	-1567425600	16.6	118580
168	-1564747200	15.9	118580
168	-1562155200	19.7	118580
168	-1559476800	17.6	118580
168	-1556798400	15.2	118580
168	-1554206400	7.2	118580
168	-1551528000	-0.7	118580
168	-1548936000	1.6	118580
168	-1546257600	2.6	118580
168	-1543579200	0.8	118580
168	-1541160000	5.3	118580
168	-1538481600	8.5	118580
168	-1535889600	16.3	118580
168	-1533211200	16.4	118580
168	-1530619200	20.6	118580
168	-1527940800	19.8	118580
168	-1525262400	14.3	118580
168	-1522670400	9.4	118580
168	-1519992000	1.5	118580
168	-1517400000	-0.9	118580
168	-1514721600	-2.8	118580
168	-1512043200	-3.1	118580
168	-1509624000	5.2	118580
168	-1506945600	8.4	118580
168	-1504353600	14.7	118580
168	-1501675200	18.9	118580
168	-1499083200	19.3	118580
168	-1496404800	19.2	118580
168	-1493726400	12.9	118580
168	-1491134400	8	118580
168	-1488456000	1.1	118580
168	-1485864000	0.7	118580
168	-1483185600	0.4	118580
168	-1480507200	0.5	118580
168	-1478088000	5.3	118580
168	-1475409600	8.6	118580
168	-1472817600	16	118580
168	-1470139200	14.1	118580
168	-1467547200	20.2	118580
168	-1464868800	19.1	118580
168	-1462190400	15.1	118580
168	-1459598400	11.7	118580
168	-1456920000	5.4	118580
168	-1454328000	-0.4	118580
168	-1451649600	-3.7	118580
168	-1448971200	-1.8	118580
168	-1446465600	4	118580
168	-1443787200	8.7	118580
168	-1441195200	16.9	118580
168	-1438516800	17.8	118580
168	-1435924800	18.7	118580
168	-1433246400	17.6	118580
168	-1430568000	16.3	118580
168	-1427976000	10	118580
168	-1425297600	2.1	118580
168	-1422705600	-0.7	118580
168	-1420027200	-0.8	118580
168	-1417348800	4.5	118580
168	-1414929600	4	118580
168	-1412251200	10.2	118580
168	-1409659200	16.2	118580
168	-1406980800	16.2	118580
168	-1404388800	19.7	118580
168	-1401710400	18.6	118580
168	-1399032000	13.4	118580
168	-1396440000	9.6	118580
168	-1393761600	4.2	118580
168	-1391169600	-2.7	118580
168	-1388491200	-1.8	118580
168	-1385812800	3.9	118580
168	-1383393600	4.4	118580
168	-1380715200	11.3	118580
168	-1378123200	13.9	118580
168	-1375444800	15.9	118580
168	-1372852800	18.9	118580
168	-1370174400	17.4	118580
168	-1367496000	15.4	118580
168	-1364904000	10.5	118580
168	-1362225600	9.8	118580
168	-1359633600	0.5	118580
168	-1356955200	1.4	118580
168	-1354276800	-0.4	118580
168	-1351857600	7.3	118580
168	-1349179200	9.5	118580
168	-1346587200	13.8	118580
168	-1343908800	19	118580
168	-1341316800	20.2	118580
168	-1338638400	19.3	118580
168	-1335960000	16.2	118580
168	-1333368000	8.7	118580
168	-1330689600	4.5	118580
168	-1328097600	-3.3	118580
168	-1325419200	-1.1	118580
168	-1322740800	0.6	118580
168	-1320235200	4.1	118580
168	-1317556800	10.4	118580
168	-1314964800	11.8	118580
168	-1312286400	16.4	118580
168	-1309694400	21.7	118580
168	-1307016000	19.6	118580
168	-1304337600	15.4	118580
168	-1301745600	10.2	118580
168	-1299067200	6.4	118580
168	-1296475200	-0.4	118580
168	-1293796800	-6.5	118580
168	-1291118400	-10.5	118580
168	-1288699200	0.9	118580
168	-1286020800	6.5	118580
168	-1283428800	16.2	118580
168	-1280750400	17.1	118580
168	-1278158400	19.9	118580
168	-1275480000	21.3	118580
168	-1272801600	15.9	118580
168	-1270209600	11.3	118580
168	-1267531200	5.9	118580
168	-1264939200	1.8	118580
168	-1262260800	-0.2	118580
168	-1259582400	0.5	118580
168	-1257163200	5.8	118580
168	-1254484800	11.4	118580
168	-1251892800	14.1	118580
168	-1249214400	20.9	118580
168	-1246622400	19.8	118580
168	-1243944000	18	118580
168	-1241265600	15.8	118580
168	-1238673600	10.3	118580
168	-1235995200	6.3	118580
168	-1233403200	0.4	118580
168	-1230724800	-1.2	118580
168	-1228046400	-0.2	118580
168	-1225627200	1.2	118580
168	-1222948800	7.6	118580
168	-1220356800	17.8	118580
168	-1217678400	19.7	118580
168	-1215086400	20.6	118580
168	-1212408000	18.2	118580
168	-1209729600	11.4	118580
168	-1207137600	8.4	118580
168	-1204459200	3.8	118580
168	-1201867200	-1.9	118580
168	-1199188800	-2	118580
168	-1196510400	-3.2	118580
168	-1194004800	1.3	118580
168	-1191326400	10.2	118580
168	-1188734400	15.5	118580
168	-1186056000	16.8	118580
168	-1183464000	21.7	118580
168	-1180785600	19.6	118580
168	-1178107200	19.1	118580
168	-1175515200	11	118580
168	-1172836800	3.6	118580
168	-1170244800	-0.4	118580
168	-1167566400	-3.1	118580
168	-1164888000	0.3	118580
168	-1162468800	5.6	118580
168	-1159790400	7.6	118580
168	-1157198400	13.4	118580
168	-1154520000	15.5	118580
168	-1151928000	20.2	118580
168	-1149249600	19.5	118580
168	-1146571200	14.6	118580
168	-1143979200	9.7	118580
168	-1141300800	4.2	118580
168	-1138708800	-5.8	118580
168	-1136030400	-1.9	118580
168	-1133352000	0	118580
168	-1130932800	7.8	118580
168	-1128254400	13.2	118580
168	-1125662400	16.6	118580
168	-1122984000	17.8	118580
168	-1120392000	20.7	118580
168	-1117713600	19.9	118580
168	-1115035200	16.5	118580
168	-1112443200	10.4	118580
168	-1109764800	5.5	118580
168	-1107172800	3.8	118580
168	-1104494400	-3.8	118580
168	-1101816000	0	118580
168	-1099396800	3.5	118580
168	-1096718400	9.8	118580
168	-1094126400	13	118580
168	-1091448000	20.2	118580
168	-1088856000	19.9	118580
168	-1086177600	19	118580
168	-1083499200	15.2	118580
168	-1080907200	11.9	118580
168	-1078228800	4.5	118580
168	-1075636800	0.6	118580
168	-1072958400	3.5	118580
168	-1070280000	1.6	118580
168	-1067774400	7.1	118580
168	-1065096000	10.3	118580
168	-1062504000	16.3	118580
168	-1059825600	18	118580
168	-1057233600	21.5	118580
168	-1054555200	17.6	118580
168	-1051876800	14.8	118580
168	-1049284800	7	118580
168	-1046606400	4.1	118580
168	-1044014400	0	118580
168	-1041336000	-3	118580
168	-1038657600	1.1	118580
168	-1036238400	6.5	118580
168	-1033560000	9.7	118580
168	-1030968000	17.6	118580
168	-1028289600	19.3	118580
168	-1025697600	19.7	118580
168	-1023019200	19.1	118580
168	-1020340800	16	118580
168	-1017748800	10.9	118580
168	-1015070400	4.3	118580
168	-1012478400	-1.3	118580
168	-1009800000	-1.8	118580
168	-1007121600	1.1	118580
168	-1004702400	8.1	118580
168	-1002024000	6.8	118580
168	-999432000	13.5	118580
168	-996753600	20	118580
168	-994161600	20.9	118580
168	-991483200	19.8	118580
168	-988804800	14.8	118580
168	-986212800	10.7	118580
168	-983534400	5.7	118580
168	-980942400	-0.9	118580
168	-978264000	0.6	118580
168	-975585600	1.4	118580
168	-973166400	2.2	118580
168	-970488000	13	118580
168	-967896000	14.2	118580
168	-965217600	18.9	118580
168	-962625600	20.7	118580
168	-959947200	20.1	118580
168	-957268800	14.5	118580
168	-954676800	9.4	118580
168	-951998400	5	118580
168	-949406400	-0.8	118580
168	-946728000	-8.6	118580
168	-944049600	-5.9	118580
168	-941544000	2.1	118580
168	-938865600	10.6	118580
168	-936273600	13.2	118580
168	-933595200	18.2	118580
168	-931003200	18.8	118580
168	-928324800	16.8	118580
168	-925646400	15.1	118580
168	-923054400	10.1	118580
168	-920376000	6.3	118580
168	-917784000	-5.3	118580
168	-915105600	-3.5	118580
168	-912427200	1	118580
168	-910008000	5.2	118580
168	-907329600	9.1	118580
168	-904737600	12.1	118580
168	-902059200	17.1	118580
168	-899467200	18.9	118580
168	-896788800	18.3	118580
168	-894110400	13	118580
168	-891518400	8.7	118580
168	-888840000	1.8	118580
168	-886248000	0.1	118580
168	-883569600	-10.1	118580
168	-880891200	-4.5	118580
168	-878472000	2.6	118580
168	-875793600	9	118580
168	-873201600	15	118580
168	-870523200	17.3	118580
168	-867931200	18.5	118580
168	-865252800	19.9	118580
168	-862574400	19	118580
168	-859982400	11.4	118580
168	-857304000	3.1	118580
168	-854712000	1.6	118580
168	-852033600	-5.3	118580
168	-849355200	1.7	118580
168	-846936000	5.4	118580
168	-844257600	11	118580
168	-841665600	13.4	118580
168	-838987200	16.1	118580
168	-836395200	18.9	118580
168	-833716800	21.1	118580
168	-831038400	17.6	118580
168	-828446400	11.6	118580
168	-825768000	3.4	118580
168	-823176000	0.1	118580
168	-820497600	2.4	118580
168	-817819200	-0.9	118580
168	-815313600	2	118580
168	-812635200	10.4	118580
168	-810043200	13.4	118580
168	-807364800	16.5	118580
168	-804772800	18.9	118580
168	-802094400	20.5	118580
168	-799416000	15	118580
168	-796824000	11.4	118580
168	-794145600	4	118580
168	-791553600	-0.6	118580
168	-788875200	-4.1	118580
168	-786196800	0.9	118580
168	-783777600	5.7	118580
168	-781099200	10.8	118580
168	-778507200	16.5	118580
168	-775828800	19.2	118580
168	-773236800	21	118580
168	-770558400	19.5	118580
168	-767880000	15.3	118580
168	-765288000	9.5	118580
168	-762609600	4.4	118580
168	-760017600	1.3	118580
168	-757339200	-3.5	118580
168	-754660800	1.9	118580
168	-752241600	5.9	118580
168	-749563200	12.8	118580
168	-746971200	18	118580
168	-744292800	19.5	118580
168	-741700800	21.3	118580
168	-739022400	19.8	118580
168	-736344000	16	118580
168	-733752000	6.9	118580
168	-731073600	4.7	118580
168	-728481600	-1.3	118580
168	-725803200	-6.1	118580
168	-723124800	-2.7	118580
168	-720705600	5.5	118580
168	-718027200	12.6	118580
168	-715435200	16.9	118580
168	-712756800	19.4	118580
168	-710164800	20.7	118580
168	-707486400	19.5	118580
168	-704808000	18.4	118580
168	-702216000	8	118580
168	-699537600	5.5	118580
168	-696945600	1.1	118580
168	-694267200	2.6	118580
168	-691588800	-0.9	118580
168	-689083200	5.7	118580
168	-686404800	12.6	118580
168	-683812800	16.9	118580
168	-681134400	16.9	118580
168	-678542400	18.1	118580
168	-675864000	18.7	118580
168	-673185600	16.3	118580
168	-670593600	10.4	118580
168	-667915200	2.9	118580
168	-665323200	-4.1	118580
168	-662644800	0.5	118580
168	-659966400	0.3	118580
168	-657547200	3.1	118580
168	-654868800	12	118580
168	-652276800	16.1	118580
168	-649598400	16	118580
168	-647006400	19.5	118580
168	-644328000	18.5	118580
168	-641649600	16.8	118580
168	-639057600	10.9	118580
168	-636379200	6.3	118580
168	-633787200	1.6	118580
168	-631108800	-4.6	118580
168	-628430400	0.6	118580
168	-626011200	5.8	118580
168	-623332800	10.6	118580
168	-620740800	16.8	118580
168	-618062400	20.1	118580
168	-615470400	22.1	118580
168	-612792000	19.9	118580
168	-610113600	15.7	118580
168	-607521600	8.1	118580
168	-604843200	4.9	118580
168	-602251200	1.8	118580
168	-599572800	1.6	118580
168	-596894400	3.1	118580
168	-594475200	5	118580
168	-591796800	10.8	118580
168	-589204800	14.4	118580
168	-586526400	18.4	118580
168	-583934400	19.6	118580
168	-581256000	20.2	118580
168	-578577600	16.8	118580
168	-575985600	9.1	118580
168	-573307200	7.2	118580
168	-570715200	0.9	118580
168	-568036800	-0.2	118580
168	-565358400	-0.7	118580
168	-562852800	2.1	118580
168	-560174400	13.5	118580
168	-557582400	13.9	118580
168	-554904000	17.9	118580
168	-552312000	21.2	118580
168	-549633600	21.2	118580
168	-546955200	14	118580
168	-544363200	9.1	118580
168	-541684800	3.1	118580
168	-539092800	-0.7	118580
168	-536414400	-0.6	118580
168	-533736000	0.3	118580
168	-531316800	4.1	118580
168	-528638400	11.1	118580
168	-526046400	13.8	118580
168	-523368000	18.9	118580
168	-520776000	20.5	118580
168	-518097600	17.7	118580
168	-515419200	16.2	118580
168	-512827200	11.2	118580
168	-510148800	3	118580
168	-507556800	0.1	118580
168	-504878400	-5.9	118580
168	-502200000	-5.5	118580
168	-499780800	5.5	118580
168	-497102400	7.6	118580
168	-494510400	14.4	118580
168	-491832000	19.8	118580
168	-489240000	17.6	118580
168	-486561600	19.3	118580
168	-483883200	16.5	118580
168	-481291200	8.9	118580
168	-478612800	2.9	118580
168	-476020800	2.3	118580
168	-473342400	-2.2	118580
168	-470664000	0.3	118580
168	-468244800	3	118580
168	-465566400	7.3	118580
168	-462974400	13.6	118580
168	-460296000	17.6	118580
168	-457704000	19.8	118580
168	-455025600	18	118580
168	-452347200	14.8	118580
168	-449755200	9.4	118580
168	-447076800	4.1	118580
168	-444484800	1.8	118580
168	-441806400	-0.4	118580
168	-439128000	-9.5	118580
168	-436622400	2.6	118580
168	-433944000	9.4	118580
168	-431352000	14.2	118580
168	-428673600	16.9	118580
168	-426081600	20	118580
168	-423403200	18.9	118580
168	-420724800	16	118580
168	-418132800	9	118580
168	-415454400	0.6	118580
168	-412862400	0.4	118580
168	-410184000	-3.3	118580
168	-407505600	3.4	118580
168	-405086400	5.3	118580
168	-402408000	10.6	118580
168	-399816000	12.7	118580
168	-397137600	21.1	118580
168	-394545600	20.4	118580
168	-391867200	18.3	118580
168	-389188800	14.2	118580
168	-386596800	9.8	118580
168	-383918400	5.9	118580
168	-381326400	0.5	118580
168	-378648000	-1.1	118580
168	-375969600	2.7	118580
168	-373550400	1.4	118580
168	-370872000	7.9	118580
168	-368280000	19.2	118580
168	-365601600	16.9	118580
168	-363009600	20.4	118580
168	-360331200	19.8	118580
168	-357652800	15.6	118580
168	-355060800	10.3	118580
168	-352382400	5.4	118580
168	-349790400	2.5	118580
168	-347112000	-0.9	118580
168	-344433600	-0.7	118580
168	-342014400	7.2	118580
168	-339336000	11.1	118580
168	-336744000	15	118580
168	-334065600	17.9	118580
168	-331473600	20.8	118580
168	-328795200	19.2	118580
168	-326116800	13.2	118580
168	-323524800	9.1	118580
168	-320846400	4.9	118580
168	-318254400	3.2	118580
168	-315576000	-1.8	118580
168	-312897600	-0.3	118580
168	-310392000	5.8	118580
168	-307713600	10.3	118580
168	-305121600	14.5	118580
168	-302443200	19.4	118580
168	-299851200	18.2	118580
168	-297172800	19.2	118580
168	-294494400	14.3	118580
168	-291902400	11.6	118580
168	-289224000	6.5	118580
168	-286632000	3.5	118580
168	-283953600	-2	118580
168	-281275200	2.1	118580
168	-278856000	6.6	118580
168	-276177600	14.2	118580
168	-273585600	13.9	118580
168	-270907200	19.5	118580
168	-268315200	18.3	118580
168	-265636800	19.5	118580
168	-262958400	17.4	118580
168	-260366400	12	118580
168	-257688000	4.6	118580
168	-255096000	-1.1	118580
168	-252417600	-0.3	118580
168	-249739200	0.3	118580
168	-247320000	2.7	118580
168	-244641600	12.2	118580
168	-242049600	13.2	118580
168	-239371200	16.7	118580
168	-236779200	18.6	118580
168	-234100800	20.4	118580
168	-231422400	14.5	118580
168	-228830400	10	118580
168	-226152000	4.7	118580
168	-223560000	-3	118580
168	-220881600	-5.5	118580
168	-218203200	-5.5	118580
168	-215784000	2.2	118580
168	-213105600	11.9	118580
168	-210513600	15.6	118580
168	-207835200	19.5	118580
168	-205243200	21.4	118580
168	-202564800	19.9	118580
168	-199886400	16.6	118580
168	-197294400	9.4	118580
168	-194616000	8.3	118580
168	-192024000	-4.3	118580
168	-189345600	-6.6	118580
168	-186667200	0.1	118580
168	-184161600	3.2	118580
168	-181483200	11.6	118580
168	-178891200	15	118580
168	-176212800	21.3	118580
168	-173620800	20.2	118580
168	-170942400	18.5	118580
168	-168264000	15.4	118580
168	-165672000	9.8	118580
168	-162993600	5.7	118580
168	-160401600	0	118580
168	-157723200	-0.3	118580
168	-155044800	-2.5	118580
168	-152625600	5.2	118580
168	-149947200	9.1	118580
168	-147355200	13.2	118580
168	-144676800	18.1	118580
168	-142084800	18.9	118580
168	-139406400	18	118580
168	-136728000	16.3	118580
168	-134136000	8.6	118580
168	-131457600	1.6	118580
168	-128865600	0.5	118580
168	-126187200	-4.2	118580
168	-123508800	5.8	118580
168	-121089600	4.5	118580
168	-118411200	12.3	118580
168	-115819200	15.1	118580
168	-113140800	18.8	118580
168	-110548800	18.4	118580
168	-107870400	18.5	118580
168	-105192000	15.1	118580
168	-102600000	13.8	118580
168	-99921600	4.3	118580
168	-97329600	0.9	118580
168	-94651200	-1.7	118580
168	-91972800	1.5	118580
168	-89553600	6.2	118580
168	-86875200	10	118580
168	-84283200	16	118580
168	-81604800	18.3	118580
168	-79012800	22.2	118580
168	-76334400	19.7	118580
168	-73656000	17.3	118580
168	-71064000	11.8	118580
168	-68385600	4.1	118580
168	-65793600	-0.1	118580
168	-63115200	-3.6	118580
168	-60436800	2.6	118580
168	-57931200	5.4	118580
168	-55252800	12.1	118580
168	-52660800	16.2	118580
168	-49982400	19.8	118580
168	-47390400	20.1	118580
168	-44712000	18.6	118580
168	-42033600	15.2	118580
168	-39441600	10.4	118580
168	-36763200	6	118580
168	-34171200	-2.6	118580
168	-31492800	-2.8	118580
168	-28814400	-1	118580
168	-26395200	4	118580
168	-23716800	10.3	118580
168	-21124800	18	118580
168	-18446400	17.4	118580
168	-15854400	20.6	118580
168	-13176000	18.3	118580
168	-10497600	16.1	118580
168	-7905600	10	118580
168	-5227200	5.8	118580
168	-2635200	-2.7	118580
168	43200	-2.1	118580
168	2721600	-0.9	118580
168	5140800	3.8	118580
168	7819200	9.5	118580
168	10411200	13.7	118580
168	13089600	19.3	118580
168	15681600	19.6	118580
168	18360000	19.2	118580
168	21038400	14.5	118580
168	23630400	9.2	118580
168	26308800	6.7	118580
168	28900800	0	118580
168	31579200	-2.2	118580
168	34257600	1.3	118580
168	36676800	3	118580
168	39355200	11.3	118580
168	41947200	17.3	118580
168	44625600	17.2	118580
168	47217600	20.3	118580
168	49896000	20.6	118580
168	52574400	13.3	118580
168	55166400	8.3	118580
168	57844800	3.8	118580
168	60436800	1.9	118580
168	63115200	-1.4	118580
168	65793600	3.4	118580
168	68299200	6.5	118580
168	70977600	10.7	118580
168	73569600	14.5	118580
168	76248000	19.2	118580
168	78840000	20.2	118580
168	81518400	17.9	118580
168	84196800	12.3	118580
168	86788800	8.1	118580
168	89467200	4.2	118580
168	92059200	0.5	118580
168	94737600	-1.4	118580
168	97416000	1.8	118580
168	99835200	5.3	118580
168	102513600	8.7	118580
168	105105600	16.2	118580
168	107784000	18.4	118580
168	110376000	19.8	118580
168	113054400	19.9	118580
168	115732800	16	118580
168	118324800	8.7	118580
168	121003200	2.5	118580
168	123595200	0.4	118580
168	126273600	0.9	118580
168	128952000	4.5	118580
168	131371200	8	118580
168	134049600	10.2	118580
168	136641600	13.8	118580
168	139320000	16.2	118580
168	141912000	19	118580
168	144590400	20.9	118580
168	147268800	15.3	118580
168	149860800	7.5	118580
168	152539200	5.4	118580
168	155131200	2.3	118580
168	157809600	2	118580
168	160488000	0.2	118580
168	162907200	6.9	118580
168	165585600	9.6	118580
168	168177600	17	118580
168	170856000	17.6	118580
168	173448000	20.2	118580
168	176126400	19.5	118580
168	178804800	17.8	118580
168	181396800	9.2	118580
168	184075200	3	118580
168	186667200	0.4	118580
168	189345600	-0.1	118580
168	192024000	-0.1	118580
168	194529600	2.7	118580
168	197208000	11.3	118580
168	199800000	15.2	118580
168	202478400	18.9	118580
168	205070400	21.6	118580
168	207748800	17.6	118580
168	210427200	14	118580
168	213019200	11.2	118580
168	215697600	5.9	118580
168	218289600	0	118580
168	220968000	-0.3	118580
168	223646400	3.4	118580
168	226065600	7.6	118580
168	228744000	8.9	118580
168	231336000	15.4	118580
168	234014400	19.6	118580
168	236606400	19.4	118580
168	239284800	18.7	118580
168	241963200	13.2	118580
168	244555200	10.5	118580
168	247233600	4.8	118580
168	249825600	-1	118580
168	252504000	0.1	118580
168	255182400	-0.3	118580
168	257601600	5.9	118580
168	260280000	9.2	118580
168	262872000	13.4	118580
168	265550400	17.4	118580
168	268142400	18	118580
168	270820800	18.2	118580
168	273499200	14	118580
168	276091200	9.8	118580
168	278769600	1.6	118580
168	281361600	0.7	118580
168	284040000	-3.9	118580
168	286718400	1.1	118580
168	289137600	6.4	118580
168	291816000	9.1	118580
168	294408000	16.3	118580
168	297086400	20.9	118580
168	299678400	17.5	118580
168	302356800	18.5	118580
168	305035200	15	118580
168	307627200	9	118580
168	310305600	4.8	118580
168	312897600	3.4	118580
168	315576000	-3.5	118580
168	318254400	1.3	118580
168	320760000	4.6	118580
168	323438400	7.7	118580
168	326030400	12.9	118580
168	328708800	17.8	118580
168	331300800	18.5	118580
168	333979200	19	118580
168	336657600	14.3	118580
168	339249600	9.7	118580
168	341928000	2.7	118580
168	344520000	-0.9	118580
168	347198400	-2.7	118580
168	349876800	0.7	118580
168	352296000	8.3	118580
168	354974400	9.8	118580
168	357566400	15.9	118580
168	360244800	19.4	118580
168	362836800	19.6	118580
168	365515200	19.4	118580
168	368193600	16.5	118580
168	370785600	11.5	118580
168	373464000	4.2	118580
168	376056000	-0.5	118580
168	378734400	-4.2	118580
168	381412800	-0.9	118580
168	383832000	5.4	118580
168	386510400	8.6	118580
168	389102400	16	118580
168	391780800	19.4	118580
168	394372800	20.6	118580
168	397051200	20.4	118580
168	399729600	18.7	118580
168	402321600	11.5	118580
168	4.05e+08	5.7	118580
168	407592000	2.5	118580
168	410270400	3.5	118580
168	412948800	-1.3	118580
168	415368000	6.5	118580
168	418046400	12.4	118580
168	420638400	16.9	118580
168	423316800	18.8	118580
168	425908800	22.7	118580
168	428587200	20.6	118580
168	431265600	16.5	118580
168	433857600	10.1	118580
168	436536000	1.6	118580
168	439128000	-0.2	118580
168	441806400	0.1	118580
168	444484800	0.8	118580
168	446990400	4.6	118580
168	449668800	10.1	118580
168	452260800	15.2	118580
168	454939200	17.2	118580
168	457531200	18.5	118580
168	460209600	19.4	118580
168	462888000	15.5	118580
168	465480000	11.5	118580
168	468158400	5.6	118580
168	470750400	-0.3	118580
168	473428800	-6.2	118580
168	476107200	-4.5	118580
168	478526400	4.7	118580
168	481204800	10.7	118580
168	483796800	16.5	118580
168	486475200	15.9	118580
168	489067200	20.5	118580
168	491745600	19.6	118580
168	494424000	15.3	118580
168	497016000	9.5	118580
168	499694400	3	118580
168	502286400	3.4	118580
168	504964800	-0.1	118580
168	507643200	-4.3	118580
168	510062400	3.4	118580
168	512740800	12.7	118580
168	515332800	17.8	118580
168	518011200	18.1	118580
168	520603200	19.6	118580
168	523281600	20.5	118580
168	525960000	14.6	118580
168	528552000	9.5	118580
168	531230400	4.8	118580
168	533822400	-0.9	118580
168	536500800	-5.2	118580
168	539179200	0.3	118580
168	541598400	0.3	118580
168	544276800	10.5	118580
168	546868800	13.1	118580
168	549547200	18.6	118580
168	552139200	21.9	118580
168	554817600	17.6	118580
168	557496000	17.5	118580
168	560088000	11.8	118580
168	562766400	5.4	118580
168	565358400	1.6	118580
168	568036800	2.7	118580
168	570715200	2.7	118580
168	573220800	4.2	118580
168	575899200	10.3	118580
168	578491200	16.4	118580
168	581169600	17.9	118580
168	583761600	21.5	118580
168	586440000	20	118580
168	589118400	15.5	118580
168	591710400	9.9	118580
168	594388800	-0.2	118580
168	596980800	1.9	118580
168	599659200	-0.4	118580
168	602337600	3.9	118580
168	604756800	8.3	118580
168	607435200	12.1	118580
168	610027200	15.4	118580
168	612705600	17.2	118580
168	615297600	20.8	118580
168	617976000	19.5	118580
168	620654400	16.2	118580
168	623246400	11	118580
168	625924800	3.5	118580
168	628516800	1.2	118580
168	631195200	0	118580
168	633873600	5	118580
168	636292800	8.7	118580
168	638971200	10.2	118580
168	641563200	17	118580
168	644241600	18.6	118580
168	646833600	19.6	118580
168	649512000	21.2	118580
168	652190400	14.1	118580
168	654782400	11.2	118580
168	657460800	5.9	118580
168	660052800	-0.2	118580
168	662731200	0	118580
168	665409600	-2.6	118580
168	667828800	7.8	118580
168	670507200	9.1	118580
168	673099200	12.4	118580
168	675777600	18.3	118580
168	678369600	22	118580
168	681048000	20.6	118580
168	683726400	17.4	118580
168	686318400	9.3	118580
168	688996800	5.4	118580
168	691588800	-1.8	118580
168	694267200	0.7	118580
168	696945600	3.1	118580
168	699451200	5.9	118580
168	702129600	11.4	118580
168	704721600	16.3	118580
168	707400000	20.1	118580
168	709992000	21.5	118580
168	712670400	24.6	118580
168	715348800	16.5	118580
168	717940800	9.5	118580
168	720619200	5.1	118580
168	723211200	-0.1	118580
168	725889600	-0.4	118580
168	728568000	-2.5	118580
168	730987200	4.6	118580
168	733665600	11.4	118580
168	736257600	18.7	118580
168	738936000	19.5	118580
168	741528000	19.5	118580
168	744206400	20.7	118580
168	746884800	15.9	118580
168	749476800	11.9	118580
168	752155200	1.6	118580
168	754747200	2	118580
168	757425600	3.5	118580
168	760104000	1.8	118580
168	762523200	8.3	118580
168	765201600	11.2	118580
168	767793600	15.8	118580
168	770472000	19.4	118580
168	773064000	23.6	118580
168	775742400	21.9	118580
168	778420800	17.9	118580
168	781012800	9	118580
168	783691200	6.1	118580
168	786283200	1.9	118580
168	788961600	-0.4	118580
168	791640000	5.1	118580
168	794059200	4.8	118580
168	796737600	11.2	118580
168	799329600	14.9	118580
168	802008000	18	118580
168	804600000	23.3	118580
168	807278400	20	118580
168	809956800	14.8	118580
168	812548800	11.6	118580
168	815227200	2.8	118580
168	817819200	0.4	118580
168	820497600	-2.4	118580
168	823176000	-3	118580
168	825681600	2.7	118580
168	828360000	11.4	118580
168	830952000	17	118580
168	833630400	19.8	118580
168	836222400	19.1	118580
168	838900800	20	118580
168	841579200	12.7	118580
168	844171200	11.2	118580
168	846849600	7.9	118580
168	849441600	-2	118580
168	852120000	-2	118580
168	854798400	2.8	118580
168	857217600	5	118580
168	859896000	7.8	118580
168	862488000	16.8	118580
168	865166400	19.8	118580
168	867758400	19.6	118580
168	870436800	21.2	118580
168	873115200	15.4	118580
168	875707200	7.8	118580
168	878385600	5.9	118580
168	880977600	2.6	118580
168	883656000	2.5	118580
168	886334400	5.4	118580
168	888753600	4.6	118580
168	891432000	12.6	118580
168	894024000	16	118580
168	896702400	20.5	118580
168	899294400	21.3	118580
168	901972800	20.9	118580
168	904651200	15.3	118580
168	907243200	11.2	118580
168	909921600	2.7	118580
168	912513600	-1.8	118580
168	915192000	0	118580
168	917870400	0.8	118580
168	920289600	7.4	118580
168	922968000	12.3	118580
168	925560000	16.6	118580
168	928238400	19.1	118580
168	930830400	21.8	118580
168	933508800	19.6	118580
168	936187200	18.7	118580
168	938779200	10.4	118580
168	941457600	3.5	118580
168	944049600	0.7	118580
168	946728000	-1.9	118580
168	949406400	3.4	118580
168	951912000	6.1	118580
168	954590400	14.6	118580
168	957182400	18.2	118580
168	959860800	21.6	118580
168	962452800	19.6	118580
168	965131200	22.5	118580
168	967809600	15.8	118580
168	970401600	13.8	118580
168	973080000	8.8	118580
168	975672000	2.3	118580
168	978350400	1	118580
168	981028800	3.1	118580
168	983448000	7.4	118580
168	986126400	10.5	118580
168	988718400	18.1	118580
168	991396800	18.4	118580
168	993988800	21.6	118580
168	996667200	22.3	118580
168	999345600	14.2	118580
168	1001937600	13.5	118580
168	1004616000	3.1	118580
168	1007208000	-4.7	118580
168	1009886400	0	118580
168	1012564800	5	118580
168	1014984000	7.2	118580
168	1017662400	10.7	118580
168	1020254400	18.8	118580
168	1022932800	21.2	118580
168	1025524800	23.3	118580
168	1028203200	21.1	118580
168	1030881600	15	118580
168	1033473600	9.8	118580
168	1036152000	8.2	118580
168	1038744000	-0.4	118580
168	1041422400	-1.9	118580
168	1044100800	-2	118580
168	1046520000	5.8	118580
168	1049198400	10.8	118580
168	1051790400	19.2	118580
168	1054468800	23	118580
168	1057060800	22.3	118580
168	1059739200	23.9	118580
168	1062417600	16.3	118580
168	1065009600	8.1	118580
168	1067688000	7.2	118580
168	1070280000	1.2	118580
168	1072958400	-2.4	118580
168	1075636800	1.8	118580
168	1078142400	5	118580
168	1080820800	12.1	118580
168	1083412800	14.6	118580
168	1086091200	18.7	118580
168	1088683200	20.9	118580
168	1091361600	20.8	118580
168	1094040000	15.7	118580
168	1096632000	12.1	118580
168	1099310400	5.7	118580
168	1101902400	1	118580
168	1104580800	0.4	118580
168	1107259200	-2.1	118580
168	1109678400	4.1	118580
168	1112356800	11.7	118580
168	1114948800	16.7	118580
168	1117627200	19.1	118580
168	1120219200	21.1	118580
168	1122897600	19	118580
168	1125576000	16.9	118580
168	1128168000	11	118580
168	1130846400	4.1	118580
168	1133438400	0.7	118580
168	1136116800	-2.8	118580
168	1138795200	-1	118580
168	1141214400	3.8	118580
168	1143892800	12.4	118580
168	1146484800	15.2	118580
168	1149163200	20	118580
168	1151755200	23.9	118580
168	1154433600	18.3	118580
168	1157112000	17.6	118580
168	1159704000	12.8	118580
168	1162382400	7.6	118580
168	1164974400	2.9	118580
168	1167652800	4.7	118580
168	1170331200	5.1	118580
168	1172750400	7.8	118580
168	1175428800	12.9	118580
168	1178020800	17.9	118580
168	1180699200	22.1	118580
168	1183291200	23	118580
168	1185969600	21.5	118580
168	1188648000	13.7	118580
168	1191240000	9.8	118580
168	1193918400	3.7	118580
168	1196510400	-0.3	118580
168	1199188800	2.1	118580
168	1201867200	3.5	118580
168	1204372800	6.5	118580
168	1207051200	11.7	118580
168	1209643200	17.2	118580
168	1212321600	21.3	118580
168	1214913600	21.2	118580
168	1217592000	20.9	118580
169	-599572800	-0.2	119030
169	-596894400	1.3	119030
169	-594475200	3.4	119030
169	-591796800	8.9	119030
169	-589204800	13.6	119030
169	-586526400	17.6	119030
169	-583934400	18.6	119030
169	-581256000	19.4	119030
169	-578577600	14.9	119030
169	-575985600	6.6	119030
169	-573307200	6	119030
169	-570715200	0.1	119030
169	-568036800	-2.6	119030
169	-565358400	-1.2	119030
169	-562852800	-0.5	119030
169	-560174400	11.2	119030
169	-557582400	12	119030
169	-554904000	16.4	119030
169	-552312000	20.2	119030
169	-549633600	19.8	119030
169	-546955200	12.5	119030
169	-544363200	7.3	119030
169	-541684800	2.3	119030
169	-539092800	-2.3	119030
169	-536414400	-1.2	119030
169	-533736000	-0.1	119030
169	-531316800	3	119030
169	-528638400	9.4	119030
169	-526046400	12.3	119030
169	-523368000	17.6	119030
169	-520776000	18.9	119030
169	-518097600	16.1	119030
169	-515419200	13.9	119030
169	-512827200	9.8	119030
169	-510148800	2.1	119030
169	-507556800	-1.1	119030
169	-504878400	-9.1	119030
169	-502200000	-7.6	119030
169	-499780800	3.9	119030
169	-497102400	6.2	119030
169	-494510400	13.4	119030
169	-491832000	18.2	119030
169	-489240000	16.8	119030
169	-486561600	17.3	119030
169	-483883200	14	119030
169	-481291200	7.4	119030
169	-478612800	2.9	119030
169	-476020800	1.4	119030
169	-473342400	-4.9	119030
169	-470664000	-2.4	119030
169	-468244800	0.2	119030
169	-465566400	5.7	119030
169	-462974400	11.7	119030
169	-460296000	16.2	119030
169	-457704000	18.5	119030
169	-455025600	17.2	119030
169	-452347200	13.7	119030
169	-449755200	8.6	119030
169	-447076800	3.5	119030
169	-444484800	0.4	119030
169	-441806400	-3.4	119030
169	-439128000	-9.6	119030
169	-436622400	0.6	119030
169	-433944000	8	119030
169	-431352000	13.7	119030
169	-428673600	16.4	119030
169	-426081600	18.7	119030
169	-423403200	17.3	119030
169	-420724800	13.9	119030
169	-418132800	7.6	119030
169	-415454400	-0.4	119030
169	-412862400	-0.9	119030
169	-410184000	-5	119030
169	-407505600	1.4	119030
169	-405086400	4.4	119030
169	-402408000	9.2	119030
169	-399816000	11.4	119030
169	-397137600	18.8	119030
169	-394545600	19.1	119030
169	-391867200	16.5	119030
169	-389188800	12.4	119030
169	-386596800	7.8	119030
169	-383918400	4.8	119030
169	-381326400	-0.6	119030
169	-378648000	-5.1	119030
169	-375969600	-0.4	119030
169	-373550400	-1.4	119030
169	-370872000	6.1	119030
169	-368280000	16.7	119030
170	-3755246400	-6.5	119271
170	-3752568000	-4.6	119271
170	-3750148800	1	119271
170	-3747470400	7.8	119271
170	-3744878400	10.7	119271
170	-3742200000	14.4	119271
170	-3739608000	16.2	119271
170	-3736929600	15.8	119271
170	-3734251200	9.7	119271
170	-3731659200	7	119271
170	-3728980800	0.8	119271
170	-3726388800	-3.9	119271
170	-3723710400	-1.8	119271
170	-3721032000	-4.4	119271
170	-3718526400	-3	119271
170	-3715848000	2.4	119271
170	-3713256000	11	119271
170	-3710577600	14.6	119271
170	-3707985600	16.3	119271
170	-3705307200	15.8	119271
170	-3702628800	11.9	119271
170	-3700036800	5.8	119271
170	-3697358400	3.8	119271
170	-3694766400	0.4	119271
170	-3692088000	-1.6	119271
170	-3689409600	-2.1	119271
170	-3686990400	-0.7	119271
170	-3684312000	3.3	119271
170	-3681720000	11.6	119271
170	-3679041600	15.8	119271
170	-3676449600	17.2	119271
170	-3673771200	16.2	119271
170	-3671092800	11.3	119271
170	-3668500800	7.3	119271
170	-3665822400	-0.5	119271
170	-3663230400	-7.2	119271
170	-3660552000	-3.3	119271
170	-3657873600	-5.3	119271
170	-3655454400	-1.4	119271
170	-3652776000	4.5	119271
170	-3650184000	11.6	119271
170	-3647505600	14.8	119271
170	-3644913600	17	119271
170	-3642235200	15.6	119271
170	-3639556800	9.7	119271
170	-3636964800	7.8	119271
170	-3634286400	-1.3	119271
170	-3631694400	-1.8	119271
170	-3629016000	-7.8	119271
170	-3626337600	-6.9	119271
170	-3623918400	0.8	119271
170	-3621240000	3.9	119271
170	-3618648000	10.7	119271
170	-3615969600	16.7	119271
170	-3613377600	16.6	119271
170	-3610699200	16.5	119271
170	-3608020800	10.8	119271
170	-3605428800	9.4	119271
170	-3602750400	1.6	119271
170	-3600158400	-8.8	119271
170	-3597480000	-3.3	119271
170	-3594801600	-2.3	119271
170	-3592296000	-2.9	119271
170	-3589617600	5.5	119271
170	-3587025600	11.2	119271
170	-3584347200	16.2	119271
170	-3581755200	15.7	119271
170	-3579076800	15.6	119271
170	-3576398400	11.9	119271
170	-3573806400	8.1	119271
170	-3571128000	-2.6	119271
170	-3568536000	-2.8	119271
170	-3565857600	-5.2	119271
170	-3563179200	-9.6	119271
170	-3560760000	-1.4	119271
170	-3558081600	6.7	119271
170	-3555489600	12	119271
170	-3552811200	15.6	119271
170	-3550219200	16.8	119271
170	-3547540800	16.4	119271
170	-3544862400	11.6	119271
170	-3542270400	9.9	119271
170	-3539592000	-2.4	119271
170	-3.537e+09	-2.5	119271
170	-3534321600	-10.8	119271
170	-3531643200	-15	119271
170	-3529224000	-3	119271
170	-3526545600	3.8	119271
170	-3523953600	10.4	119271
170	-3521275200	16	119271
170	-3518683200	16.3	119271
170	-3516004800	14.9	119271
170	-3513326400	13.3	119271
170	-3510734400	9.5	119271
170	-3508056000	-3.6	119271
170	-3505464000	-3.9	119271
170	-3502785600	-4.2	119271
170	-3500107200	-0.1	119271
170	-3497688000	2.9	119271
170	-3495009600	6.3	119271
170	-3492417600	11.6	119271
170	-3489739200	13.8	119271
170	-3487147200	17.3	119271
170	-3484468800	17.2	119271
170	-3481790400	10.2	119271
170	-3479198400	8.3	119271
170	-3476520000	0.6	119271
170	-3473928000	-5.3	119271
170	-3471249600	-2.2	119271
170	-3468571200	-3.9	119271
170	-3466065600	-1.9	119271
170	-3463387200	6.1	119271
170	-3460795200	11.9	119271
170	-3458116800	15.7	119271
170	-3455524800	14.8	119271
170	-3452846400	16	119271
170	-3450168000	12.8	119271
170	-3447576000	5	119271
170	-3444897600	-0.1	119271
170	-3442305600	-3	119271
170	-3439627200	-8.5	119271
170	-3436948800	1.5	119271
170	-3434529600	1.8	119271
170	-3431851200	3.8	119271
170	-3429259200	8.2	119271
170	-3426580800	16.9	119271
170	-3423988800	17.1	119271
170	-3421310400	17.1	119271
170	-3418632000	12.1	119271
170	-3416040000	8	119271
170	-3413361600	1.6	119271
170	-3410769600	-6.3	119271
170	-3408091200	-7	119271
170	-3405412800	-6.3	119271
170	-3402993600	2.4	119271
170	-3400315200	8.4	119271
170	-3397723200	13.7	119271
170	-3395044800	15.2	119271
170	-3392452800	16.9	119271
170	-3389774400	15.9	119271
170	-3387096000	13.4	119271
170	-3384504000	9.3	119271
170	-3381825600	2.1	119271
170	-3379233600	-6	119271
170	-3376555200	-0.5	119271
170	-3373876800	-4	119271
170	-3371457600	2.3	119271
170	-3368779200	5.3	119271
170	-3366187200	13	119271
170	-3363508800	15.4	119271
170	-3360916800	15.5	119271
170	-3358238400	17.6	119271
170	-3355560000	14.2	119271
170	-3352968000	9.7	119271
170	-3350289600	3	119271
170	-3347697600	-1.7	119271
170	-3345019200	-12.8	119271
170	-3342340800	-2.8	119271
170	-3339835200	2.6	119271
170	-3337156800	2	119271
170	-3334564800	8.1	119271
170	-3331886400	15.9	119271
170	-3329294400	14.1	119271
170	-3326616000	13.4	119271
170	-3323937600	12	119271
170	-3321345600	5.3	119271
170	-3318667200	0.8	119271
170	-3316075200	-7.1	119271
170	-3313396800	-3.5	119271
170	-3310718400	-8.4	119271
170	-3308299200	-3.6	119271
170	-3305620800	5.8	119271
170	-3303028800	13.4	119271
170	-3300350400	12	119271
170	-3297758400	17.8	119271
170	-3295080000	15	119271
170	-3292401600	10.6	119271
170	-3289809600	7.6	119271
170	-3287131200	2.3	119271
170	-3284539200	-3.9	119271
170	-3281860800	-1.7	119271
170	-3279182400	-1	119271
170	-3276763200	2.1	119271
170	-3274084800	9.5	119271
170	-3271492800	9	119271
170	-3268814400	17.2	119271
170	-3266222400	15.5	119271
170	-3263544000	14.1	119271
170	-3260865600	14.8	119271
170	-3258273600	3.4	119271
170	-3255595200	0.2	119271
170	-3253003200	-3.1	119271
170	-3250324800	-3.3	119271
170	-3247646400	-0.6	119271
170	-3245227200	-1.5	119271
170	-3242548800	6.3	119271
170	-3239956800	11.3	119271
170	-3237278400	14.1	119271
170	-3234686400	15.3	119271
170	-3232008000	15.4	119271
170	-3229329600	11.5	119271
170	-3226737600	6.1	119271
170	-3224059200	-2.8	119271
170	-3221467200	-5.7	119271
170	-3218788800	-6.8	119271
170	-3216110400	-1.8	119271
170	-3213604800	0.8	119271
170	-3210926400	5.5	119271
170	-3208334400	14.4	119271
170	-3205656000	16.5	119271
170	-3203064000	17	119271
170	-3200385600	16.6	119271
170	-3197707200	13.7	119271
170	-3195115200	8.7	119271
170	-3192436800	-0.4	119271
170	-3189844800	0.9	119271
170	-3187166400	-9	119271
170	-3184488000	0.8	119271
170	-3182068800	-0.4	119271
170	-3179390400	8.8	119271
170	-3176798400	14.5	119271
170	-3174120000	12.6	119271
170	-3171528000	17.1	119271
170	-3168849600	14.8	119271
170	-3166171200	12	119271
170	-3163579200	4.7	119271
170	-3160900800	0.1	119271
170	-3158308800	-1.4	119271
170	-3155630400	-4.6	119271
170	-3152952000	-11.6	119271
170	-3150532800	-3.3	119271
170	-3147854400	4.3	119271
170	-3145262400	11.6	119271
170	-3142584000	13.1	119271
170	-3139992000	16.6	119271
170	-3137313600	13.6	119271
170	-3134635200	9.6	119271
170	-3132043200	5.7	119271
170	-3129364800	3.9	119271
170	-3126772800	-6.9	119271
170	-3124094400	-7.9	119271
170	-3121416000	-5.5	119271
170	-3118996800	0.7	119271
170	-3116318400	4.6	119271
170	-3113726400	8	119271
170	-3111048000	13.2	119271
170	-3108456000	16.5	119271
170	-3105777600	15.3	119271
170	-3103099200	10.5	119271
170	-3100507200	3.8	119271
170	-3097828800	0.3	119271
170	-3095236800	-11.3	119271
170	-3092558400	-2.7	119271
170	-3089880000	-3.1	119271
170	-3087374400	2.2	119271
170	-3084696000	8.3	119271
170	-3082104000	14.7	119271
170	-3079425600	13.8	119271
170	-3076833600	15.9	119271
170	-3074155200	14.3	119271
170	-3071476800	12.7	119271
170	-3068884800	10.5	119271
170	-3066206400	5.2	119271
170	-3063614400	2.3	119271
170	-3060936000	-0.8	119271
170	-3058257600	-2.1	119271
170	-3055838400	4.4	119271
170	-3053160000	5.5	119271
170	-3050568000	8.7	119271
170	-3047889600	14.1	119271
170	-3045297600	16.6	119271
170	-3042619200	16	119271
170	-3039940800	10.9	119271
170	-3037348800	9.6	119271
170	-3034670400	2.5	119271
170	-3032078400	-4.8	119271
204	-3124094400	-3.1	128050
204	-3121416000	-0.6	128050
204	-3118996800	4.4	128050
204	-3116318400	9.6	128050
204	-3113726400	11.2	128050
204	-3111048000	15.4	128050
204	-3108456000	19.9	128050
204	-3105777600	18.7	128050
204	-3103099200	15.2	128050
204	-3100507200	7.5	128050
204	-3097828800	2.6	128050
204	-3095236800	-6.4	128050
204	-3092558400	-1	128050
204	-3089880000	0.9	128050
204	-3087374400	6.3	128050
204	-3084696000	11.7	128050
204	-3082104000	16.3	128050
204	-3079425600	17.1	128050
204	-3076833600	19.9	128050
204	-3074155200	17.5	128050
204	-3071476800	15.9	128050
204	-3068884800	12.6	128050
204	-3066206400	6	128050
204	-3063614400	3.8	128050
204	-3060936000	1	128050
204	-3058257600	0.1	128050
204	-3055838400	7.4	128050
204	-3053160000	8.7	128050
204	-3050568000	11.6	128050
204	-3047889600	17.1	128050
204	-3045297600	21.5	128050
204	-3042619200	20.6	128050
204	-3039940800	13.7	128050
204	-3037348800	12.3	128050
204	-3034670400	5.1	128050
204	-3032078400	0.3	128050
204	-3029400000	-1.4	128050
204	-3026721600	0.3	128050
204	-3024302400	3.7	128050
204	-3021624000	11.4	128050
204	-3019032000	10.1	128050
204	-3016353600	17.9	128050
204	-3013761600	21.7	128050
204	-3011083200	17.5	128050
204	-3008404800	17.8	128050
204	-3005812800	10.3	128050
204	-3003134400	0.8	128050
204	-3000542400	-0.8	128050
204	-2997864000	-0.6	128050
204	-2995185600	-4.1	128050
204	-2992766400	0.1	128050
204	-2990088000	8.3	128050
204	-2987496000	15.2	128050
204	-2984817600	20.9	128050
204	-2982225600	19.3	128050
204	-2979547200	19.8	128050
204	-2976868800	13.8	128050
204	-2974276800	8	128050
204	-2971598400	2.9	128050
204	-2969006400	-2.8	128050
204	-2966328000	-5.3	128050
204	-2963649600	-0.7	128050
204	-2961144000	6	128050
204	-2958465600	12.2	128050
204	-2955873600	10.6	128050
204	-2953195200	18.4	128050
204	-2950603200	19.2	128050
204	-2947924800	19.4	128050
204	-2945246400	13.8	128050
204	-2942654400	10.3	128050
204	-2939976000	0.2	128050
204	-2937384000	2.1	128050
204	-2934705600	1.6	128050
204	-2932027200	3	128050
204	-2929608000	3.7	128050
204	-2926929600	8.4	128050
204	-2924337600	12.1	128050
204	-2921659200	19.6	128050
204	-2919067200	19.3	128050
204	-2916388800	21.2	128050
204	-2913710400	12.2	128050
204	-2911118400	8	128050
204	-2908440000	5.4	128050
204	-2905848000	-0.4	128050
204	-2903169600	-2.1	128050
204	-2900491200	3.2	128050
204	-2898072000	4.5	128050
204	-2895393600	10.3	128050
204	-2892801600	14.8	128050
204	-2890123200	17.6	128050
204	-2887531200	18.2	128050
204	-2884852800	18.8	128050
204	-2882174400	16.1	128050
204	-2879582400	11.3	128050
204	-2876904000	4.8	128050
204	-2874312000	-2.1	128050
204	-2871633600	-2.1	128050
204	-2868955200	2.2	128050
204	-2866536000	3.8	128050
204	-2863857600	9.4	128050
204	-2861265600	12.4	128050
204	-2858587200	18.9	128050
204	-2855995200	17.5	128050
204	-2853316800	19.8	128050
204	-2850638400	16	128050
204	-2848046400	8.3	128050
204	-2845368000	1.2	128050
204	-2842776000	-7.7	128050
204	-2840097600	-2.3	128050
204	-2837419200	-1.5	128050
204	-2834913600	3.7	128050
204	-2832235200	12.4	128050
204	-2829643200	12.8	128050
204	-2826964800	17.4	128050
204	-2824372800	21.7	128050
204	-2821694400	17.5	128050
204	-2819016000	15.3	128050
204	-2816424000	10.1	128050
204	-2813745600	4.7	128050
204	-2811153600	3.3	128050
204	-2808475200	-5	128050
204	-2805796800	-0.4	128050
204	-2803377600	4.6	128050
204	-2800699200	7.1	128050
204	-2798107200	13.1	128050
204	-2795428800	17	128050
204	-2792836800	21.2	128050
204	-2790158400	19.8	128050
204	-2787480000	13.5	128050
204	-2784888000	6.3	128050
204	-2782209600	2.9	128050
204	-2779617600	0.2	128050
204	-2776939200	0.5	128050
204	-2774260800	2.1	128050
204	-2771841600	9	128050
204	-2769163200	9.5	128050
204	-2766571200	14.6	128050
204	-2763892800	16	128050
204	-2761300800	19.7	128050
204	-2758622400	16.4	128050
204	-2755944000	14.1	128050
204	-2753352000	10.7	128050
204	-2750673600	4.9	128050
204	-2748081600	1.3	128050
204	-2745403200	-2.2	128050
204	-2742724800	1.3	128050
204	-2740305600	0	128050
204	-2737627200	7.6	128050
204	-2735035200	14.6	128050
204	-2732356800	18.3	128050
204	-2729764800	19.9	128050
204	-2727086400	18.7	128050
204	-2724408000	15.1	128050
204	-2721816000	9.9	128050
204	-2719137600	3.3	128050
204	-2716545600	-0.9	128050
204	-2713867200	0.5	128050
204	-2711188800	1.6	128050
204	-2708683200	5.5	128050
204	-2706004800	8.6	128050
204	-2703412800	15.3	128050
204	-2700734400	15.1	128050
204	-2698142400	20.2	128050
204	-2695464000	17.8	128050
204	-2692785600	14.9	128050
204	-2690193600	8.6	128050
204	-2687515200	2	128050
204	-2684923200	0.4	128050
204	-2682244800	-2.8	128050
204	-2679566400	2.7	128050
204	-2677147200	5.5	128050
204	-2674468800	12.3	128050
204	-2671876800	13	128050
204	-2669198400	18.9	128050
204	-2666606400	21.2	128050
204	-2663928000	17.8	128050
204	-2661249600	15.3	128050
204	-2658657600	9.4	128050
204	-2655979200	4.2	128050
204	-2653387200	-2.1	128050
204	-2650708800	-2.2	128050
204	-2648030400	-1.9	128050
204	-2645611200	0.4	128050
204	-2642932800	10.9	128050
204	-2640340800	14.2	128050
204	-2637662400	16.5	128050
204	-2635070400	19.3	128050
204	-2632392000	18.9	128050
204	-2629713600	16.7	128050
204	-2627121600	10.9	128050
204	-2624443200	4.9	128050
204	-2621851200	1.2	128050
204	-2619172800	-4.3	128050
204	-2616494400	-2.1	128050
204	-2614075200	2.4	128050
204	-2611396800	9.5	128050
204	-2608804800	12.7	128050
204	-2606126400	16.7	128050
204	-2603534400	21.8	128050
204	-2600856000	18.3	128050
204	-2598177600	15.3	128050
204	-2595585600	6.7	128050
204	-2592907200	3.9	128050
204	-2590315200	-1.3	128050
204	-2587636800	-3.2	128050
204	-2584958400	-4	128050
204	-2582452800	2.9	128050
204	-2579774400	7.9	128050
204	-2577182400	15.2	128050
204	-2574504000	17.5	128050
204	-2571912000	17.3	128050
204	-2569233600	17.4	128050
204	-2566555200	15	128050
204	-2563963200	7.2	128050
204	-2561284800	0.9	128050
204	-2558692800	0	128050
204	-2556014400	-3.4	128050
204	-2553336000	-0.8	128050
204	-2550916800	1.1	128050
204	-2548238400	9	128050
204	-2545646400	16.9	128050
204	-2542968000	19.3	128050
204	-2540376000	19.4	128050
204	-2537697600	17.4	128050
204	-2535019200	11.3	128050
204	-2532427200	10.8	128050
204	-2529748800	2.2	128050
204	-2527156800	-4.8	128050
204	-2524478400	0.6	128050
204	-2521800000	-2.6	128050
204	-2519380800	5.5	128050
204	-2516702400	9.1	128050
204	-2514110400	15.2	128050
204	-2511432000	15.3	128050
204	-2508840000	19.3	128050
204	-2506161600	21.3	128050
204	-2503483200	14.3	128050
204	-2500891200	8.3	128050
204	-2498212800	3.3	128050
204	-2495620800	-5.7	128050
204	-2492942400	-7.1	128050
204	-2490264000	-2.6	128050
204	-2487844800	4.5	128050
204	-2485166400	7	128050
204	-2482574400	15.9	128050
204	-2479896000	17.7	128050
204	-2477304000	19.5	128050
204	-2474625600	18	128050
204	-2471947200	15.3	128050
204	-2469355200	11.9	128050
204	-2466676800	2.9	128050
204	-2464084800	0.9	128050
204	-2461406400	-2.2	128050
204	-2458728000	1.1	128050
204	-2456222400	2.7	128050
204	-2453544000	10.5	128050
204	-2450952000	14.9	128050
204	-2448273600	17.9	128050
204	-2445681600	19.2	128050
204	-2443003200	21	128050
204	-2440324800	16.9	128050
204	-2437732800	9.3	128050
204	-2435054400	1.2	128050
204	-2432462400	-2.9	128050
204	-2429784000	-7.6	128050
204	-2427105600	2.1	128050
204	-2424686400	5	128050
204	-2422008000	9.2	128050
204	-2419416000	13.6	128050
204	-2416737600	16.9	128050
204	-2414145600	19.1	128050
204	-2411467200	18.7	128050
204	-2408788800	14.9	128050
204	-2406196800	11.2	128050
204	-2403518400	1.6	128050
204	-2400926400	0.3	128050
204	-2398248000	-3.6	128050
204	-2395569600	2.4	128050
204	-2393150400	5.8	128050
204	-2390472000	11.9	128050
204	-2387880000	14.7	128050
204	-2385201600	16.1	128050
204	-2382609600	20.9	128050
204	-2379931200	18.5	128050
204	-2377252800	13.3	128050
204	-2374660800	10.6	128050
204	-2371982400	4.7	128050
204	-2369390400	-0.5	128050
204	-2366712000	-2.2	128050
204	-2364033600	-4.7	128050
204	-2361614400	2.8	128050
204	-2358936000	9.4	128050
204	-2356344000	13.3	128050
204	-2353665600	17.3	128050
204	-2351073600	20.5	128050
204	-2348395200	18.5	128050
204	-2345716800	16.6	128050
204	-2343124800	9.2	128050
204	-2340446400	5.4	128050
204	-2337854400	-0.6	128050
204	-2335176000	-4.9	128050
204	-2332497600	-1	128050
204	-2329992000	6.4	128050
204	-2327313600	7.4	128050
204	-2324721600	12.3	128050
204	-2322043200	18.1	128050
204	-2319451200	20	128050
204	-2316772800	16.4	128050
204	-2314094400	15	128050
204	-2311502400	11.6	128050
204	-2308824000	2.5	128050
204	-2306232000	0.1	128050
204	-2303553600	-1.6	128050
204	-2300875200	2.1	128050
204	-2298456000	7.5	128050
204	-2295777600	10	128050
204	-2293185600	12.3	128050
204	-2290507200	18.5	128050
204	-2287915200	19.3	128050
204	-2285236800	18.7	128050
204	-2282558400	14.8	128050
204	-2279966400	7.9	128050
204	-2277288000	1.1	128050
204	-2274696000	-1	128050
204	-2272017600	0.4	128050
204	-2269339200	1.8	128050
204	-2266920000	5.4	128050
204	-2264241600	10.7	128050
204	-2261649600	14.1	128050
204	-2258971200	16.2	128050
204	-2256379200	17.9	128050
204	-2253700800	19.7	128050
204	-2251022400	15.3	128050
204	-2248430400	10	128050
204	-2245752000	6.7	128050
204	-2243160000	1.8	128050
204	-2240481600	2.2	128050
204	-2237803200	0.6	128050
204	-2235384000	3.8	128050
204	-2232705600	9.6	128050
204	-2230113600	13.7	128050
204	-2227435200	16.9	128050
204	-2224843200	19.8	128050
204	-2222164800	19	128050
204	-2219486400	13.9	128050
204	-2216894400	7.6	128050
204	-2214216000	5.8	128050
204	-2211624000	-4.6	128050
204	-2208945600	-0.3	128050
204	-2206267200	4	128050
204	-2203848000	1.5	128050
204	-2201169600	8.3	128050
204	-2198577600	12.7	128050
204	-2195899200	17.7	128050
204	-2193307200	20.7	128050
204	-2190628800	17.7	128050
204	-2187950400	16.2	128050
204	-2185358400	10.2	128050
204	-2182680000	6.5	128050
204	-2180088000	0.7	128050
204	-2177409600	-4.8	128050
204	-2174731200	-3.7	128050
204	-2172312000	4.2	128050
204	-2169633600	10.4	128050
204	-2167041600	14.6	128050
204	-2164363200	18.1	128050
204	-2161771200	20.4	128050
204	-2159092800	18.9	128050
204	-2156414400	13.8	128050
204	-2153822400	11.2	128050
204	-2151144000	2.5	128050
204	-2148552000	2.6	128050
204	-2145873600	3	128050
204	-2143195200	-0.1	128050
204	-2140776000	4.6	128050
204	-2138097600	9.4	128050
204	-2135505600	10.9	128050
204	-2132827200	16.1	128050
204	-2130235200	18.1	128050
204	-2127556800	18.7	128050
204	-2124878400	14.3	128050
204	-2122286400	8.7	128050
204	-2119608000	0.2	128050
204	-2117016000	-3.3	128050
204	-2114337600	-3.9	128050
204	-2111659200	3.9	128050
204	-2109240000	7.2	128050
204	-2106561600	6.3	128050
204	-2103969600	14.1	128050
204	-2101291200	15.9	128050
204	-2098699200	18.2	128050
204	-2096020800	18.2	128050
204	-2093342400	14.1	128050
204	-2090750400	9.9	128050
204	-2088072000	5.2	128050
204	-2085480000	0.5	128050
204	-2082801600	-2.2	128050
204	-2080123200	2.9	128050
204	-2077617600	4.7	128050
204	-2074939200	10.1	128050
204	-2072347200	13.6	128050
204	-2069668800	17.6	128050
204	-2067076800	21.4	128050
204	-2064398400	19.6	128050
204	-2061720000	13.2	128050
204	-2059128000	9.6	128050
204	-2056449600	3.1	128050
204	-2053857600	1.2	128050
204	-2051179200	-2.9	128050
204	-2048500800	1.4	128050
204	-2046081600	7	128050
204	-2043403200	8.8	128050
204	-2040811200	13.9	128050
204	-2038132800	18.6	128050
204	-2035540800	21.4	128050
204	-2032862400	20.6	128050
204	-2030184000	15.9	128050
204	-2027592000	4.9	128050
204	-2024913600	4.4	128050
204	-2022321600	1.2	128050
204	-2019643200	-0.8	128050
204	-2016964800	0.9	128050
204	-2014545600	4.6	128050
204	-2011867200	10	128050
204	-2009275200	14.7	128050
204	-2006596800	16.1	128050
204	-2004004800	19.3	128050
204	-2001326400	18.1	128050
204	-1998648000	13.1	128050
204	-1996056000	9.4	128050
204	-1993377600	6.8	128050
204	-1990785600	-1.6	128050
204	-1988107200	-1.2	128050
204	-1985428800	-1.2	128050
204	-1983009600	3	128050
204	-1980331200	7.1	128050
204	-1977739200	15.6	128050
204	-1975060800	17.8	128050
204	-1972468800	18	128050
204	-1969790400	19	128050
204	-1967112000	14.5	128050
204	-1964520000	14.2	128050
204	-1961841600	2.5	128050
204	-1959249600	1.7	128050
204	-1956571200	-3	128050
204	-1953892800	2.1	128050
204	-1951387200	3.8	128050
204	-1948708800	8	128050
204	-1946116800	17	128050
204	-1943438400	19.4	128050
204	-1940846400	19.3	128050
204	-1938168000	17.4	128050
204	-1935489600	12.9	128050
204	-1932897600	8.2	128050
204	-1930219200	-0.4	128050
204	-1927627200	-1.7	128050
204	-1924948800	-2.3	128050
204	-1922270400	-2.8	128050
204	-1919851200	3.2	128050
204	-1917172800	9.9	128050
204	-1914580800	12.3	128050
204	-1911902400	16.5	128050
204	-1909310400	17.4	128050
204	-1906632000	18.6	128050
204	-1903953600	14.9	128050
204	-1901361600	11.3	128050
204	-1898683200	2.6	128050
204	-1896091200	1.9	128050
204	-1893412800	0.6	128050
204	-1890734400	3.2	128050
204	-1888315200	5.3	128050
204	-1885636800	9	128050
204	-1883044800	13.5	128050
204	-1880366400	17.6	128050
204	-1877774400	17.9	128050
204	-1875096000	18.3	128050
204	-1872417600	13.3	128050
204	-1869825600	9.7	128050
204	-1867147200	3.8	128050
204	-1864555200	3.8	128050
204	-1861876800	-1.2	128050
204	-1859198400	0.2	128050
204	-1856779200	5.6	128050
204	-1854100800	9.1	128050
204	-1851508800	14.8	128050
204	-1848830400	17.4	128050
204	-1846238400	20.9	128050
204	-1843560000	20.5	128050
204	-1840881600	15.6	128050
204	-1838289600	9.3	128050
204	-1835611200	6.5	128050
204	-1833019200	2.3	128050
204	-1830340800	-3	128050
204	-1827662400	2.9	128050
204	-1825156800	7.7	128050
204	-1822478400	7.8	128050
204	-1819886400	13.5	128050
204	-1817208000	17.9	128050
204	-1814616000	18.7	128050
204	-1811937600	16.8	128050
204	-1809259200	9.9	128050
204	-1806667200	6.8	128050
204	-1803988800	1.3	128050
204	-1801396800	1.4	128050
204	-1798718400	-2.7	128050
204	-1796040000	-0.1	128050
204	-1793620800	6.9	128050
204	-1790942400	9.5	128050
204	-1788350400	13.4	128050
204	-1785672000	17	128050
204	-1783080000	16.1	128050
204	-1780401600	16.9	128050
204	-1777723200	14	128050
204	-1775131200	10.1	128050
204	-1772452800	6	128050
204	-1769860800	1.4	128050
204	-1767182400	-5.7	128050
204	-1764504000	-2	128050
204	-1762084800	6.2	128050
204	-1759406400	10.9	128050
204	-1756814400	13.5	128050
204	-1754136000	16.5	128050
204	-1751544000	18.6	128050
204	-1748865600	18.9	128050
204	-1746187200	14.1	128050
204	-1743595200	8.5	128050
204	-1740916800	3	128050
204	-1738324800	1.9	128050
204	-1735646400	0.8	128050
204	-1732968000	1	128050
204	-1730548800	3.3	128050
204	-1727870400	9.2	128050
204	-1725278400	15	128050
204	-1722600000	19.2	128050
204	-1720008000	18.2	128050
204	-1717329600	16.7	128050
204	-1714651200	12.5	128050
204	-1712059200	8	128050
204	-1709380800	2.4	128050
204	-1706788800	4	128050
204	-1704110400	3.7	128050
204	-1701432000	0.8	128050
204	-1698926400	8.4	128050
204	-1696248000	10.3	128050
204	-1693656000	15.5	128050
204	-1690977600	15.5	128050
204	-1688385600	18.3	128050
204	-1685707200	17.9	128050
204	-1683028800	12.8	128050
204	-1680436800	8.4	128050
204	-1677758400	5.6	128050
204	-1675166400	3.5	128050
204	-1672488000	-1.9	128050
204	-1669809600	-5.1	128050
204	-1667390400	2.1	128050
204	-1664712000	7.5	128050
204	-1662120000	15.4	128050
204	-1659441600	19.1	128050
204	-1656849600	19.5	128050
204	-1654171200	18.5	128050
204	-1651492800	15.2	128050
204	-1648900800	9.1	128050
204	-1646222400	3.9	128050
204	-1643630400	-2.2	128050
204	-1640952000	-0.5	128050
204	-1638273600	0.7	128050
204	-1635854400	5.1	128050
204	-1633176000	12.1	128050
204	-1630584000	15.7	128050
204	-1627905600	14.4	128050
204	-1625313600	18.2	128050
204	-1622635200	18.3	128050
204	-1619956800	15.9	128050
204	-1617364800	10	128050
204	-1614686400	3.1	128050
204	-1612094400	2.4	128050
204	-1609416000	1.1	128050
204	-1606737600	-0.5	128050
204	-1604318400	5	128050
204	-1601640000	7.4	128050
204	-1599048000	11	128050
204	-1596369600	16.8	128050
204	-1593777600	17	128050
204	-1591099200	18.5	128050
204	-1588420800	16.7	128050
204	-1585828800	8.1	128050
204	-1583150400	2.7	128050
204	-1580558400	1.1	128050
204	-1577880000	2.6	128050
204	-1575201600	3.3	128050
204	-1572696000	7.6	128050
204	-1570017600	12.6	128050
204	-1567425600	16.2	128050
204	-1564747200	16.2	128050
204	-1562155200	19.7	128050
204	-1559476800	17	128050
204	-1556798400	15.2	128050
204	-1554206400	6.9	128050
204	-1551528000	-0.4	128050
204	-1548936000	0.3	128050
204	-1546257600	4.3	128050
204	-1543579200	1.1	128050
204	-1541160000	6.4	128050
204	-1538481600	7.9	128050
204	-1535889600	15.6	128050
204	-1533211200	16.1	128050
204	-1530619200	20.3	128050
204	-1527940800	20.6	128050
204	-1525262400	14.2	128050
204	-1522670400	11.1	128050
204	-1519992000	1	128050
204	-1517400000	-0.8	128050
204	-1514721600	-2	128050
204	-1512043200	-1.8	128050
204	-1509624000	5.8	128050
204	-1506945600	8	128050
204	-1504353600	14.9	128050
204	-1501675200	18.4	128050
204	-1499083200	19	128050
204	-1496404800	18.3	128050
204	-1493726400	12.6	128050
204	-1491134400	6.7	128050
204	-1488456000	2.5	128050
204	-1485864000	1.6	128050
204	-1483185600	1.5	128050
204	-1480507200	1	128050
204	-1478088000	5.3	128050
204	-1475409600	8.3	128050
204	-1472817600	15.9	128050
204	-1470139200	14.3	128050
204	-1467547200	20.6	128050
204	-1464868800	18.8	128050
204	-1462190400	14.7	128050
204	-1459598400	11.9	128050
204	-1456920000	5.3	128050
204	-1454328000	-0.1	128050
204	-1451649600	-2.6	128050
204	-1448971200	-2	128050
204	-1446465600	3.6	128050
204	-1443787200	8.7	128050
204	-1441195200	16	128050
204	-1438516800	16.7	128050
204	-1435924800	18.9	128050
204	-1433246400	16.4	128050
204	-1430568000	15.6	128050
204	-1427976000	9.6	128050
204	-1425297600	2.6	128050
204	-1422705600	-0.2	128050
204	-1420027200	0.5	128050
204	-1417348800	4.6	128050
204	-1414929600	3.6	128050
204	-1412251200	9.8	128050
204	-1409659200	15	128050
204	-1406980800	16	128050
204	-1404388800	18.8	128050
204	-1401710400	18.4	128050
204	-1399032000	13.2	128050
204	-1396440000	9.7	128050
204	-1393761600	4.2	128050
204	-1391169600	-1.1	128050
204	-1388491200	-1.9	128050
204	-1385812800	4.9	128050
204	-1383393600	5.2	128050
204	-1380715200	11.7	128050
204	-1378123200	13.5	128050
204	-1375444800	16	128050
204	-1372852800	18.7	128050
204	-1370174400	17.9	128050
204	-1367496000	16	128050
204	-1364904000	10.4	128050
204	-1362225600	9.6	128050
204	-1359633600	0.8	128050
204	-1356955200	1.9	128050
204	-1354276800	0.3	128050
204	-1351857600	7.4	128050
204	-1349179200	9.8	128050
204	-1346587200	13.5	128050
204	-1343908800	18.3	128050
204	-1341316800	20	128050
204	-1338638400	19.7	128050
204	-1335960000	16.1	128050
204	-1333368000	9.1	128050
204	-1330689600	4.4	128050
204	-1328097600	-3.5	128050
204	-1325419200	0.5	128050
204	-1322740800	1.5	128050
204	-1320235200	3.1	128050
204	-1317556800	10.6	128050
204	-1314964800	11.6	128050
204	-1312286400	16.9	128050
204	-1309694400	22.2	128050
204	-1307016000	20	128050
204	-1304337600	15	128050
204	-1301745600	10.3	128050
204	-1299067200	7.2	128050
204	-1296475200	-0.9	128050
204	-1293796800	-5.4	128050
204	-1291118400	-10	128050
204	-1288699200	2.8	128050
204	-1286020800	6.8	128050
204	-1283428800	15.2	128050
204	-1280750400	17	128050
204	-1278158400	20.3	128050
204	-1275480000	20	128050
204	-1272801600	17	128050
204	-1270209600	11.5	128050
204	-1267531200	6.1	128050
204	-1264939200	2.9	128050
204	-1262260800	0.1	128050
204	-1259582400	-1.1	128050
204	-1257163200	6.9	128050
204	-1254484800	10.7	128050
204	-1251892800	14	128050
204	-1249214400	19.4	128050
204	-1246622400	18.9	128050
204	-1243944000	17.8	128050
204	-1241265600	15.6	128050
204	-1238673600	9.8	128050
204	-1235995200	7	128050
204	-1233403200	-0.1	128050
204	-1230724800	-0.1	128050
204	-1228046400	-0.4	128050
204	-1225627200	1.3	128050
204	-1222948800	7.2	128050
204	-1220356800	17.5	128050
204	-1217678400	19.4	128050
204	-1215086400	20.2	128050
204	-1212408000	17.7	128050
204	-1209729600	11.6	128050
204	-1207137600	8.4	128050
204	-1204459200	3.5	128050
204	-1201867200	-1	128050
204	-1199188800	0.2	128050
204	-1196510400	-2.8	128050
204	-1194004800	1	128050
204	-1191326400	10.4	128050
204	-1188734400	15.4	128050
204	-1186056000	17	128050
204	-1183464000	21.3	128050
204	-1180785600	20.7	128050
204	-1178107200	19.3	128050
204	-1175515200	10.5	128050
204	-1172836800	4.1	128050
204	-1170244800	-0.2	128050
204	-1167566400	-3.5	128050
204	-1164888000	1.5	128050
204	-1162468800	5.5	128050
204	-1159790400	8.4	128050
204	-1157198400	13.1	128050
204	-1154520000	15.2	128050
204	-1151928000	19.3	128050
204	-1149249600	19.3	128050
204	-1146571200	14.5	128050
204	-1143979200	9.7	128050
204	-1141300800	3.6	128050
204	-1138708800	-5.4	128050
204	-1136030400	-1.1	128050
204	-1133352000	1	128050
204	-1130932800	7.5	128050
204	-1128254400	13	128050
204	-1125662400	16.1	128050
204	-1122984000	17.4	128050
204	-1120392000	20.8	128050
204	-1117713600	19.2	128050
204	-1115035200	16.1	128050
204	-1112443200	10.1	128050
204	-1109764800	6.3	128050
204	-1107172800	5.2	128050
204	-1104494400	-2.9	128050
204	-1101816000	1.6	128050
204	-1099396800	2.7	128050
204	-1096718400	9.4	128050
204	-1094126400	12.4	128050
204	-1091448000	19.8	128050
204	-1088856000	20.1	128050
204	-1086177600	18.6	128050
204	-1083499200	15.8	128050
204	-1080907200	11.9	128050
204	-1078228800	4.9	128050
204	-1075636800	0.9	128050
204	-1072958400	3.9	128050
204	-1070280000	1.9	128050
204	-1067774400	7	128050
204	-1065096000	10	128050
204	-1062504000	14.5	128050
204	-1059825600	17.2	128050
204	-1057233600	20.6	128050
204	-1054555200	17.6	128050
204	-1051876800	14.9	128050
204	-1049284800	6.3	128050
204	-1046606400	3.6	128050
204	-1044014400	0.5	128050
204	-1041336000	-2.9	128050
204	-1038657600	2.1	128050
204	-1036238400	6.5	128050
204	-1033560000	9.2	128050
204	-1030968000	16.8	128050
204	-1028289600	18.9	128050
204	-1025697600	19.2	128050
204	-1023019200	18.3	128050
204	-1020340800	15.1	128050
204	-1017748800	10.7	128050
204	-1015070400	4.2	128050
204	-1012478400	-0.2	128050
204	-1009800000	0.6	128050
204	-1007121600	1.7	128050
204	-1004702400	8.9	128050
204	-1002024000	6.5	128050
204	-999432000	13.2	128050
204	-996753600	19	128050
204	-994161600	19.6	128050
204	-991483200	18.9	128050
204	-988804800	14.9	128050
204	-986212800	10.8	128050
204	-983534400	6.2	128050
204	-980942400	-2	128050
204	-978264000	0.6	128050
204	-975585600	2.4	128050
204	-973166400	2	128050
204	-970488000	13	128050
204	-967896000	13.1	128050
204	-965217600	17.9	128050
204	-962625600	20.1	128050
204	-959947200	19.5	128050
204	-957268800	14.6	128050
204	-954676800	8.1	128050
204	-951998400	5.1	128050
204	-949406400	-1.5	128050
204	-946728000	-8.5	128050
204	-944049600	-6.1	128050
204	-941544000	3	128050
204	-938865600	9.9	128050
204	-936273600	12.6	128050
204	-933595200	17.5	128050
204	-931003200	18.6	128050
204	-928324800	16	128050
204	-925646400	15.1	128050
204	-923054400	9.1	128050
204	-920376000	6.4	128050
204	-917784000	-4.2	128050
204	-915105600	-4.1	128050
204	-912427200	0.6	128050
204	-910008000	5.7	128050
204	-907329600	8.1	128050
204	-904737600	11.4	128050
204	-902059200	17.2	128050
204	-899467200	18.7	128050
204	-896788800	18	128050
204	-894110400	13.2	128050
204	-891518400	9	128050
204	-888840000	0.7	128050
204	-886248000	0.9	128050
204	-883569600	-9.3	128050
204	-880891200	-3.7	128050
204	-878472000	1.7	128050
204	-875793600	8	128050
204	-873201600	14.7	128050
204	-870523200	16.6	128050
204	-867931200	18.4	128050
204	-865252800	19.7	128050
204	-862574400	18.8	128050
204	-859982400	12.7	128050
204	-857304000	3.5	128050
204	-854712000	1.8	128050
204	-852033600	-4.9	128050
204	-849355200	3.2	128050
204	-846936000	6.5	128050
204	-844257600	11.7	128050
204	-841665600	13.2	128050
204	-838987200	16	128050
204	-836395200	19.3	128050
204	-833716800	21.7	128050
204	-831038400	16.6	128050
204	-828446400	11	128050
204	-825768000	3.7	128050
204	-823176000	0.6	128050
204	-820497600	3.4	128050
204	-817819200	-0.7	128050
204	-815313600	1.5	128050
204	-812635200	10.5	128050
204	-810043200	13	128050
204	-807364800	16.5	128050
204	-804772800	18.9	128050
204	-802094400	20.9	128050
204	-799416000	15	128050
204	-796824000	10.5	128050
204	-794145600	4	128050
204	-791553600	-0.5	128050
204	-788875200	-5.1	128050
204	-786196800	2.4	128050
204	-783777600	7.1	128050
204	-781099200	11.1	128050
204	-778507200	17.1	128050
204	-775828800	20	128050
204	-773236800	21.7	128050
204	-770558400	20.4	128050
204	-767880000	15.6	128050
204	-765288000	10.1	128050
204	-762609600	4	128050
204	-760017600	1.6	128050
204	-757339200	-4	128050
204	-754660800	3.5	128050
204	-752241600	6.2	128050
204	-749563200	12.6	128050
204	-746971200	17.1	128050
204	-744292800	18.7	128050
204	-741700800	21	128050
204	-739022400	19.8	128050
204	-736344000	17.1	128050
204	-733752000	6.4	128050
204	-731073600	3.7	128050
204	-728481600	-2.3	128050
204	-725803200	-6	128050
204	-723124800	-4.9	128050
204	-720705600	4.4	128050
204	-718027200	12.2	128050
204	-715435200	15.6	128050
204	-712756800	18.8	128050
204	-710164800	20.8	128050
204	-707486400	19.2	128050
204	-704808000	18	128050
204	-702216000	7.8	128050
204	-699537600	6.4	128050
204	-696945600	1.8	128050
204	-694267200	3.3	128050
204	-691588800	0.5	128050
204	-689083200	6.3	128050
204	-686404800	11.9	128050
204	-683812800	16.7	128050
204	-681134400	16.9	128050
204	-678542400	17.3	128050
204	-675864000	18.6	128050
204	-673185600	16.3	128050
204	-670593600	9.8	128050
204	-667915200	3.8	128050
204	-665323200	-2.2	128050
204	-662644800	1.5	128050
204	-659966400	2.3	128050
204	-657547200	3.3	128050
204	-654868800	12.3	128050
204	-652276800	15	128050
204	-649598400	16.5	128050
204	-647006400	19.2	128050
204	-644328000	18.6	128050
204	-641649600	16.4	128050
204	-639057600	11.3	128050
204	-636379200	5.2	128050
204	-633787200	2.4	128050
204	-631108800	-4	128050
204	-628430400	1.9	128050
204	-626011200	6.9	128050
204	-623332800	10.2	128050
204	-620740800	16.4	128050
204	-618062400	19.6	128050
204	-615470400	21	128050
204	-612792000	19.8	128050
204	-610113600	15.6	128050
204	-607521600	7.6	128050
204	-604843200	5	128050
204	-602251200	0.4	128050
204	-599572800	0.7	128050
204	-596894400	3.9	128050
204	-594475200	4.5	128050
204	-591796800	10.4	128050
204	-589204800	13.8	128050
204	-586526400	17.8	128050
204	-583934400	19.4	128050
204	-581256000	20.3	128050
204	-578577600	16.7	128050
204	-575985600	8.3	128050
204	-573307200	7.4	128050
204	-570715200	1.3	128050
204	-568036800	0.1	128050
204	-565358400	0.6	128050
204	-562852800	2.3	128050
204	-560174400	13	128050
204	-557582400	13.5	128050
204	-554904000	17.5	128050
204	-552312000	20.8	128050
204	-549633600	21.2	128050
204	-546955200	13	128050
204	-544363200	8.9	128050
204	-541684800	2.7	128050
204	-539092800	-0.9	128050
204	-536414400	-1	128050
204	-533736000	0.8	128050
204	-531316800	4.7	128050
204	-528638400	10.8	128050
204	-526046400	13.9	128050
204	-523368000	17.9	128050
204	-520776000	20.5	128050
204	-518097600	17.8	128050
204	-515419200	15.9	128050
204	-512827200	11.3	128050
204	-510148800	2.7	128050
204	-507556800	0.5	128050
204	-504878400	-4.7	128050
204	-502200000	-5.7	128050
204	-499780800	6.1	128050
204	-497102400	7.2	128050
204	-494510400	13.7	128050
204	-491832000	18.6	128050
204	-489240000	17.4	128050
204	-486561600	18.8	128050
204	-483883200	16.3	128050
204	-481291200	9.5	128050
204	-478612800	3.1	128050
204	-476020800	3.5	128050
204	-473342400	-1.3	128050
204	-470664000	0.4	128050
204	-468244800	2.2	128050
204	-465566400	7.6	128050
204	-462974400	13	128050
204	-460296000	16.6	128050
204	-457704000	18.8	128050
204	-455025600	17.7	128050
204	-452347200	14.8	128050
204	-449755200	9.2	128050
204	-447076800	4.1	128050
204	-444484800	3.1	128050
204	-441806400	-0.2	128050
204	-439128000	-8.8	128050
204	-436622400	1.8	128050
204	-433944000	8.8	128050
204	-431352000	13.8	128050
204	-428673600	16.1	128050
204	-426081600	19.4	128050
204	-423403200	18.1	128050
204	-420724800	15.8	128050
204	-418132800	9.2	128050
204	-415454400	1.7	128050
204	-412862400	0.2	128050
204	-410184000	-2.3	128050
204	-407505600	3.7	128050
204	-405086400	6.8	128050
204	-402408000	9.5	128050
204	-399816000	11.5	128050
204	-397137600	19	128050
204	-394545600	19.7	128050
204	-391867200	17.3	128050
204	-389188800	14	128050
204	-386596800	9.8	128050
204	-383918400	6.2	128050
204	-381326400	1	128050
204	-378648000	-0.5	128050
204	-375969600	3.6	128050
204	-373550400	0.6	128050
204	-370872000	7.7	128050
204	-368280000	18.5	128050
204	-365601600	17	128050
204	-363009600	20	128050
204	-360331200	19.4	128050
204	-357652800	15.3	128050
204	-355060800	11	128050
204	-352382400	5.4	128050
204	-349790400	3.4	128050
204	-347112000	0.3	128050
204	-344433600	-0.1	128050
204	-342014400	7.5	128050
204	-339336000	10.5	128050
204	-336744000	14.3	128050
204	-334065600	16.8	128050
204	-331473600	20.1	128050
204	-328795200	18.5	128050
204	-326116800	13.6	128050
204	-323524800	9.6	128050
204	-320846400	4.9	128050
204	-318254400	3.6	128050
204	-315576000	-1.4	128050
204	-312897600	-0.2	128050
204	-310392000	5.2	128050
204	-307713600	9.9	128050
204	-305121600	13.6	128050
204	-302443200	18.3	128050
204	-299851200	17.8	128050
204	-297172800	19.1	128050
204	-294494400	13.9	128050
204	-291902400	11.2	128050
204	-289224000	6.1	128050
204	-286632000	2.4	128050
204	-283953600	-2.6	128050
204	-281275200	3.5	128050
204	-278856000	8.3	128050
204	-276177600	12.9	128050
204	-273585600	12.9	128050
204	-270907200	18.8	128050
204	-268315200	18.3	128050
204	-265636800	19.3	128050
204	-262958400	17.8	128050
204	-260366400	11.4	128050
204	-257688000	4.1	128050
204	-255096000	-1.5	128050
204	-252417600	-0.1	128050
204	-249739200	0.6	128050
204	-247320000	1.8	128050
204	-244641600	11.5	128050
204	-242049600	12.8	128050
204	-239371200	15.9	128050
204	-236779200	17.9	128050
204	-234100800	20.5	128050
204	-231422400	14.4	128050
204	-228830400	10.4	128050
204	-226152000	3.7	128050
204	-223560000	-3.3	128050
204	-220881600	-5.8	128050
204	-218203200	-4.5	128050
204	-215784000	2.8	128050
204	-213105600	10.9	128050
204	-210513600	14.2	128050
204	-207835200	18.5	128050
204	-205243200	20.7	128050
204	-202564800	19.7	128050
204	-199886400	16.4	128050
204	-197294400	9.9	128050
204	-194616000	8.3	128050
204	-192024000	-5.1	128050
204	-189345600	-4.9	128050
204	-186667200	0.6	128050
204	-184161600	1.2	128050
204	-181483200	11.1	128050
204	-178891200	14.6	128050
204	-176212800	19.8	128050
204	-173620800	20.2	128050
204	-170942400	18.7	128050
204	-168264000	15.8	128050
204	-165672000	8.9	128050
204	-162993600	6.3	128050
204	-160401600	-0.3	128050
204	-157723200	0.6	128050
204	-155044800	-2.3	128050
204	-152625600	4.5	128050
204	-149947200	8.6	128050
204	-147355200	12.9	128050
204	-144676800	17.5	128050
204	-142084800	18.5	128050
204	-139406400	17.3	128050
204	-136728000	15.7	128050
204	-134136000	8.1	128050
204	-131457600	2.2	128050
204	-128865600	2	128050
204	-126187200	-3.2	128050
204	-123508800	6.7	128050
204	-121089600	5.1	128050
204	-118411200	12.1	128050
204	-115819200	14.9	128050
204	-113140800	18.1	128050
204	-110548800	18.4	128050
204	-107870400	18.2	128050
204	-105192000	15.2	128050
204	-102600000	13.7	128050
204	-99921600	3.5	128050
204	-97329600	1.9	128050
204	-94651200	-0.8	128050
204	-91972800	2.4	128050
204	-89553600	7.1	128050
204	-86875200	9.3	128050
204	-84283200	15.2	128050
204	-81604800	17.4	128050
204	-79012800	21.3	128050
204	-76334400	18.9	128050
204	-73656000	16.2	128050
204	-71064000	11.9	128050
204	-68385600	4.3	128050
204	-65793600	0.9	128050
204	-63115200	-1.8	128050
204	-60436800	2.4	128050
204	-57931200	6.2	128050
204	-55252800	12	128050
204	-52660800	15.1	128050
204	-49982400	18.7	128050
204	-47390400	19.2	128050
204	-44712000	18.1	128050
204	-42033600	15.3	128050
204	-39441600	10.6	128050
204	-36763200	5.5	128050
204	-34171200	-2.4	128050
204	-31492800	-1.7	128050
204	-28814400	-0.8	128050
204	-26395200	2.6	128050
204	-23716800	9.9	128050
204	-21124800	17.6	128050
204	-18446400	16.7	128050
204	-15854400	20.1	128050
204	-13176000	17.8	128050
204	-10497600	15.7	128050
204	-7905600	11.3	128050
204	-5227200	6.1	128050
204	-2635200	-3.2	128050
204	43200	-1.7	128050
204	2721600	0.6	128050
204	5140800	3.2	128050
204	7819200	8.8	128050
204	10411200	12.8	128050
204	13089600	18.7	128050
204	15681600	19.3	128050
204	18360000	19.1	128050
204	21038400	14.9	128050
204	23630400	8.7	128050
204	26308800	7	128050
204	28900800	0.3	128050
204	31579200	-1.1	128050
204	34257600	2.7	128050
204	36676800	2.4	128050
204	39355200	11	128050
204	41947200	16.1	128050
204	44625600	16.6	128050
204	47217600	20	128050
204	49896000	21.5	128050
204	52574400	13.8	128050
204	55166400	9.4	128050
204	57844800	3.9	128050
204	60436800	3	128050
204	63115200	-2.6	128050
204	65793600	2.8	128050
204	68299200	7.2	128050
204	70977600	9.7	128050
204	73569600	13.9	128050
204	76248000	18.4	128050
204	78840000	19.6	128050
204	81518400	18.2	128050
204	84196800	12.7	128050
204	86788800	7.8	128050
204	89467200	4.9	128050
204	92059200	0.3	128050
204	94737600	-0.5	128050
204	97416000	2.3	128050
204	99835200	5.1	128050
204	102513600	8.2	128050
204	105105600	15.6	128050
204	107784000	17.6	128050
204	110376000	19.5	128050
204	113054400	20	128050
204	115732800	15.9	128050
204	118324800	8.3	128050
204	121003200	2.7	128050
204	123595200	1	128050
204	126273600	1.5	128050
204	128952000	4.4	128050
204	131371200	7.9	128050
204	134049600	9.5	128050
204	136641600	13.7	128050
204	139320000	16	128050
204	141912000	19.1	128050
204	144590400	21.1	128050
204	147268800	15.1	128050
204	149860800	6.9	128050
204	152539200	4.9	128050
204	155131200	4.4	128050
204	157809600	3.1	128050
204	160488000	0.9	128050
204	162907200	6	128050
204	165585600	9.4	128050
204	168177600	15.6	128050
204	170856000	16.6	128050
204	173448000	19.8	128050
204	176126400	19	128050
204	178804800	17.8	128050
204	181396800	9.8	128050
204	184075200	2.9	128050
204	186667200	0.9	128050
204	189345600	1.5	128050
204	192024000	-0.2	128050
204	194529600	2.5	128050
204	197208000	10.2	128050
204	199800000	14.6	128050
204	202478400	18.5	128050
204	205070400	20.9	128050
204	207748800	16.8	128050
204	210427200	13.8	128050
204	213019200	10.4	128050
204	215697600	5.9	128050
204	218289600	0.2	128050
204	220968000	0	128050
204	223646400	3.6	128050
204	226065600	8.7	128050
204	228744000	8.4	128050
204	231336000	14.6	128050
204	234014400	18.3	128050
204	236606400	19.2	128050
204	239284800	18.5	128050
204	241963200	13.9	128050
204	244555200	11	128050
204	247233600	5.6	128050
204	249825600	-0.6	128050
204	252504000	0.2	128050
204	255182400	-0.8	128050
204	257601600	6.6	128050
204	260280000	8.5	128050
204	262872000	12.7	128050
204	265550400	16.9	128050
204	268142400	18	128050
204	270820800	18.3	128050
204	273499200	15.5	128050
204	276091200	10.5	128050
204	278769600	1.4	128050
204	281361600	0.5	128050
204	284040000	-3.4	128050
204	286718400	0.7	128050
204	289137600	6.8	128050
204	291816000	8.5	128050
204	294408000	15.3	128050
204	297086400	19.6	128050
204	299678400	17.2	128050
204	302356800	18.1	128050
204	305035200	15.6	128050
204	307627200	8.7	128050
204	310305600	5.1	128050
204	312897600	4.1	128050
204	315576000	-3.3	128050
204	318254400	2.3	128050
204	320760000	4.3	128050
204	323438400	7.1	128050
204	326030400	11.9	128050
204	328708800	17.1	128050
204	331300800	18.3	128050
204	333979200	19.4	128050
204	336657600	15.1	128050
204	339249600	9.9	128050
204	341928000	2.3	128050
204	344520000	0.4	128050
204	347198400	-1.2	128050
204	349876800	1.4	128050
204	352296000	8.7	128050
204	354974400	9.8	128050
204	357566400	14.8	128050
204	360244800	18.6	128050
204	362836800	19.7	128050
204	365515200	19.6	128050
204	368193600	15.9	128050
204	370785600	10.7	128050
204	373464000	5	128050
204	376056000	-0.1	128050
204	378734400	-3.4	128050
204	381412800	-1.6	128050
204	383832000	5.8	128050
204	386510400	8.3	128050
204	389102400	15	128050
204	391780800	18.8	128050
204	394372800	20.3	128050
204	397051200	19.6	128050
204	399729600	18.1	128050
204	402321600	10.7	128050
204	4.05e+08	5.1	128050
204	407592000	2.5	128050
204	410270400	4.5	128050
204	412948800	-1.1	128050
204	415368000	6.8	128050
204	418046400	11.8	128050
204	420638400	15.7	128050
204	423316800	18	128050
204	425908800	23.2	128050
204	428587200	20.7	128050
204	431265600	16.3	128050
204	433857600	10.8	128050
204	436536000	2.6	128050
204	439128000	0.8	128050
204	441806400	0.8	128050
204	444484800	-0.1	128050
204	446990400	3.9	128050
204	449668800	8.8	128050
204	452260800	13.6	128050
204	454939200	17.1	128050
204	457531200	18.3	128050
204	460209600	18.9	128050
204	462888000	14.9	128050
204	465480000	11.3	128050
204	468158400	4.9	128050
204	470750400	0.3	128050
204	473428800	-5.5	128050
204	476107200	-2.8	128050
204	478526400	3.2	128050
204	481204800	10.4	128050
204	483796800	15.6	128050
204	486475200	16	128050
204	489067200	20.4	128050
204	491745600	19.4	128050
204	494424000	16.5	128050
204	497016000	9.7	128050
204	499694400	2.1	128050
204	502286400	3	128050
204	504964800	0.2	128050
204	507643200	-5.3	128050
204	510062400	3.1	128050
204	512740800	11.7	128050
204	515332800	17.1	128050
204	518011200	17.7	128050
204	520603200	19.4	128050
204	523281600	20.1	128050
204	525960000	15.3	128050
204	528552000	10.8	128050
204	531230400	4.8	128050
204	533822400	-0.1	128050
204	536500800	-4.6	128050
204	539179200	-0.1	128050
204	541598400	-0.2	128050
204	544276800	10.6	128050
204	546868800	12.9	128050
204	549547200	17.8	128050
204	552139200	20.9	128050
204	554817600	17.6	128050
204	557496000	18.1	128050
204	560088000	10.8	128050
204	562766400	4.9	128050
204	565358400	2.1	128050
204	568036800	2.1	128050
204	570715200	3	128050
204	573220800	3.9	128050
204	575899200	9.9	128050
204	578491200	15.6	128050
204	581169600	17.5	128050
204	583761600	21.5	128050
204	586440000	20.2	128050
204	589118400	15.4	128050
204	591710400	10.1	128050
204	594388800	1.3	128050
204	596980800	2.6	128050
204	599659200	0.3	128050
204	602337600	4.4	128050
204	604756800	8.7	128050
204	607435200	10.8	128050
204	610027200	14.4	128050
204	612705600	16.2	128050
204	615297600	20.6	128050
204	617976000	19.2	128050
204	620654400	15.7	128050
204	623246400	11.3	128050
204	625924800	3.5	128050
204	628516800	2.1	128050
204	631195200	-0.2	128050
204	633873600	5.7	128050
204	636292800	9.3	128050
204	638971200	9.4	128050
204	641563200	15.9	128050
204	644241600	17.7	128050
204	646833600	19.6	128050
204	649512000	21.2	128050
204	652190400	14	128050
204	654782400	10.2	128050
204	657460800	5.7	128050
204	660052800	-0.3	128050
204	662731200	0.3	128050
204	665409600	-2.5	128050
204	667828800	6.9	128050
204	670507200	8.8	128050
204	673099200	11.4	128050
204	675777600	17.2	128050
204	678369600	20.8	128050
204	681048000	20	128050
204	683726400	16.5	128050
204	686318400	8.7	128050
204	688996800	4.7	128050
204	691588800	-1	128050
204	694267200	1.6	128050
204	696945600	3.7	128050
204	699451200	5.9	128050
204	702129600	10.3	128050
204	704721600	15.5	128050
204	707400000	18.6	128050
204	709992000	21.5	128050
204	712670400	24.9	128050
204	715348800	16.3	128050
204	717940800	8.8	128050
204	720619200	5.1	128050
204	723211200	0.3	128050
204	725889600	1.3	128050
204	728568000	-0.9	128050
204	730987200	4.4	128050
204	733665600	10.6	128050
204	736257600	17.4	128050
204	738936000	18.3	128050
204	741528000	19.3	128050
204	744206400	20.1	128050
204	746884800	15.3	128050
204	749476800	10.6	128050
204	752155200	1	128050
204	754747200	2	128050
204	757425600	3.9	128050
204	760104000	0.9	128050
204	762523200	8.7	128050
204	765201600	10.2	128050
204	767793600	14.9	128050
204	770472000	18.5	128050
204	773064000	23	128050
204	775742400	21.8	128050
204	778420800	17.6	128050
204	781012800	8.1	128050
204	783691200	6.8	128050
204	786283200	1.6	128050
204	788961600	-0.2	128050
204	791640000	5.3	128050
204	794059200	4.5	128050
204	796737600	10.7	128050
204	799329600	14.6	128050
204	802008000	16.9	128050
204	804600000	22.9	128050
204	807278400	19.4	128050
204	809956800	14.2	128050
204	812548800	11.5	128050
204	815227200	2.3	128050
204	817819200	-0.8	128050
204	820497600	-2.5	128050
204	823176000	-2.8	128050
204	825681600	2.2	128050
204	828360000	10.6	128050
204	830952000	15.6	128050
204	833630400	19	128050
204	836222400	18.4	128050
204	838900800	19	128050
204	841579200	11.4	128050
204	844171200	10.7	128050
204	846849600	7.3	128050
204	849441600	-2.2	128050
204	852120000	-2.3	128050
204	854798400	3.7	128050
204	857217600	6.4	128050
204	859896000	7.4	128050
204	862488000	16.1	128050
204	865166400	18.7	128050
204	867758400	18.5	128050
204	870436800	20.9	128050
204	873115200	15.9	128050
204	875707200	8.1	128050
204	878385600	5.4	128050
204	880977600	2.2	128050
204	883656000	2.6	128050
204	886334400	6.9	128050
204	888753600	5.4	128050
204	891432000	12	128050
204	894024000	15.8	128050
204	896702400	19.6	128050
204	899294400	20.4	128050
204	901972800	20.8	128050
204	904651200	14.1	128050
204	907243200	10.4	128050
204	909921600	2.5	128050
204	912513600	-1.3	128050
204	915192000	-0.5	128050
204	917870400	1.1	128050
204	920289600	7.2	128050
204	922968000	11.7	128050
204	925560000	15.6	128050
204	928238400	18.2	128050
204	930830400	20.8	128050
204	933508800	19	128050
204	936187200	17.5	128050
204	938779200	10.9	128050
204	941457600	3.1	128050
204	944049600	0.7	128050
204	946728000	-1.4	128050
204	949406400	4.6	128050
204	951912000	6.5	128050
204	954590400	13.6	128050
204	957182400	17.5	128050
204	959860800	20.6	128050
204	962452800	18.9	128050
204	965131200	21.8	128050
204	967809600	15.4	128050
204	970401600	12.8	128050
204	973080000	7.8	128050
204	975672000	1.8	128050
204	978350400	0.3	128050
204	981028800	3.5	128050
204	983448000	7.3	128050
204	986126400	9.9	128050
204	988718400	17.6	128050
204	991396800	17.8	128050
204	993988800	21.2	128050
204	996667200	22.2	128050
204	999345600	13.9	128050
204	1001937600	13.5	128050
204	1004616000	3.9	128050
204	1007208000	-2.3	128050
204	1009886400	0.9	128050
204	1012564800	5.5	128050
204	1014984000	7.2	128050
204	1017662400	9.9	128050
204	1020254400	17.8	128050
204	1022932800	21	128050
204	1025524800	22.2	128050
204	1028203200	20.6	128050
204	1030881600	14.6	128050
204	1033473600	9.8	128050
204	1036152000	7.6	128050
204	1038744000	-0.7	128050
204	1041422400	-0.6	128050
204	1044100800	-2	128050
204	1046520000	6.6	128050
204	1049198400	10	128050
204	1051790400	18.1	128050
204	1054468800	22.2	128050
204	1057060800	22.1	128050
204	1059739200	23.2	128050
204	1062417600	15.6	128050
204	1065009600	8.1	128050
204	1067688000	6.4	128050
204	1070280000	1	128050
204	1072958400	-1.5	128050
204	1075636800	2.8	128050
204	1078142400	4.5	128050
204	1080820800	11.4	128050
204	1083412800	13.7	128050
204	1086091200	17.9	128050
204	1088683200	19.9	128050
204	1091361600	20.2	128050
204	1094040000	15.1	128050
204	1096632000	11.3	128050
204	1099310400	5.5	128050
204	1101902400	0.8	128050
204	1104580800	0.8	128050
204	1107259200	-2	128050
204	1109678400	3.7	128050
204	1112356800	11.3	128050
204	1114948800	15.5	128050
204	1117627200	18.8	128050
204	1120219200	20.4	128050
204	1122897600	18.7	128050
204	1125576000	16.7	128050
204	1128168000	11.2	128050
204	1130846400	3.9	128050
205	-3029400000	-2.1	128120
205	-3026721600	-0.3	128120
205	-3024302400	3	128120
205	-3021624000	11.1	128120
205	-3019032000	10.1	128120
205	-3016353600	17.3	128120
205	-3013761600	21.5	128120
205	-3011083200	17.2	128120
205	-3008404800	16.9	128120
205	-3005812800	9.9	128120
205	-3003134400	0.4	128120
205	-3000542400	-0.5	128120
205	-2997864000	-1.4	128120
205	-2995185600	-4.3	128120
205	-2992766400	-0.3	128120
205	-2990088000	7.9	128120
205	-2987496000	15.1	128120
205	-2984817600	20.9	128120
205	-2982225600	19.5	128120
205	-2979547200	19.2	128120
205	-2976868800	13.4	128120
205	-2974276800	7.9	128120
205	-2971598400	2.9	128120
205	-2969006400	-4	128120
205	-2966328000	-6.4	128120
205	-2963649600	-1.2	128120
205	-2961144000	5.3	128120
205	-2958465600	11.6	128120
205	-2955873600	9.8	128120
205	-2953195200	17.7	128120
205	-2950603200	18.8	128120
205	-2947924800	18.9	128120
205	-2945246400	13.4	128120
205	-2942654400	10.2	128120
205	-2939976000	-0.2	128120
205	-2937384000	2	128120
205	-2934705600	1.7	128120
205	-2932027200	2.2	128120
205	-2929608000	3	128120
205	-2926929600	8.3	128120
205	-2924337600	11.7	128120
205	-2921659200	18.6	128120
205	-2919067200	19.4	128120
205	-2916388800	21.1	128120
205	-2913710400	11.5	128120
205	-2911118400	7.1	128120
205	-2908440000	4.5	128120
205	-2905848000	-1.4	128120
205	-2903169600	-3.3	128120
205	-2900491200	1.8	128120
205	-2898072000	3.7	128120
205	-2895393600	9.5	128120
205	-2892801600	14.1	128120
205	-2890123200	16.9	128120
205	-2887531200	18	128120
205	-2884852800	18.8	128120
205	-2882174400	15.8	128120
205	-2879582400	9.6	128120
205	-2876904000	4.7	128120
205	-2874312000	-2.8	128120
205	-2871633600	-2.5	128120
205	-2868955200	2	128120
205	-2866536000	3.6	128120
205	-2863857600	8.8	128120
205	-2861265600	11.7	128120
205	-2858587200	18.5	128120
205	-2855995200	16.6	128120
205	-2853316800	18.9	128120
205	-2850638400	15.3	128120
205	-2848046400	8.1	128120
205	-2845368000	0.5	128120
205	-2842776000	-9.1	128120
205	-2840097600	-3.6	128120
205	-2837419200	-2.8	128120
205	-2834913600	2.7	128120
205	-2832235200	11.1	128120
205	-2829643200	12.2	128120
205	-2826964800	15.8	128120
205	-2824372800	21.1	128120
205	-2821694400	17.2	128120
205	-2819016000	14.9	128120
205	-2816424000	10.1	128120
205	-2813745600	4.5	128120
205	-2811153600	2.5	128120
205	-2808475200	-5.8	128120
205	-2805796800	-1.1	128120
205	-2803377600	4.5	128120
205	-2800699200	6.8	128120
205	-2798107200	12.7	128120
205	-2795428800	16.1	128120
205	-2792836800	20.1	128120
205	-2790158400	19.1	128120
205	-2787480000	13.5	128120
205	-2784888000	6.3	128120
205	-2782209600	3	128120
205	-2779617600	-0.2	128120
205	-2776939200	-0.3	128120
205	-2774260800	1.4	128120
205	-2771841600	8.5	128120
205	-2769163200	9.8	128120
205	-2766571200	14.4	128120
205	-2763892800	15.7	128120
205	-2761300800	19.5	128120
205	-2758622400	16.4	128120
205	-2755944000	14.2	128120
205	-2753352000	10.7	128120
205	-2750673600	4.8	128120
205	-2748081600	1.1	128120
205	-2745403200	-3.8	128120
205	-2742724800	0.4	128120
205	-2740305600	-0.5	128120
205	-2737627200	6.9	128120
205	-2735035200	13.5	128120
205	-2732356800	18	128120
205	-2729764800	19.7	128120
205	-2727086400	18.7	128120
205	-2724408000	15.2	128120
205	-2721816000	9.2	128120
205	-2719137600	2.8	128120
205	-2716545600	-1.4	128120
205	-2713867200	-0.6	128120
205	-2711188800	0.6	128120
205	-2708683200	4.7	128120
205	-2706004800	7.5	128120
205	-2703412800	14.4	128120
205	-2700734400	14.8	128120
205	-2698142400	19.2	128120
205	-2695464000	16.9	128120
205	-2692785600	14.5	128120
205	-2690193600	7.7	128120
205	-2687515200	1.9	128120
205	-2684923200	-0.5	128120
205	-2682244800	-3.5	128120
205	-2679566400	1.3	128120
205	-2677147200	4.7	128120
205	-2674468800	11.1	128120
205	-2671876800	11.9	128120
205	-2669198400	17.8	128120
205	-2666606400	21	128120
205	-2663928000	16.6	128120
205	-2661249600	14.7	128120
205	-2658657600	8.8	128120
205	-2655979200	4.9	128120
205	-2653387200	-2	128120
205	-2650708800	-2.3	128120
205	-2648030400	-2.4	128120
205	-2645611200	0.8	128120
205	-2642932800	9.9	128120
205	-2640340800	13.7	128120
205	-2637662400	16.9	128120
205	-2635070400	18.8	128120
205	-2632392000	18.5	128120
205	-2629713600	16.4	128120
205	-2627121600	10.3	128120
205	-2624443200	4.9	128120
205	-2621851200	1.2	128120
205	-2619172800	-4.9	128120
205	-2616494400	-3.1	128120
205	-2614075200	2.1	128120
205	-2611396800	9.1	128120
205	-2608804800	12	128120
205	-2606126400	15.9	128120
205	-2603534400	21.5	128120
205	-2600856000	18.1	128120
205	-2598177600	15.5	128120
205	-2595585600	6.5	128120
205	-2592907200	3.8	128120
205	-2590315200	-1.6	128120
205	-2587636800	-4	128120
205	-2584958400	-3.6	128120
205	-2582452800	2.8	128120
205	-2579774400	8	128120
205	-2577182400	14.3	128120
205	-2574504000	17.3	128120
205	-2571912000	17.2	128120
205	-2569233600	17.8	128120
205	-2566555200	14.5	128120
205	-2563963200	7.4	128120
205	-2561284800	0.5	128120
205	-2558692800	-0.5	128120
205	-2556014400	-3.9	128120
205	-2553336000	-2.3	128120
205	-2550916800	1.5	128120
205	-2548238400	9.1	128120
205	-2545646400	16.6	128120
205	-2542968000	18.9	128120
205	-2540376000	18.4	128120
205	-2537697600	17.5	128120
205	-2535019200	11.6	128120
205	-2532427200	10.9	128120
205	-2529748800	2.2	128120
205	-2527156800	-3.9	128120
205	-2524478400	-0.2	128120
205	-2521800000	-2.7	128120
205	-2519380800	5.1	128120
205	-2516702400	9	128120
205	-2514110400	15.2	128120
205	-2511432000	16.1	128120
205	-2508840000	19.1	128120
205	-2506161600	20.5	128120
205	-2503483200	13.5	128120
205	-2500891200	7.4	128120
205	-2498212800	3.1	128120
205	-2495620800	-5.6	128120
205	-2492942400	-7.5	128120
205	-2490264000	-3.5	128120
205	-2487844800	4	128120
205	-2485166400	6.6	128120
205	-2482574400	15.5	128120
205	-2479896000	16.4	128120
205	-2477304000	18.3	128120
205	-2474625600	17.2	128120
205	-2471947200	14.6	128120
205	-2469355200	11	128120
205	-2466676800	3.2	128120
205	-2464084800	0.6	128120
205	-2461406400	-2.8	128120
205	-2458728000	0.3	128120
205	-2456222400	1.9	128120
205	-2453544000	9.5	128120
205	-2450952000	13.9	128120
205	-2448273600	17.6	128120
205	-2445681600	18	128120
205	-2443003200	20.2	128120
205	-2440324800	16.2	128120
205	-2437732800	8.7	128120
205	-2435054400	1.6	128120
205	-2432462400	-3.3	128120
205	-2429784000	-7.8	128120
205	-2427105600	1.4	128120
205	-2424686400	4.6	128120
205	-2422008000	9.1	128120
205	-2419416000	13.6	128120
205	-2416737600	16.8	128120
205	-2414145600	18.4	128120
205	-2411467200	18.4	128120
205	-2408788800	14.3	128120
205	-2406196800	10.6	128120
205	-2403518400	1.6	128120
205	-2400926400	0.1	128120
205	-2398248000	-4.4	128120
205	-2395569600	0.9	128120
205	-2393150400	5.6	128120
205	-2390472000	12	128120
205	-2387880000	14.1	128120
205	-2385201600	16.3	128120
205	-2382609600	20	128120
205	-2379931200	17.9	128120
205	-2377252800	12.6	128120
205	-2374660800	10	128120
205	-2371982400	4.1	128120
205	-2369390400	-1	128120
205	-2366712000	-2.6	128120
205	-2364033600	-5.7	128120
205	-2361614400	2	128120
205	-2358936000	9	128120
205	-2356344000	13.3	128120
205	-2353665600	17.2	128120
205	-2351073600	19.5	128120
205	-2348395200	17.5	128120
205	-2345716800	15.2	128120
205	-2343124800	8.8	128120
205	-2340446400	4.8	128120
205	-2337854400	-0.6	128120
205	-2335176000	-5.6	128120
205	-2332497600	-1.8	128120
205	-2329992000	5.4	128120
205	-2327313600	7.3	128120
205	-2324721600	12.6	128120
205	-2322043200	17.1	128120
205	-2319451200	19.4	128120
205	-2316772800	16.1	128120
205	-2314094400	14.4	128120
205	-2311502400	11.5	128120
205	-2308824000	2.6	128120
205	-2306232000	-0.2	128120
205	-2303553600	-1.9	128120
205	-2300875200	0.6	128120
205	-2298456000	6.9	128120
205	-2295777600	9.4	128120
205	-2293185600	12.3	128120
205	-2290507200	18.2	128120
205	-2287915200	19	128120
205	-2285236800	18.4	128120
205	-2282558400	14.5	128120
205	-2279966400	8	128120
205	-2277288000	1.3	128120
205	-2274696000	-1	128120
205	-2272017600	0.2	128120
205	-2269339200	1.5	128120
205	-2266920000	4.9	128120
205	-2264241600	11	128120
205	-2261649600	14.4	128120
205	-2258971200	16.1	128120
205	-2256379200	17	128120
205	-2253700800	18.8	128120
205	-2251022400	14.3	128120
205	-2248430400	10	128120
205	-2245752000	6.3	128120
205	-2243160000	0.7	128120
205	-2240481600	1.5	128120
205	-2237803200	0.6	128120
205	-2235384000	3.3	128120
205	-2232705600	9.3	128120
205	-2230113600	13.5	128120
205	-2227435200	16	128120
205	-2224843200	19	128120
205	-2222164800	18.3	128120
205	-2219486400	13.7	128120
205	-2216894400	7.9	128120
205	-2214216000	5.2	128120
205	-2211624000	-4.2	128120
205	-2208945600	-0.1	128120
205	-2206267200	3.5	128120
205	-2203848000	1.4	128120
205	-2201169600	8.3	128120
205	-2198577600	13.1	128120
205	-2195899200	17.5	128120
205	-2193307200	20.2	128120
205	-2190628800	17.2	128120
205	-2187950400	15.1	128120
205	-2185358400	9.5	128120
205	-2182680000	6.3	128120
205	-2180088000	0.1	128120
205	-2177409600	-5.2	128120
205	-2174731200	-3.6	128120
205	-2172312000	4.3	128120
205	-2169633600	9.5	128120
205	-2167041600	14.3	128120
205	-2164363200	17.9	128120
205	-2161771200	20.1	128120
205	-2159092800	18.5	128120
205	-2156414400	13.8	128120
205	-2153822400	10.7	128120
205	-2151144000	2.3	128120
205	-2148552000	2.1	128120
205	-2145873600	2.1	128120
205	-2143195200	0.6	128120
205	-2140776000	4.3	128120
205	-2138097600	9	128120
205	-2135505600	10.6	128120
205	-2132827200	15.8	128120
205	-2130235200	17.2	128120
205	-2127556800	17.8	128120
205	-2124878400	13.8	128120
205	-2122286400	9	128120
205	-2119608000	0.7	128120
205	-2117016000	-3	128120
205	-2114337600	-3.4	128120
205	-2111659200	3.1	128120
205	-2109240000	6.9	128120
205	-2106561600	6.7	128120
205	-2103969600	13.6	128120
205	-2101291200	16.1	128120
205	-2098699200	18.3	128120
205	-2096020800	17.8	128120
205	-2093342400	13.9	128120
205	-2090750400	9.6	128120
205	-2088072000	5	128120
205	-2085480000	0.7	128120
205	-2082801600	-2	128120
205	-2080123200	2.6	128120
205	-2077617600	5	128120
205	-2074939200	10	128120
205	-2072347200	13.8	128120
205	-2069668800	17.4	128120
205	-2067076800	20.6	128120
205	-2064398400	18.6	128120
205	-2061720000	13.1	128120
205	-2059128000	9.6	128120
205	-2056449600	2.8	128120
205	-2053857600	1.1	128120
205	-2051179200	-4.4	128120
205	-2048500800	0.9	128120
205	-2046081600	5.8	128120
205	-2043403200	8.1	128120
205	-2040811200	13.4	128120
205	-2038132800	17.9	128120
205	-2035540800	20.7	128120
205	-2032862400	19.4	128120
205	-2030184000	15.7	128120
205	-2027592000	4.8	128120
205	-2024913600	4.7	128120
205	-2022321600	0.8	128120
205	-2019643200	-1.1	128120
205	-2016964800	0.7	128120
205	-2014545600	4.4	128120
205	-2011867200	9.4	128120
205	-2009275200	14.3	128120
205	-2006596800	15.9	128120
205	-2004004800	18.7	128120
205	-2001326400	17.6	128120
205	-1998648000	13.2	128120
205	-1996056000	9.3	128120
205	-1993377600	6.1	128120
205	-1990785600	-2	128120
205	-1988107200	-2	128120
205	-1985428800	-2.3	128120
205	-1983009600	2.3	128120
205	-1980331200	6.6	128120
205	-1977739200	15.5	128120
205	-1975060800	17.8	128120
205	-1972468800	17.5	128120
205	-1969790400	18.3	128120
205	-1967112000	14.2	128120
205	-1964520000	13	128120
205	-1961841600	3.2	128120
205	-1959249600	1.2	128120
205	-1956571200	-3.1	128120
205	-1953892800	0.8	128120
205	-1951387200	3	128120
205	-1948708800	7.8	128120
205	-1946116800	16.4	128120
205	-1943438400	18.6	128120
205	-1940846400	18.6	128120
205	-1938168000	16.8	128120
205	-1935489600	12.8	128120
205	-1932897600	7.9	128120
205	-1930219200	-0.9	128120
205	-1927627200	-1.7	128120
205	-1924948800	-2.9	128120
205	-1922270400	-3	128120
205	-1919851200	3.2	128120
205	-1917172800	10.2	128120
205	-1914580800	12.5	128120
205	-1911902400	16.5	128120
205	-1909310400	17.6	128120
205	-1906632000	18.6	128120
205	-1903953600	15	128120
205	-1901361600	10.7	128120
205	-1898683200	2.4	128120
205	-1896091200	1.4	128120
205	-1893412800	-0.3	128120
205	-1890734400	3.1	128120
205	-1888315200	5.1	128120
205	-1885636800	8.8	128120
205	-1883044800	13.4	128120
205	-1880366400	17.6	128120
205	-1877774400	17.6	128120
205	-1875096000	17.9	128120
205	-1872417600	13.1	128120
205	-1869825600	9.6	128120
205	-1867147200	3	128120
205	-1864555200	3.4	128120
205	-1861876800	-1.5	128120
205	-1859198400	-0.7	128120
205	-1856779200	4.6	128120
205	-1854100800	8.6	128120
205	-1851508800	13.5	128120
205	-1848830400	16.2	128120
205	-1846238400	20.5	128120
205	-1843560000	20.6	128120
205	-1840881600	15.6	128120
205	-1838289600	9.2	128120
205	-1835611200	6.5	128120
205	-1833019200	1.6	128120
205	-1830340800	-3.9	128120
205	-1827662400	2.1	128120
205	-1825156800	7	128120
205	-1822478400	7.7	128120
205	-1819886400	13.4	128120
205	-1817208000	17.7	128120
205	-1814616000	18.8	128120
205	-1811937600	16.5	128120
205	-1809259200	10	128120
205	-1806667200	7.2	128120
205	-1803988800	1.1	128120
205	-1801396800	0.5	128120
205	-1798718400	-3.2	128120
205	-1796040000	-1	128120
205	-1793620800	6.2	128120
205	-1790942400	9.3	128120
205	-1788350400	13.1	128120
205	-1785672000	16.6	128120
205	-1783080000	16	128120
205	-1780401600	16.7	128120
205	-1777723200	14.2	128120
205	-1775131200	9.7	128120
205	-1772452800	6.1	128120
205	-1769860800	0.4	128120
205	-1767182400	-6.7	128120
205	-1764504000	-3.6	128120
205	-1762084800	5.5	128120
205	-1759406400	10.6	128120
205	-1756814400	13.1	128120
205	-1754136000	16.1	128120
205	-1751544000	17.8	128120
205	-1748865600	17.8	128120
205	-1746187200	13.2	128120
205	-1743595200	8.3	128120
205	-1740916800	2.4	128120
205	-1738324800	1.7	128120
205	-1735646400	0	128120
205	-1732968000	0.7	128120
205	-1730548800	2.8	128120
205	-1727870400	9	128120
205	-1725278400	14.5	128120
205	-1722600000	18.3	128120
205	-1720008000	17.7	128120
205	-1717329600	16.3	128120
205	-1714651200	12.3	128120
205	-1712059200	7.4	128120
205	-1709380800	1.9	128120
205	-1706788800	3.2	128120
205	-1704110400	2.2	128120
205	-1701432000	0.3	128120
205	-1698926400	7.4	128120
205	-1696248000	9.1	128120
205	-1693656000	14.5	128120
205	-1690977600	15.4	128120
205	-1688385600	18.6	128120
205	-1685707200	18	128120
205	-1683028800	12.9	128120
205	-1680436800	8.8	128120
205	-1677758400	5.6	128120
205	-1675166400	3.1	128120
205	-1672488000	-1.8	128120
205	-1669809600	-4.9	128120
205	-1667390400	1.9	128120
205	-1664712000	6.6	128120
205	-1662120000	14.7	128120
205	-1659441600	18.9	128120
205	-1656849600	19.6	128120
205	-1654171200	19.3	128120
205	-1651492800	15.7	128120
205	-1648900800	9.3	128120
205	-1646222400	3.8	128120
205	-1643630400	-2.5	128120
205	-1640952000	0	128120
205	-1638273600	0.4	128120
205	-1635854400	4.6	128120
205	-1633176000	11.3	128120
205	-1630584000	14	128120
205	-1627905600	14.5	128120
205	-1625313600	17.9	128120
205	-1622635200	17.1	128120
205	-1619956800	15.1	128120
205	-1617364800	8.9	128120
205	-1614686400	2.7	128120
205	-1612094400	1.9	128120
205	-1609416000	1.3	128120
205	-1606737600	-1.4	128120
205	-1604318400	5.1	128120
205	-1601640000	7.4	128120
205	-1599048000	10.7	128120
205	-1596369600	16.1	128120
205	-1593777600	16.7	128120
205	-1591099200	17.7	128120
205	-1588420800	15.5	128120
205	-1585828800	7.8	128120
205	-1583150400	2.7	128120
205	-1580558400	0.4	128120
205	-1577880000	1.9	128120
205	-1575201600	2.7	128120
205	-1572696000	7.2	128120
205	-1570017600	12.1	128120
205	-1567425600	15.8	128120
205	-1564747200	16	128120
205	-1562155200	19.4	128120
205	-1559476800	16.8	128120
205	-1556798400	14.6	128120
205	-1554206400	6.2	128120
205	-1551528000	-0.4	128120
205	-1548936000	-0.4	128120
205	-1546257600	2.9	128120
205	-1543579200	0	128120
205	-1541160000	5	128120
205	-1538481600	7.6	128120
205	-1535889600	15.2	128120
205	-1533211200	15.8	128120
205	-1530619200	19.9	128120
205	-1527940800	19	128120
205	-1525262400	13.7	128120
205	-1522670400	10.4	128120
205	-1519992000	0.6	128120
205	-1517400000	-1.9	128120
205	-1514721600	-2.6	128120
205	-1512043200	-2.3	128120
205	-1509624000	5.6	128120
205	-1506945600	7.9	128120
205	-1504353600	14.4	128120
205	-1501675200	17.9	128120
205	-1499083200	19.3	128120
205	-1496404800	18.4	128120
205	-1493726400	12.4	128120
205	-1491134400	6.8	128120
205	-1488456000	1.8	128120
205	-1485864000	1	128120
205	-1483185600	0.8	128120
205	-1480507200	0	128120
205	-1478088000	4.9	128120
205	-1475409600	8.2	128120
205	-1472817600	15.4	128120
205	-1470139200	14	128120
205	-1467547200	19.2	128120
205	-1464868800	18.1	128120
205	-1462190400	14.4	128120
205	-1459598400	11.6	128120
205	-1456920000	4.8	128120
205	-1454328000	-0.1	128120
205	-1451649600	-3.1	128120
205	-1448971200	-2.6	128120
205	-1446465600	3.5	128120
205	-1443787200	8.7	128120
205	-1441195200	15.9	128120
205	-1438516800	16.8	128120
205	-1435924800	18.7	128120
205	-1433246400	16.2	128120
205	-1430568000	15.1	128120
205	-1427976000	9.5	128120
205	-1425297600	2.1	128120
205	-1422705600	-0.7	128120
205	-1420027200	-0.4	128120
205	-1417348800	4.1	128120
205	-1414929600	3.6	128120
205	-1412251200	9.3	128120
205	-1409659200	15.1	128120
205	-1406980800	15.7	128120
205	-1404388800	18.8	128120
205	-1401710400	17.9	128120
205	-1399032000	12.9	128120
205	-1396440000	8.9	128120
205	-1393761600	3.6	128120
205	-1391169600	-2.8	128120
205	-1388491200	-2.3	128120
205	-1385812800	4.6	128120
205	-1383393600	4.7	128120
205	-1380715200	10.2	128120
205	-1378123200	13.5	128120
205	-1375444800	15.8	128120
205	-1372852800	17.8	128120
205	-1370174400	17	128120
205	-1367496000	15.2	128120
205	-1364904000	9.7	128120
205	-1362225600	9.2	128120
205	-1359633600	0.3	128120
205	-1356955200	1.5	128120
205	-1354276800	0.4	128120
205	-1351857600	6.6	128120
205	-1349179200	9.3	128120
205	-1346587200	13.3	128120
205	-1343908800	18.1	128120
205	-1341316800	19.4	128120
205	-1338638400	18.7	128120
205	-1335960000	15.5	128120
205	-1333368000	9	128120
205	-1330689600	4.2	128120
205	-1328097600	-2.9	128120
205	-1325419200	-0.9	128120
205	-1322740800	1.2	128120
205	-1320235200	3.1	128120
205	-1317556800	10.4	128120
205	-1314964800	11.7	128120
205	-1312286400	16.5	128120
205	-1309694400	21.2	128120
205	-1307016000	19.6	128120
205	-1304337600	14.4	128120
205	-1301745600	9.5	128120
205	-1299067200	6.4	128120
205	-1296475200	-0.6	128120
205	-1293796800	-6.2	128120
205	-1291118400	-10.3	128120
205	-1288699200	2.3	128120
205	-1286020800	6.3	128120
205	-1283428800	15.1	128120
205	-1280750400	16.5	128120
205	-1278158400	19.5	128120
205	-1275480000	20	128120
205	-1272801600	16.1	128120
205	-1270209600	11	128120
205	-1267531200	5.8	128120
205	-1264939200	2.1	128120
205	-1262260800	-0.2	128120
205	-1259582400	-0.1	128120
205	-1257163200	6	128120
205	-1254484800	10.2	128120
205	-1251892800	13.6	128120
205	-1249214400	19.2	128120
205	-1246622400	18.7	128120
205	-1243944000	17.6	128120
205	-1241265600	15.6	128120
205	-1238673600	9.4	128120
205	-1235995200	6.2	128120
205	-1233403200	0	128120
205	-1230724800	-0.2	128120
205	-1228046400	-0.3	128120
205	-1225627200	0.6	128120
205	-1222948800	7	128120
205	-1220356800	16.6	128120
205	-1217678400	19.1	128120
205	-1215086400	20	128120
205	-1212408000	17.7	128120
205	-1209729600	11.2	128120
205	-1207137600	7.9	128120
205	-1204459200	3.3	128120
205	-1201867200	-1.7	128120
205	-1199188800	-0.6	128120
205	-1196510400	-3.7	128120
205	-1194004800	0.1	128120
205	-1191326400	9.2	128120
205	-1188734400	14.9	128120
205	-1186056000	16.6	128120
205	-1183464000	21.1	128120
205	-1180785600	20.9	128120
205	-1178107200	18.1	128120
205	-1175515200	10	128120
205	-1172836800	3.8	128120
205	-1170244800	-0.4	128120
205	-1167566400	-3.7	128120
205	-1164888000	0	128120
205	-1162468800	5.2	128120
205	-1159790400	7.7	128120
205	-1157198400	13	128120
205	-1154520000	14.6	128120
205	-1151928000	18.8	128120
205	-1149249600	18.7	128120
205	-1146571200	13.9	128120
205	-1143979200	9.3	128120
205	-1141300800	3.6	128120
205	-1138708800	-5.3	128120
205	-1136030400	-1	128120
205	-1133352000	0.9	128120
205	-1130932800	7.3	128120
205	-1128254400	12.4	128120
205	-1125662400	16	128120
205	-1122984000	16.9	128120
205	-1120392000	19.9	128120
205	-1117713600	18.4	128120
205	-1115035200	15.8	128120
205	-1112443200	9.5	128120
205	-1109764800	5.2	128120
205	-1107172800	4.7	128120
205	-1104494400	-3.3	128120
205	-1101816000	1	128120
205	-1099396800	2.7	128120
205	-1096718400	9.1	128120
205	-1094126400	11.8	128120
205	-1091448000	19	128120
205	-1088856000	19.3	128120
205	-1086177600	18.4	128120
205	-1083499200	14.3	128120
205	-1080907200	11.5	128120
205	-1078228800	4.4	128120
205	-1075636800	0.1	128120
205	-1072958400	4	128120
205	-1070280000	1.6	128120
205	-1067774400	6.7	128120
205	-1065096000	9.4	128120
205	-1062504000	14.7	128120
205	-1059825600	17.1	128120
205	-1057233600	20.3	128120
205	-1054555200	17.4	128120
205	-1051876800	14.2	128120
205	-1049284800	5.8	128120
205	-1046606400	3.5	128120
205	-1044014400	-0.1	128120
205	-1041336000	-3.6	128120
205	-1038657600	1.9	128120
205	-1036238400	6.2	128120
205	-1033560000	9.1	128120
205	-1030968000	16	128120
205	-1028289600	18.6	128120
205	-1025697600	19.1	128120
205	-1023019200	18.4	128120
205	-1020340800	14.7	128120
205	-1017748800	10	128120
205	-1015070400	3.9	128120
205	-1012478400	-0.5	128120
205	-1009800000	-0.7	128120
205	-1007121600	1.3	128120
205	-1004702400	7.6	128120
205	-1002024000	6.1	128120
205	-999432000	12.4	128120
205	-996753600	18.7	128120
205	-994161600	19.7	128120
205	-991483200	18.6	128120
205	-988804800	13.6	128120
205	-986212800	10.5	128120
205	-983534400	5.6	128120
205	-980942400	-1.9	128120
205	-978264000	0.9	128120
205	-975585600	2	128120
205	-973166400	2.1	128120
205	-970488000	12.4	128120
205	-967896000	13.1	128120
205	-965217600	17.5	128120
205	-962625600	19.8	128120
205	-959947200	19.3	128120
205	-957268800	14	128120
205	-954676800	8.3	128120
205	-951998400	4.6	128120
205	-949406400	-2	128120
205	-946728000	-8.5	128120
205	-944049600	-6	128120
205	-941544000	2.7	128120
205	-938865600	9.6	128120
205	-936273600	12.6	128120
205	-933595200	17.2	128120
205	-931003200	18.1	128120
205	-928324800	15.6	128120
205	-925646400	14.3	128120
205	-923054400	8.7	128120
205	-920376000	6.1	128120
205	-917784000	-4.8	128120
205	-915105600	-4.2	128120
205	-912427200	0.1	128120
205	-910008000	5.2	128120
205	-907329600	8.3	128120
205	-904737600	11.2	128120
205	-902059200	17.1	128120
205	-899467200	18.7	128120
205	-896788800	17.1	128120
205	-894110400	12.7	128120
205	-891518400	8.5	128120
205	-888840000	0.7	128120
205	-886248000	-0.3	128120
205	-883569600	-8.9	128120
205	-880891200	-3.8	128120
205	-878472000	2	128120
205	-875793600	8.1	128120
205	-873201600	14.4	128120
205	-870523200	17.1	128120
205	-867931200	17.8	128120
205	-865252800	18.8	128120
205	-862574400	17.9	128120
205	-859982400	11.8	128120
205	-857304000	3.2	128120
205	-854712000	1.7	128120
205	-852033600	-5.5	128120
205	-849355200	2.8	128120
205	-846936000	5.5	128120
205	-844257600	11.4	128120
205	-841665600	13.6	128120
205	-838987200	16	128120
205	-836395200	18.8	128120
205	-833716800	20.8	128120
205	-831038400	16.5	128120
205	-828446400	10.8	128120
205	-825768000	3	128120
205	-823176000	0.9	128120
205	-820497600	2.3	128120
205	-817819200	-0.4	128120
205	-815313600	1.8	128120
205	-812635200	10.4	128120
205	-810043200	12.9	128120
205	-807364800	16	128120
205	-804772800	18.9	128120
205	-802094400	20.3	128120
205	-799416000	13.8	128120
205	-796824000	10.4	128120
205	-794145600	3.9	128120
205	-791553600	-0.9	128120
205	-788875200	-5.3	128120
205	-786196800	2	128120
205	-783777600	6.7	128120
205	-781099200	10.7	128120
205	-778507200	16	128120
205	-775828800	18.8	128120
205	-773236800	20.5	128120
205	-770558400	18.9	128120
205	-767880000	14.8	128120
205	-765288000	9.3	128120
205	-762609600	3.9	128120
205	-760017600	1.3	128120
205	-757339200	-3.6	128120
205	-754660800	2.9	128120
205	-752241600	6.3	128120
205	-749563200	12	128120
205	-746971200	17.1	128120
205	-744292800	18.8	128120
205	-741700800	20.8	128120
205	-739022400	20.2	128120
205	-736344000	16.2	128120
205	-733752000	6.5	128120
205	-731073600	4	128120
205	-728481600	-2.1	128120
205	-725803200	-6.1	128120
205	-723124800	-3.9	128120
205	-720705600	5.1	128120
205	-718027200	12.3	128120
205	-715435200	15.7	128120
205	-712756800	19.1	128120
205	-710164800	20.5	128120
205	-707486400	19.7	128120
205	-704808000	18.2	128120
205	-702216000	7.6	128120
205	-699537600	6.1	128120
205	-696945600	1.7	128120
205	-694267200	2.4	128120
205	-691588800	0	128120
205	-689083200	5.6	128120
205	-686404800	11.3	128120
205	-683812800	16.6	128120
205	-681134400	16.8	128120
205	-678542400	17.6	128120
205	-675864000	18.4	128120
205	-673185600	15.2	128120
205	-670593600	10	128120
205	-667915200	3.8	128120
205	-665323200	-2.4	128120
205	-662644800	1.4	128120
205	-659966400	1.3	128120
205	-657547200	2.5	128120
205	-654868800	11.4	128120
205	-652276800	14.7	128120
205	-649598400	15.9	128120
205	-647006400	19.1	128120
205	-644328000	17.9	128120
205	-641649600	16.3	128120
205	-639057600	10.8	128120
205	-636379200	5.5	128120
205	-633787200	1.8	128120
205	-631108800	-4.4	128120
205	-628430400	1.4	128120
205	-626011200	6.3	128120
205	-623332800	10	128120
205	-620740800	16.3	128120
205	-618062400	19	128120
205	-615470400	21.6	128120
205	-612792000	20.2	128120
205	-610113600	15.3	128120
205	-607521600	7.7	128120
205	-604843200	4.9	128120
205	-602251200	0.6	128120
205	-599572800	0.8	128120
205	-596894400	3.5	128120
205	-594475200	4.4	128120
205	-591796800	9.8	128120
205	-589204800	13.8	128120
205	-586526400	17.3	128120
205	-583934400	18.9	128120
205	-581256000	19.9	128120
205	-578577600	16.7	128120
205	-575985600	7.9	128120
205	-573307200	7.1	128120
205	-570715200	1.1	128120
205	-568036800	-1.2	128120
205	-565358400	-0.9	128120
205	-562852800	2.2	128120
205	-560174400	12.3	128120
205	-557582400	13.4	128120
205	-554904000	17.3	128120
205	-552312000	20.8	128120
205	-549633600	21.3	128120
205	-546955200	13	128120
205	-544363200	8.9	128120
205	-541684800	2.3	128120
205	-539092800	-0.9	128120
205	-536414400	-1.5	128120
205	-533736000	0.7	128120
205	-531316800	4.4	128120
205	-528638400	10.4	128120
205	-526046400	13.7	128120
205	-523368000	17.7	128120
205	-520776000	20.2	128120
205	-518097600	17.5	128120
205	-515419200	15.6	128120
205	-512827200	10.9	128120
205	-510148800	2.5	128120
205	-507556800	-0.4	128120
205	-504878400	-6.1	128120
205	-502200000	-6.7	128120
205	-499780800	5.5	128120
205	-497102400	7.2	128120
205	-494510400	13.3	128120
205	-491832000	18.3	128120
205	-489240000	16.8	128120
205	-486561600	18.2	128120
205	-483883200	15.7	128120
205	-481291200	9.1	128120
205	-478612800	3	128120
205	-476020800	2.6	128120
205	-473342400	-2	128120
205	-470664000	-0.1	128120
205	-468244800	1.4	128120
205	-465566400	7.6	128120
205	-462974400	12.7	128120
205	-460296000	16.3	128120
205	-457704000	18.5	128120
205	-455025600	17.5	128120
205	-452347200	14.6	128120
205	-449755200	8.9	128120
205	-447076800	3.6	128120
205	-444484800	1.4	128120
205	-441806400	0.4	128120
205	-439128000	-8.9	128120
205	-436622400	1.5	128120
205	-433944000	9	128120
205	-431352000	14.3	128120
205	-428673600	16.1	128120
205	-426081600	19.2	128120
205	-423403200	18.3	128120
205	-420724800	15.2	128120
205	-418132800	9.5	128120
205	-415454400	1.8	128120
205	-412862400	-0.4	128120
205	-410184000	-3	128120
205	-407505600	3.7	128120
205	-405086400	6.9	128120
205	-402408000	9.6	128120
205	-399816000	11.7	128120
205	-397137600	19.5	128120
205	-394545600	20.1	128120
205	-391867200	17.5	128120
205	-389188800	13.9	128120
205	-386596800	9.3	128120
205	-383918400	5.8	128120
205	-381326400	0.6	128120
205	-378648000	-2	128120
205	-375969600	3.2	128120
205	-373550400	0.9	128120
205	-370872000	7.8	128120
205	-368280000	18	128120
205	-365601600	16.8	128120
205	-363009600	19.9	128120
205	-360331200	19.3	128120
205	-357652800	15.5	128120
205	-355060800	10.8	128120
205	-352382400	5.5	128120
205	-349790400	2.5	128120
205	-347112000	0	128120
205	-344433600	-0.6	128120
205	-342014400	7.6	128120
205	-339336000	10.5	128120
205	-336744000	14	128120
205	-334065600	16.8	128120
205	-331473600	20.2	128120
205	-328795200	18.4	128120
205	-326116800	13.9	128120
205	-323524800	8.6	128120
205	-320846400	4.5	128120
205	-318254400	3	128120
205	-315576000	-1.1	128120
205	-312897600	0	128120
205	-310392000	5.2	128120
205	-307713600	9.8	128120
205	-305121600	13.5	128120
205	-302443200	18.2	128120
205	-299851200	17.4	128120
205	-297172800	18.7	128120
205	-294494400	13.7	128120
205	-291902400	11.2	128120
205	-289224000	6.2	128120
205	-286632000	2.9	128120
205	-283953600	-2.4	128120
205	-281275200	3.2	128120
205	-278856000	7.9	128120
205	-276177600	12.8	128120
205	-273585600	13	128120
205	-270907200	18.5	128120
205	-268315200	18	128120
205	-265636800	18.8	128120
205	-262958400	17.2	128120
205	-260366400	11.4	128120
205	-257688000	4.6	128120
205	-255096000	-1.1	128120
205	-252417600	-0.5	128120
205	-249739200	0.4	128120
205	-247320000	1.7	128120
205	-244641600	10.9	128120
205	-242049600	12.9	128120
205	-239371200	15.9	128120
205	-236779200	17.6	128120
205	-234100800	20.1	128120
205	-231422400	13.9	128120
205	-228830400	10	128120
205	-226152000	3.7	128120
205	-223560000	-3.6	128120
205	-220881600	-5.7	128120
205	-218203200	-5	128120
205	-215784000	2.1	128120
205	-213105600	11	128120
205	-210513600	14.4	128120
205	-207835200	18.4	128120
205	-205243200	20.5	128120
205	-202564800	19.1	128120
205	-199886400	15.9	128120
205	-197294400	9.4	128120
205	-194616000	7.8	128120
205	-192024000	-5.6	128120
205	-189345600	-5.7	128120
205	-186667200	0.1	128120
205	-184161600	1.5	128120
205	-181483200	10.7	128120
205	-178891200	14.3	128120
205	-176212800	19.6	128120
205	-173620800	19.8	128120
205	-170942400	18.2	128120
205	-168264000	15.2	128120
205	-165672000	9.1	128120
205	-162993600	6.4	128120
205	-160401600	-0.3	128120
205	-157723200	-0.2	128120
205	-155044800	-2.3	128120
205	-152625600	4.6	128120
205	-149947200	8.7	128120
205	-147355200	13	128120
205	-144676800	17.4	128120
205	-142084800	18.4	128120
205	-139406400	17	128120
205	-136728000	15.3	128120
205	-134136000	8.1	128120
205	-131457600	2	128120
205	-128865600	1.1	128120
205	-126187200	-3.5	128120
205	-123508800	5.8	128120
205	-121089600	4.6	128120
205	-118411200	11.6	128120
205	-115819200	14.1	128120
205	-113140800	17.5	128120
205	-110548800	17.9	128120
205	-107870400	17.7	128120
205	-105192000	14.8	128120
205	-102600000	13.1	128120
205	-99921600	3.3	128120
205	-97329600	0.9	128120
205	-94651200	-1.8	128120
205	-91972800	1.7	128120
205	-89553600	6.7	128120
205	-86875200	9.2	128120
205	-84283200	14.7	128120
205	-81604800	17.2	128120
205	-79012800	20.9	128120
205	-76334400	18.6	128120
205	-73656000	15.9	128120
205	-71064000	11	128120
205	-68385600	4.3	128120
205	-65793600	-0.3	128120
205	-63115200	-3.5	128120
205	-60436800	2	128120
205	-57931200	5.3	128120
205	-55252800	11.2	128120
205	-52660800	14.5	128120
205	-49982400	18.1	128120
205	-47390400	19.1	128120
205	-44712000	17.5	128120
205	-42033600	14.6	128120
205	-39441600	10.1	128120
205	-36763200	5	128120
205	-34171200	-2.9	128120
205	-31492800	-2.7	128120
205	-28814400	-1.6	128120
205	-26395200	2.7	128120
205	-23716800	9.6	128120
205	-21124800	16.6	128120
205	-18446400	16.4	128120
205	-15854400	19.6	128120
205	-13176000	17.4	128120
205	-10497600	15.2	128120
205	-7905600	10	128120
205	-5227200	5.6	128120
205	-2635200	-2.9	128120
205	43200	-2.1	128120
205	2721600	-0.1	128120
205	5140800	3.3	128120
205	7819200	9.1	128120
205	10411200	12.5	128120
205	13089600	18.1	128120
205	15681600	18.8	128120
205	18360000	18.9	128120
205	21038400	14.9	128120
205	23630400	8.5	128120
205	26308800	7	128120
205	28900800	0	128120
205	31579200	-2.5	128120
205	34257600	2.3	128120
205	36676800	1.7	128120
205	39355200	10.3	128120
205	41947200	15.7	128120
205	44625600	16.6	128120
205	47217600	20	128120
205	49896000	20.5	128120
205	52574400	13.4	128120
205	55166400	8.9	128120
205	57844800	3.3	128120
205	60436800	1.8	128120
205	63115200	-2.9	128120
205	65793600	2.3	128120
205	68299200	6.1	128120
205	70977600	9.4	128120
205	73569600	13.5	128120
205	76248000	17.7	128120
205	78840000	19.4	128120
205	81518400	17.8	128120
205	84196800	12.2	128120
205	86788800	7.7	128120
205	89467200	4.3	128120
205	92059200	-0.4	128120
205	94737600	-1.2	128120
205	97416000	1.7	128120
205	99835200	4.5	128120
205	102513600	7.9	128120
205	105105600	15.3	128120
205	107784000	17.5	128120
205	110376000	19.3	128120
205	113054400	19.4	128120
205	115732800	15.8	128120
205	118324800	8.2	128120
205	121003200	2.5	128120
205	123595200	0.4	128120
205	126273600	1.3	128120
205	128952000	4.1	128120
205	131371200	7.1	128120
205	134049600	9.1	128120
205	136641600	13	128120
205	139320000	15.6	128120
205	141912000	18.4	128120
205	144590400	20.5	128120
205	147268800	14.7	128120
205	149860800	6.3	128120
205	152539200	4.8	128120
205	155131200	3.3	128120
205	157809600	2.8	128120
205	160488000	0.4	128120
205	162907200	5.7	128120
205	165585600	9.1	128120
205	168177600	15.6	128120
205	170856000	16.7	128120
205	173448000	19.4	128120
205	176126400	18.9	128120
205	178804800	17	128120
205	181396800	9.2	128120
205	184075200	3	128120
205	186667200	-0.3	128120
205	189345600	0.1	128120
205	192024000	-0.4	128120
205	194529600	2	128120
205	197208000	9.7	128120
205	199800000	13.9	128120
205	202478400	17.6	128120
205	205070400	20.5	128120
205	207748800	16.3	128120
205	210427200	13.8	128120
205	213019200	10.5	128120
205	215697600	5.8	128120
205	218289600	0	128120
205	220968000	-0.1	128120
205	223646400	3.8	128120
205	226065600	8.1	128120
205	228744000	8.1	128120
205	231336000	14.2	128120
205	234014400	18	128120
205	236606400	18.9	128120
205	239284800	18.2	128120
205	241963200	13.5	128120
205	244555200	10.4	128120
205	247233600	5	128120
205	249825600	-0.9	128120
205	252504000	-0.4	128120
205	255182400	-0.7	128120
205	257601600	6	128120
205	260280000	8.3	128120
205	262872000	12.6	128120
205	265550400	16.3	128120
205	268142400	17.3	128120
205	270820800	17.4	128120
205	273499200	14.5	128120
205	276091200	9.8	128120
205	278769600	1	128120
205	281361600	-0.4	128120
205	284040000	-3.8	128120
205	286718400	0.4	128120
205	289137600	6.7	128120
205	291816000	8.2	128120
205	294408000	14.5	128120
205	297086400	19.2	128120
205	299678400	17.1	128120
205	302356800	17.3	128120
205	305035200	14.9	128120
205	307627200	8.3	128120
205	310305600	4.8	128120
205	312897600	3.3	128120
205	315576000	-3.3	128120
205	318254400	1.7	128120
205	320760000	4.1	128120
205	323438400	7.1	128120
205	326030400	11.8	128120
205	328708800	16.9	128120
205	331300800	17.9	128120
205	333979200	18.8	128120
205	336657600	14.7	128120
205	339249600	9.6	128120
205	341928000	2.1	128120
205	344520000	-0.6	128120
205	347198400	-2.5	128120
205	349876800	0.3	128120
205	352296000	7.6	128120
205	354974400	9.5	128120
205	357566400	14.4	128120
205	360244800	18.3	128120
205	362836800	19.1	128120
205	365515200	19	128120
205	368193600	15.9	128120
205	370785600	10.5	128120
205	373464000	4.6	128120
205	376056000	-0.7	128120
205	378734400	-3.4	128120
205	381412800	-1.6	128120
205	383832000	5.1	128120
205	386510400	7.8	128120
205	389102400	14.6	128120
205	391780800	18.3	128120
205	394372800	20	128120
205	397051200	19.1	128120
205	399729600	17.5	128120
205	402321600	10.4	128120
205	4.05e+08	4.9	128120
205	407592000	2.5	128120
205	410270400	2.6	128120
205	412948800	-1.5	128120
205	415368000	6.1	128120
205	418046400	11.5	128120
205	420638400	15.6	128120
205	423316800	17.8	128120
205	425908800	22.5	128120
205	428587200	20.1	128120
205	431265600	15.7	128120
205	433857600	10.2	128120
205	436536000	1.7	128120
205	439128000	0.4	128120
205	441806400	-0.1	128120
205	444484800	-0.2	128120
205	446990400	3.9	128120
205	449668800	8.8	128120
205	452260800	13.4	128120
205	454939200	16.8	128120
205	457531200	18.1	128120
205	460209600	18.5	128120
205	462888000	14.7	128120
205	465480000	11	128120
205	468158400	4.5	128120
205	470750400	0.1	128120
205	473428800	-6	128120
205	476107200	-3.1	128120
205	478526400	3.4	128120
205	481204800	10	128120
205	483796800	15.2	128120
205	486475200	15.7	128120
205	489067200	19.9	128120
205	491745600	19.3	128120
205	494424000	15.9	128120
205	497016000	9.3	128120
205	499694400	2.2	128120
205	502286400	3.1	128120
205	504964800	-0.1	128120
205	507643200	-5	128120
205	510062400	2.7	128120
205	512740800	11	128120
205	515332800	16.8	128120
205	518011200	17.5	128120
205	520603200	18.8	128120
205	523281600	19.6	128120
205	525960000	14.7	128120
205	528552000	9.8	128120
205	531230400	4.7	128120
205	533822400	-1.5	128120
205	536500800	-5.1	128120
205	539179200	-0.4	128120
205	541598400	-0.4	128120
205	544276800	10.3	128120
205	546868800	12.6	128120
205	549547200	17.6	128120
205	552139200	20.9	128120
205	554817600	17.3	128120
205	557496000	17.9	128120
205	560088000	10.8	128120
205	562766400	4.8	128120
205	565358400	1.5	128120
205	568036800	2	128120
205	570715200	2.7	128120
205	573220800	3.9	128120
205	575899200	9.3	128120
205	578491200	15	128120
205	581169600	17.2	128120
205	583761600	20.8	128120
205	586440000	19.8	128120
205	589118400	15.2	128120
205	591710400	9.8	128120
205	594388800	0.7	128120
205	596980800	1.3	128120
205	599659200	-0.5	128120
205	602337600	3.7	128120
205	604756800	8.1	128120
205	607435200	10.8	128120
205	610027200	14.2	128120
205	612705600	16.2	128120
205	615297600	20.3	128120
205	617976000	19	128120
205	620654400	15.2	128120
205	623246400	10.4	128120
205	625924800	3	128120
205	628516800	1.7	128120
205	631195200	-1.1	128120
205	633873600	5.6	128120
205	636292800	8.7	128120
205	638971200	9.3	128120
205	641563200	15.6	128120
205	644241600	17.3	128120
205	646833600	19.1	128120
205	649512000	20.3	128120
205	652190400	13.6	128120
205	654782400	9.7	128120
205	657460800	5	128120
205	660052800	-0.5	128120
205	662731200	-0.2	128120
205	665409600	-2.8	128120
205	667828800	6.7	128120
205	670507200	8.5	128120
205	673099200	11.3	128120
205	675777600	17.1	128120
205	678369600	20.8	128120
205	681048000	19.8	128120
205	683726400	16.3	128120
205	686318400	8.3	128120
205	688996800	4.6	128120
205	691588800	-1.9	128120
205	694267200	0.6	128120
205	696945600	2.9	128120
205	699451200	5.4	128120
205	702129600	10.3	128120
205	704721600	14.9	128120
205	707400000	18.3	128120
205	709992000	21.1	128120
205	712670400	24.4	128120
205	715348800	15.8	128120
205	717940800	8.8	128120
205	720619200	4.7	128120
205	723211200	0.3	128120
205	725889600	0.8	128120
205	728568000	-1	128120
205	730987200	4.2	128120
205	733665600	10.3	128120
205	736257600	17.1	128120
205	738936000	18.1	128120
205	741528000	19.1	128120
205	744206400	19.8	128120
205	746884800	15.2	128120
205	749476800	10.9	128120
205	752155200	0.9	128120
205	754747200	1	128120
205	757425600	3.2	128120
205	760104000	0.8	128120
205	762523200	8.2	128120
205	765201600	10	128120
205	767793600	14.7	128120
205	770472000	18.5	128120
205	773064000	22.3	128120
205	775742400	21.5	128120
205	778420800	17.2	128120
205	781012800	7.9	128120
205	783691200	6.8	128120
205	786283200	1.2	128120
205	788961600	-0.5	128120
205	791640000	4.6	128120
205	794059200	4.5	128120
205	796737600	10.3	128120
205	799329600	14.3	128120
205	802008000	16.7	128120
205	804600000	22	128120
205	807278400	18.8	128120
205	809956800	13.7	128120
205	812548800	10.6	128120
205	815227200	2.7	128120
205	817819200	-0.9	128120
205	820497600	-1.5	128120
205	823176000	-3.3	128120
205	825681600	1.9	128120
205	828360000	9.9	128120
205	830952000	16	128120
205	833630400	19.1	128120
205	836222400	18.4	128120
205	838900800	19.5	128120
205	841579200	12.7	128120
205	844171200	10.7	128120
205	846849600	7	128120
205	849441600	-2	128120
205	852120000	-1.9	128120
205	854798400	2.5	128120
205	857217600	5.3	128120
205	859896000	7.7	128120
205	862488000	15.9	128120
205	865166400	18.5	128120
205	867758400	19.2	128120
205	870436800	19.7	128120
205	873115200	15.3	128120
205	875707200	7.8	128120
205	878385600	5.1	128120
205	880977600	2	128120
205	883656000	1.7	128120
205	886334400	4.3	128120
205	888753600	4.9	128120
205	891432000	11.3	128120
205	894024000	14.8	128120
205	896702400	19.3	128120
205	899294400	20.7	128120
205	901972800	20.7	128120
205	904651200	15.2	128120
205	907243200	10.8	128120
205	909921600	2.9	128120
205	912513600	-2.6	128120
205	915192000	-0.9	128120
205	917870400	0.5	128120
205	920289600	6.9	128120
205	922968000	11.3	128120
205	925560000	15.2	128120
205	928238400	18.1	128120
205	930830400	20.6	128120
205	933508800	18.9	128120
205	936187200	17.4	128120
205	938779200	10.6	128120
205	941457600	3	128120
205	944049600	0	128120
205	946728000	-2.5	128120
205	949406400	3.8	128120
205	951912000	6.4	128120
205	954590400	13.5	128120
205	957182400	16.6	128120
205	959860800	19.9	128120
205	962452800	18.8	128120
205	965131200	21.5	128120
205	967809600	15.2	128120
205	970401600	12.5	128120
205	973080000	7.8	128120
205	975672000	1.8	128120
205	978350400	0.4	128120
205	981028800	3.7	128120
205	983448000	7.6	128120
205	986126400	9.4	128120
205	988718400	16.8	128120
205	991396800	17.5	128120
205	993988800	20.7	128120
205	996667200	21.8	128120
205	999345600	13.7	128120
205	1001937600	13.2	128120
205	1004616000	3.7	128120
205	1007208000	-3.3	128120
205	1009886400	0.1	128120
205	1012564800	4.7	128120
205	1014984000	6.9	128120
205	1017662400	9.8	128120
205	1020254400	17.2	128120
205	1022932800	20.4	128120
205	1025524800	21.7	128120
205	1028203200	20.4	128120
205	1030881600	14.6	128120
205	1033473600	9.8	128120
205	1036152000	7.7	128120
205	1038744000	-0.5	128120
205	1041422400	-1.6	128120
205	1044100800	-1.8	128120
205	1046520000	6.2	128120
205	1049198400	10	128120
205	1051790400	17.8	128120
205	1054468800	21.9	128120
205	1057060800	21.8	128120
205	1059739200	23.2	128120
205	1062417600	14.6	128120
205	1065009600	7.7	128120
205	1067688000	6.6	128120
205	1070280000	1	128120
205	1072958400	-2.2	128120
205	1075636800	1.3	128120
205	1078142400	3.8	128120
205	1080820800	10.8	128120
205	1083412800	13	128120
205	1086091200	17.2	128120
205	1088683200	19.4	128120
205	1091361600	19.8	128120
205	1094040000	15	128120
205	1096632000	11.4	128120
205	1099310400	4.7	128120
205	1101902400	0.2	128120
205	1104580800	-0.5	128120
205	1107259200	-2.9	128120
205	1109678400	2.8	128120
205	1112356800	10.8	128120
205	1114948800	15.7	128120
205	1117627200	18.4	128120
205	1120219200	19.8	128120
205	1122897600	17.8	128120
205	1125576000	15.7	128120
205	1128168000	10.4	128120
205	1130846400	3.3	128120
205	1133438400	0.1	128120
205	1136116800	-4	128120
205	1138795200	-0.3	128120
205	1141214400	3.6	128120
205	1143892800	11.1	128120
205	1146484800	14.5	128120
205	1149163200	18.8	128120
205	1151755200	22.5	128120
205	1154433600	17.6	128120
205	1157112000	16.7	128120
205	1159704000	11.8	128120
205	1162382400	6.2	128120
205	1164974400	2.6	128120
205	1167652800	3.4	128120
205	1170331200	4.9	128120
205	1172750400	7.4	128120
205	1175428800	12.6	128120
205	1178020800	16.9	128120
205	1180699200	21.1	128120
205	1183291200	22.2	128120
205	1185969600	20.6	128120
205	1188648000	13.8	128120
205	1191240000	9.2	128120
205	1193918400	3.9	128120
205	1196510400	-0.5	128120
205	1199188800	2.2	128120
205	1201867200	3.8	128120
205	1204372800	6.2	128120
205	1207051200	11	128120
205	1209643200	16	128120
205	1212321600	19.7	128120
206	-3124094400	-3.9	128150
206	-3121416000	-2	128150
206	-3118996800	4.3	128150
206	-3116318400	9	128150
206	-3113726400	11.4	128150
206	-3111048000	15.3	128150
206	-3108456000	20.1	128150
206	-3105777600	20	128150
206	-3103099200	16	128150
206	-3100507200	7.1	128150
206	-3097828800	2.1	128150
206	-3095236800	-6.9	128150
206	-3092558400	-2	128150
206	-3089880000	1.2	128150
206	-3087374400	5	128150
206	-3084696000	11	128150
206	-3082104000	16.4	128150
206	-3079425600	16.9	128150
206	-3076833600	20.3	128150
206	-3074155200	17.2	128150
206	-3071476800	15.8	128150
206	-3068884800	11.4	128150
206	-3066206400	6.4	128150
206	-3063614400	3	128150
206	-3060936000	0.4	128150
206	-3058257600	0.2	128150
206	-3055838400	6.6	128150
206	-3053160000	8.7	128150
206	-3050568000	10.9	128150
206	-3047889600	17.1	128150
206	-3045297600	21.6	128150
206	-3042619200	21.5	128150
206	-3039940800	13.7	128150
206	-3037348800	11.3	128150
206	-3034670400	4.9	128150
206	-3032078400	-0.1	128150
206	-3029400000	-2.1	128150
206	-3026721600	-0.1	128150
206	-3024302400	3	128150
206	-3021624000	10.9	128150
206	-3019032000	9.8	128150
206	-3016353600	17.9	128150
206	-3013761600	22.1	128150
206	-3011083200	17.2	128150
206	-3008404800	16.8	128150
206	-3005812800	9.4	128150
206	-3003134400	-0.5	128150
206	-3000542400	-0.9	128150
206	-2997864000	-2.3	128150
206	-2995185600	-4.6	128150
206	-2992766400	-1	128150
206	-2990088000	8.5	128150
206	-2987496000	15	128150
206	-2984817600	20.6	128150
206	-2982225600	19.6	128150
206	-2979547200	20.2	128150
206	-2976868800	13.7	128150
206	-2974276800	7.3	128150
206	-2971598400	2.1	128150
206	-2969006400	-3.3	128150
206	-2966328000	-5.7	128150
206	-2963649600	-1.5	128150
206	-2961144000	4.7	128150
206	-2958465600	12	128150
206	-2955873600	10.9	128150
206	-2953195200	18.6	128150
206	-2950603200	19.8	128150
206	-2947924800	19.9	128150
206	-2945246400	13.5	128150
206	-2942654400	10.5	128150
206	-2939976000	-1	128150
206	-2937384000	1.9	128150
206	-2934705600	0.9	128150
206	-2932027200	1.3	128150
206	-2929608000	2.7	128150
206	-2926929600	7.9	128150
206	-2924337600	11.3	128150
206	-2921659200	19.4	128150
206	-2919067200	19.2	128150
206	-2916388800	21.1	128150
206	-2913710400	12.2	128150
206	-2911118400	7.3	128150
206	-2908440000	4.7	128150
206	-2905848000	-0.9	128150
206	-2903169600	-3	128150
206	-2900491200	1.4	128150
206	-2898072000	3.4	128150
206	-2895393600	10.3	128150
206	-2892801600	14.4	128150
206	-2890123200	17.7	128150
206	-2887531200	18.4	128150
206	-2884852800	19	128150
206	-2882174400	16.5	128150
206	-2879582400	10.6	128150
206	-2876904000	4.8	128150
206	-2874312000	-2	128150
206	-2871633600	-2.8	128150
206	-2868955200	0.9	128150
206	-2866536000	3.1	128150
206	-2863857600	8.8	128150
206	-2861265600	12.2	128150
206	-2858587200	18.4	128150
206	-2855995200	17.1	128150
206	-2853316800	19.7	128150
206	-2850638400	16.6	128150
206	-2848046400	7.8	128150
206	-2845368000	0.1	128150
206	-2842776000	-8.5	128150
206	-2840097600	-3.1	128150
206	-2837419200	-2	128150
206	-2834913600	3.1	128150
206	-2832235200	12	128150
206	-2829643200	12.8	128150
206	-2826964800	17.7	128150
206	-2824372800	21.4	128150
206	-2821694400	17.5	128150
206	-2819016000	15	128150
206	-2816424000	8.9	128150
206	-2813745600	4.7	128150
206	-2811153600	2.8	128150
206	-2808475200	-4.9	128150
206	-2805796800	-1.3	128150
206	-2803377600	3.6	128150
206	-2800699200	7.2	128150
206	-2798107200	13.8	128150
206	-2795428800	16.8	128150
206	-2792836800	20.6	128150
206	-2790158400	19.2	128150
206	-2787480000	13.1	128150
206	-2784888000	6.1	128150
206	-2782209600	2.3	128150
206	-2779617600	-0.1	128150
206	-2776939200	0.1	128150
206	-2774260800	1.4	128150
206	-2771841600	8.1	128150
206	-2769163200	9.8	128150
206	-2766571200	14.5	128150
206	-2763892800	16.1	128150
206	-2761300800	19.8	128150
206	-2758622400	16.5	128150
206	-2755944000	15.2	128150
206	-2753352000	10	128150
206	-2750673600	4	128150
206	-2748081600	1	128150
206	-2745403200	-2.1	128150
206	-2742724800	1.2	128150
206	-2740305600	0.3	128150
206	-2737627200	7.1	128150
206	-2735035200	14.4	128150
206	-2732356800	18.1	128150
206	-2729764800	19.8	128150
206	-2727086400	18.1	128150
206	-2724408000	14.6	128150
206	-2721816000	9.4	128150
206	-2719137600	3.3	128150
206	-2716545600	-0.8	128150
206	-2713867200	0.5	128150
206	-2711188800	1.5	128150
206	-2708683200	5.1	128150
206	-2706004800	7.9	128150
206	-2703412800	15.2	128150
206	-2700734400	14.8	128150
206	-2698142400	20.4	128150
206	-2695464000	18	128150
206	-2692785600	14.5	128150
206	-2690193600	8.3	128150
206	-2687515200	1.7	128150
206	-2684923200	0.8	128150
206	-2682244800	-2.4	128150
206	-2679566400	1.8	128150
206	-2677147200	4.5	128150
206	-2674468800	12	128150
206	-2671876800	12.9	128150
206	-2669198400	19.1	128150
206	-2666606400	20.1	128150
206	-2663928000	17.2	128150
206	-2661249600	15.4	128150
206	-2658657600	9.6	128150
206	-2655979200	4.4	128150
206	-2653387200	-1.8	128150
206	-2650708800	-2.1	128150
206	-2648030400	-2.6	128150
206	-2645611200	0.5	128150
206	-2642932800	11.3	128150
206	-2640340800	14.3	128150
206	-2637662400	16.9	128150
206	-2635070400	19.2	128150
206	-2632392000	19.4	128150
206	-2629713600	16.6	128150
206	-2627121600	10.9	128150
206	-2624443200	5.6	128150
206	-2621851200	1.5	128150
206	-2619172800	-3.8	128150
206	-2616494400	-1.8	128150
206	-2614075200	2.2	128150
206	-2611396800	10	128150
206	-2608804800	13.3	128150
206	-2606126400	17	128150
206	-2603534400	22.6	128150
206	-2600856000	18.2	128150
206	-2598177600	15.9	128150
206	-2595585600	6.9	128150
206	-2592907200	4.5	128150
206	-2590315200	-1.9	128150
206	-2587636800	-3.6	128150
206	-2584958400	-4.3	128150
206	-2582452800	2.6	128150
206	-2579774400	8.9	128150
206	-2577182400	15.2	128150
206	-2574504000	18.2	128150
206	-2571912000	17.2	128150
206	-2569233600	17.6	128150
206	-2566555200	14.3	128150
206	-2563963200	7.4	128150
206	-2561284800	0.8	128150
206	-2558692800	0.3	128150
206	-2556014400	-2.7	128150
206	-2553336000	-1.5	128150
206	-2550916800	1.1	128150
206	-2548238400	9.6	128150
206	-2545646400	18.3	128150
206	-2542968000	20.9	128150
206	-2540376000	19.8	128150
206	-2537697600	17.9	128150
206	-2535019200	11.9	128150
206	-2532427200	11.1	128150
206	-2529748800	2.8	128150
206	-2527156800	-4.3	128150
206	-2524478400	0.3	128150
206	-2521800000	-2.2	128150
206	-2519380800	5.7	128150
206	-2516702400	9.8	128150
206	-2514110400	16.2	128150
206	-2511432000	16.1	128150
206	-2508840000	19.1	128150
206	-2506161600	21.2	128150
206	-2503483200	13.9	128150
206	-2500891200	8.1	128150
206	-2498212800	3.4	128150
206	-2495620800	-5.9	128150
206	-2492942400	-8	128150
206	-2490264000	-3.9	128150
206	-2487844800	4	128150
206	-2485166400	7.3	128150
206	-2482574400	16.3	128150
206	-2479896000	17.2	128150
206	-2477304000	18.7	128150
206	-2474625600	17.9	128150
206	-2471947200	15.3	128150
206	-2469355200	11.9	128150
206	-2466676800	3.1	128150
206	-2464084800	0.6	128150
206	-2461406400	-2.1	128150
206	-2458728000	0.9	128150
206	-2456222400	2.5	128150
206	-2453544000	10.5	128150
206	-2450952000	14.9	128150
206	-2448273600	18.1	128150
206	-2445681600	19.2	128150
206	-2443003200	21.9	128150
206	-2440324800	16.8	128150
206	-2437732800	9.5	128150
206	-2435054400	1.6	128150
206	-2432462400	-3.4	128150
206	-2429784000	-9.4	128150
206	-2427105600	0.8	128150
206	-2424686400	4.7	128150
206	-2422008000	9.4	128150
206	-2419416000	14.5	128150
206	-2416737600	17.4	128150
206	-2414145600	19.7	128150
206	-2411467200	19.2	128150
206	-2408788800	15	128150
206	-2406196800	11.2	128150
206	-2403518400	2.3	128150
206	-2400926400	0.1	128150
206	-2398248000	-3.7	128150
206	-2395569600	1.9	128150
206	-2393150400	5.8	128150
206	-2390472000	12.8	128150
206	-2387880000	15.2	128150
206	-2385201600	16.1	128150
206	-2382609600	21.5	128150
206	-2379931200	19.1	128150
206	-2377252800	13.4	128150
206	-2374660800	10.2	128150
206	-2371982400	4.6	128150
206	-2369390400	-1	128150
206	-2366712000	-2.4	128150
206	-2364033600	-5	128150
206	-2361614400	1.9	128150
206	-2358936000	9.4	128150
206	-2356344000	14.1	128150
206	-2353665600	17.7	128150
206	-2351073600	20.7	128150
206	-2348395200	18.7	128150
206	-2345716800	16.1	128150
206	-2343124800	8.8	128150
206	-2340446400	4.7	128150
206	-2337854400	-0.9	128150
206	-2335176000	-6	128150
206	-2332497600	-0.7	128150
206	-2329992000	6	128150
206	-2327313600	7.4	128150
206	-2324721600	13.1	128150
206	-2322043200	18	128150
206	-2319451200	19.6	128150
206	-2316772800	17	128150
206	-2314094400	15.1	128150
206	-2311502400	11.3	128150
206	-2308824000	2.4	128150
206	-2306232000	-0.2	128150
206	-2303553600	-1.5	128150
206	-2300875200	1.4	128150
206	-2298456000	6.7	128150
206	-2295777600	9.5	128150
206	-2293185600	13.1	128150
206	-2290507200	19.2	128150
206	-2287915200	20	128150
206	-2285236800	19.6	128150
206	-2282558400	15.4	128150
206	-2279966400	7.9	128150
206	-2277288000	1.7	128150
206	-2274696000	-0.9	128150
206	-2272017600	0	128150
206	-2269339200	2	128150
206	-2266920000	5.5	128150
206	-2264241600	11.5	128150
206	-2261649600	15.2	128150
206	-2258971200	16.5	128150
206	-2256379200	18.4	128150
206	-2253700800	19.4	128150
206	-2251022400	15	128150
206	-2248430400	10.2	128150
206	-2245752000	6.5	128150
206	-2243160000	1.5	128150
206	-2240481600	2.1	128150
206	-2237803200	0.6	128150
206	-2235384000	3.7	128150
206	-2232705600	10.1	128150
206	-2230113600	14.3	128150
206	-2227435200	17.3	128150
206	-2224843200	19.8	128150
206	-2222164800	18.9	128150
206	-2219486400	14.9	128150
206	-2216894400	8.2	128150
206	-2214216000	6	128150
206	-2211624000	-4.4	128150
206	-2208945600	-0.1	128150
206	-2206267200	4	128150
206	-2203848000	1.4	128150
206	-2201169600	8.8	128150
206	-2198577600	13.9	128150
206	-2195899200	18.2	128150
206	-2193307200	20.7	128150
206	-2190628800	18.4	128150
206	-2187950400	15.6	128150
206	-2185358400	10.5	128150
206	-2182680000	7.1	128150
206	-2180088000	1.1	128150
206	-2177409600	-5.8	128150
206	-2174731200	-3.7	128150
206	-2172312000	3.8	128150
206	-2169633600	10.2	128150
206	-2167041600	15.2	128150
206	-2164363200	18.7	128150
206	-2161771200	20.7	128150
206	-2159092800	18.9	128150
206	-2156414400	14.3	128150
206	-2153822400	11.2	128150
206	-2151144000	2.6	128150
206	-2148552000	2.8	128150
206	-2145873600	2.8	128150
206	-2143195200	0.7	128150
206	-2140776000	4.1	128150
206	-2138097600	9.1	128150
206	-2135505600	11.2	128150
206	-2132827200	16.5	128150
206	-2130235200	17.9	128150
206	-2127556800	18.5	128150
206	-2124878400	14.1	128150
206	-2122286400	8.8	128150
206	-2119608000	-0.1	128150
206	-2117016000	-3.8	128150
206	-2114337600	-3	128150
206	-2111659200	3.3	128150
206	-2109240000	6.9	128150
206	-2106561600	6.8	128150
206	-2103969600	14.7	128150
206	-2101291200	16.9	128150
206	-2098699200	18.5	128150
206	-2096020800	17.9	128150
206	-2093342400	13.8	128150
206	-2090750400	9.9	128150
206	-2088072000	5.1	128150
206	-2085480000	0.5	128150
206	-2082801600	-2.5	128150
206	-2080123200	2.4	128150
206	-2077617600	4.6	128150
206	-2074939200	9.8	128150
206	-2072347200	14	128150
206	-2069668800	18.3	128150
206	-2067076800	20.9	128150
206	-2064398400	18.8	128150
206	-2061720000	13.3	128150
206	-2059128000	9.5	128150
206	-2056449600	2.5	128150
206	-2053857600	1.1	128150
206	-2051179200	-4.2	128150
206	-2048500800	0.7	128150
206	-2046081600	5.4	128150
206	-2043403200	7.8	128150
206	-2040811200	14.1	128150
206	-2038132800	18.9	128150
206	-2035540800	21.3	128150
206	-2032862400	19.7	128150
206	-2030184000	15.7	128150
206	-2027592000	5.1	128150
206	-2024913600	4.6	128150
206	-2022321600	1.1	128150
206	-2019643200	-1.3	128150
206	-2016964800	0.9	128150
206	-2014545600	4	128150
206	-2011867200	10	128150
206	-2009275200	14.8	128150
206	-2006596800	16.6	128150
206	-2004004800	19.4	128150
206	-2001326400	17.9	128150
206	-1998648000	13.2	128150
206	-1996056000	9.4	128150
206	-1993377600	6.9	128150
206	-1990785600	-2.1	128150
206	-1988107200	-1.8	128150
206	-1985428800	-1.7	128150
206	-1983009600	2.3	128150
206	-1980331200	6.9	128150
206	-1977739200	16.1	128150
206	-1975060800	17.8	128150
206	-1972468800	17.7	128150
206	-1969790400	18	128150
206	-1967112000	14.1	128150
206	-1964520000	14	128150
206	-1961841600	2.6	128150
206	-1959249600	1.4	128150
206	-1956571200	-3.2	128150
206	-1953892800	1.4	128150
206	-1951387200	3.6	128150
206	-1948708800	8.1	128150
206	-1946116800	16.7	128150
206	-1943438400	19.3	128150
206	-1940846400	19.1	128150
206	-1938168000	17.1	128150
206	-1935489600	13.1	128150
206	-1932897600	8.1	128150
206	-1930219200	-1.3	128150
206	-1927627200	-2.3	128150
206	-1924948800	-3.2	128150
206	-1922270400	-3.2	128150
206	-1919851200	3.2	128150
206	-1917172800	9.6	128150
206	-1914580800	12.6	128150
206	-1911902400	16.9	128150
206	-1909310400	17.4	128150
206	-1906632000	18.4	128150
206	-1903953600	15	128150
206	-1901361600	10.9	128150
206	-1898683200	2.8	128150
206	-1896091200	1.7	128150
206	-1893412800	-0.2	128150
206	-1890734400	3.2	128150
206	-1888315200	4.9	128150
206	-1885636800	8.9	128150
206	-1883044800	13.7	128150
206	-1880366400	18.1	128150
206	-1877774400	17.9	128150
206	-1875096000	17.6	128150
206	-1872417600	13	128150
206	-1869825600	9.5	128150
206	-1867147200	3.1	128150
206	-1864555200	3.9	128150
206	-1861876800	-0.8	128150
206	-1859198400	-0.8	128150
206	-1856779200	4.7	128150
206	-1854100800	8.9	128150
206	-1851508800	14.1	128150
206	-1848830400	16.9	128150
206	-1846238400	20.6	128150
206	-1843560000	19.9	128150
206	-1840881600	15.1	128150
206	-1838289600	9	128150
206	-1835611200	6.4	128150
206	-1833019200	2.5	128150
206	-1830340800	-4.2	128150
206	-1827662400	2.2	128150
206	-1825156800	6.8	128150
206	-1822478400	7.5	128150
206	-1819886400	13.4	128150
206	-1817208000	18.1	128150
206	-1814616000	19	128150
206	-1811937600	16.4	128150
206	-1809259200	10.1	128150
206	-1806667200	6.5	128150
206	-1803988800	1	128150
206	-1801396800	1	128150
206	-1798718400	-2.8	128150
206	-1796040000	-0.7	128150
206	-1793620800	6.2	128150
206	-1790942400	8.9	128150
206	-1788350400	13.1	128150
206	-1785672000	17	128150
206	-1783080000	16.1	128150
206	-1780401600	16.6	128150
206	-1777723200	14.1	128150
206	-1775131200	9.3	128150
206	-1772452800	5.5	128150
206	-1769860800	1.3	128150
206	-1767182400	-6.5	128150
206	-1764504000	-2.8	128150
206	-1762084800	5.1	128150
206	-1759406400	11	128150
206	-1756814400	13.5	128150
206	-1754136000	16.9	128150
206	-1751544000	17.8	128150
206	-1748865600	17.7	128150
206	-1746187200	13.2	128150
206	-1743595200	8.7	128150
206	-1740916800	2.8	128150
206	-1738324800	2.8	128150
206	-1735646400	1.1	128150
206	-1732968000	0.8	128150
206	-1730548800	2.6	128150
206	-1727870400	9	128150
206	-1725278400	15	128150
206	-1722600000	19	128150
206	-1720008000	18.6	128150
206	-1717329600	16.4	128150
206	-1714651200	12.6	128150
206	-1712059200	7.5	128150
206	-1709380800	2.2	128150
206	-1706788800	3.8	128150
206	-1704110400	3	128150
206	-1701432000	0.3	128150
206	-1698926400	7.7	128150
206	-1696248000	9.6	128150
206	-1693656000	14.8	128150
206	-1690977600	16.2	128150
206	-1688385600	19	128150
206	-1685707200	17.6	128150
206	-1683028800	13.3	128150
206	-1680436800	8.9	128150
206	-1677758400	5.9	128150
206	-1675166400	3.9	128150
206	-1672488000	-1.7	128150
206	-1669809600	-5.6	128150
206	-1667390400	1.8	128150
206	-1664712000	6.8	128150
206	-1662120000	15.7	128150
206	-1659441600	19.9	128150
206	-1656849600	20.4	128150
206	-1654171200	19.7	128150
206	-1651492800	15.8	128150
206	-1648900800	9.6	128150
206	-1646222400	4.6	128150
206	-1643630400	-2.2	128150
206	-1640952000	0	128150
206	-1638273600	0.9	128150
206	-1635854400	5.1	128150
206	-1633176000	12.2	128150
206	-1630584000	15	128150
206	-1627905600	15.3	128150
206	-1625313600	18.5	128150
206	-1622635200	17.4	128150
206	-1619956800	14.9	128150
206	-1617364800	9.2	128150
206	-1614686400	2.9	128150
206	-1612094400	1	128150
206	-1609416000	1.2	128150
206	-1606737600	-0.3	128150
206	-1604318400	4.5	128150
206	-1601640000	7.5	128150
206	-1599048000	11	128150
206	-1596369600	16.8	128150
206	-1593777600	17.2	128150
206	-1591099200	18	128150
206	-1588420800	16.3	128150
206	-1585828800	7.7	128150
206	-1583150400	2.3	128150
206	-1580558400	0.4	128150
206	-1577880000	2.1	128150
206	-1575201600	2.1	128150
206	-1572696000	6.9	128150
206	-1570017600	12.3	128150
206	-1567425600	16	128150
206	-1564747200	16.1	128150
206	-1562155200	19.7	128150
206	-1559476800	16.7	128150
206	-1556798400	14.5	128150
206	-1554206400	6.7	128150
206	-1551528000	-0.2	128150
206	-1548936000	1.4	128150
206	-1546257600	3.9	128150
206	-1543579200	1.7	128150
206	-1541160000	6.3	128150
206	-1538481600	8.2	128150
206	-1535889600	16	128150
206	-1533211200	16.5	128150
206	-1530619200	20	128150
206	-1527940800	19.7	128150
206	-1525262400	14.3	128150
206	-1522670400	10.5	128150
206	-1519992000	1.4	128150
206	-1517400000	-1	128150
206	-1514721600	-3	128150
206	-1512043200	-2.9	128150
206	-1509624000	5	128150
206	-1506945600	8.1	128150
206	-1504353600	14.8	128150
206	-1501675200	18.4	128150
206	-1499083200	19.3	128150
206	-1496404800	17.9	128150
206	-1493726400	12.1	128150
206	-1491134400	6.6	128150
206	-1488456000	2.1	128150
206	-1485864000	1.7	128150
206	-1483185600	1.4	128150
206	-1480507200	0.7	128150
206	-1478088000	5.2	128150
206	-1475409600	8.3	128150
206	-1472817600	16	128150
206	-1470139200	14.1	128150
206	-1467547200	19.9	128150
206	-1464868800	18.5	128150
206	-1462190400	14.4	128150
206	-1459598400	11.8	128150
206	-1456920000	5.3	128150
206	-1454328000	-0.4	128150
206	-1451649600	-3.4	128150
206	-1448971200	-2	128150
206	-1446465600	3	128150
206	-1443787200	8.8	128150
206	-1441195200	16.1	128150
206	-1438516800	17.1	128150
206	-1435924800	18.9	128150
206	-1433246400	16.4	128150
206	-1430568000	15.4	128150
206	-1427976000	9.6	128150
206	-1425297600	2.5	128150
206	-1422705600	-0.1	128150
206	-1420027200	0.3	128150
206	-1417348800	4.7	128150
206	-1414929600	3.3	128150
206	-1412251200	10.4	128150
206	-1409659200	16.1	128150
206	-1406980800	16.8	128150
206	-1404388800	19.8	128150
206	-1401710400	18.5	128150
206	-1399032000	13.6	128150
206	-1396440000	9.9	128150
206	-1393761600	4.2	128150
206	-1391169600	-2.1	128150
206	-1388491200	-2.1	128150
206	-1385812800	4.3	128150
206	-1383393600	4.5	128150
206	-1380715200	11.7	128150
206	-1378123200	14	128150
206	-1375444800	16	128150
206	-1372852800	18.9	128150
206	-1370174400	17.3	128150
206	-1367496000	15.4	128150
206	-1364904000	9.9	128150
206	-1362225600	9.7	128150
206	-1359633600	0.8	128150
206	-1356955200	2.1	128150
206	-1354276800	0.2	128150
206	-1351857600	6.9	128150
206	-1349179200	9.4	128150
206	-1346587200	13.5	128150
206	-1343908800	18.5	128150
206	-1341316800	20.3	128150
206	-1338638400	19.1	128150
206	-1335960000	15.9	128150
206	-1333368000	8.9	128150
206	-1330689600	4.4	128150
206	-1328097600	-3.4	128150
206	-1325419200	-0.5	128150
206	-1322740800	1.3	128150
206	-1320235200	3.2	128150
206	-1317556800	10.3	128150
206	-1314964800	11.7	128150
206	-1312286400	16.7	128150
206	-1309694400	22.2	128150
206	-1307016000	19.4	128150
206	-1304337600	14.7	128150
206	-1301745600	9.8	128150
206	-1299067200	6.8	128150
206	-1296475200	-0.5	128150
206	-1293796800	-5.7	128150
206	-1291118400	-10.7	128150
206	-1288699200	1.2	128150
206	-1286020800	6.6	128150
206	-1283428800	15.7	128150
206	-1280750400	17.2	128150
206	-1278158400	20.2	128150
206	-1275480000	20	128150
206	-1272801600	16.3	128150
206	-1270209600	11.3	128150
206	-1267531200	5.9	128150
206	-1264939200	2.9	128150
206	-1262260800	0.2	128150
206	-1259582400	0.2	128150
206	-1257163200	5.6	128150
206	-1254484800	10.6	128150
206	-1251892800	14	128150
206	-1249214400	20.9	128150
206	-1246622400	19.8	128150
206	-1243944000	17.6	128150
206	-1241265600	15.6	128150
206	-1238673600	9.5	128150
206	-1235995200	6.6	128150
206	-1233403200	0.4	128150
206	-1230724800	-0.8	128150
206	-1228046400	-1	128150
206	-1225627200	0.4	128150
206	-1222948800	7.4	128150
206	-1220356800	17.4	128150
206	-1217678400	19.7	128150
206	-1215086400	20	128150
206	-1212408000	17.5	128150
206	-1209729600	10.7	128150
206	-1207137600	7.9	128150
206	-1204459200	3.5	128150
206	-1201867200	-0.8	128150
206	-1199188800	-0.7	128150
206	-1196510400	-3.5	128150
206	-1194004800	0.4	128150
206	-1191326400	9.7	128150
206	-1188734400	14.8	128150
206	-1186056000	16.9	128150
206	-1183464000	21.3	128150
206	-1180785600	19.8	128150
206	-1178107200	18.3	128150
206	-1175515200	10.2	128150
206	-1172836800	3.8	128150
206	-1170244800	-0.2	128150
206	-1167566400	-3.7	128150
206	-1164888000	0.6	128150
206	-1162468800	5.1	128150
206	-1159790400	8	128150
206	-1157198400	13.4	128150
206	-1154520000	15.7	128150
206	-1151928000	20.1	128150
206	-1149249600	18.6	128150
206	-1146571200	13.7	128150
206	-1143979200	9.1	128150
206	-1141300800	3.7	128150
206	-1138708800	-5.7	128150
206	-1136030400	-1.4	128150
206	-1133352000	0.6	128150
206	-1130932800	7.3	128150
206	-1128254400	12.4	128150
206	-1125662400	15.9	128150
206	-1122984000	17.7	128150
206	-1120392000	20.1	128150
206	-1117713600	18.9	128150
206	-1115035200	15.8	128150
206	-1112443200	9.7	128150
206	-1109764800	5.8	128150
206	-1107172800	4.8	128150
206	-1104494400	-3.4	128150
206	-1101816000	0.6	128150
206	-1099396800	2.8	128150
206	-1096718400	9.3	128150
206	-1094126400	12.4	128150
206	-1091448000	19.5	128150
206	-1088856000	19.6	128150
206	-1086177600	17.9	128150
206	-1083499200	14.8	128150
206	-1080907200	11.4	128150
206	-1078228800	4.5	128150
206	-1075636800	0.7	128150
206	-1072958400	3.5	128150
206	-1070280000	1.5	128150
206	-1067774400	6.4	128150
206	-1065096000	9.6	128150
206	-1062504000	15.4	128150
206	-1059825600	18.4	128150
206	-1057233600	21.2	128150
206	-1054555200	17.5	128150
206	-1051876800	14.4	128150
206	-1049284800	6.4	128150
206	-1046606400	3.9	128150
206	-1044014400	0.6	128150
206	-1041336000	-3.2	128150
206	-1038657600	1.3	128150
206	-1036238400	6.1	128150
206	-1033560000	9.4	128150
206	-1030968000	17.2	128150
206	-1028289600	19.1	128150
206	-1025697600	19.5	128150
206	-1023019200	18.2	128150
206	-1020340800	14.7	128150
206	-1017748800	10.5	128150
206	-1015070400	4.3	128150
206	-1012478400	0.1	128150
206	-1009800000	-0.5	128150
206	-1007121600	1.8	128150
206	-1004702400	8	128150
206	-1002024000	7	128150
206	-999432000	12.9	128150
206	-996753600	19.4	128150
206	-994161600	20.4	128150
206	-991483200	19.1	128150
206	-988804800	14.3	128150
206	-986212800	11	128150
206	-983534400	6.4	128150
206	-980942400	-1.2	128150
206	-978264000	0.5	128150
206	-975585600	2.4	128150
206	-973166400	1.9	128150
206	-970488000	12.8	128150
206	-967896000	13.6	128150
206	-965217600	18.6	128150
206	-962625600	20.6	128150
206	-959947200	19.5	128150
206	-957268800	13.8	128150
206	-954676800	8.5	128150
206	-951998400	5	128150
206	-949406400	-0.6	128150
206	-946728000	-8.9	128150
206	-944049600	-6.5	128150
206	-941544000	1.8	128150
206	-938865600	9.6	128150
206	-936273600	12.4	128150
206	-933595200	17.8	128150
206	-931003200	18.8	128150
206	-928324800	15.8	128150
206	-925646400	14.6	128150
206	-923054400	9.3	128150
206	-920376000	6	128150
206	-917784000	-4.5	128150
206	-915105600	-4	128150
206	-912427200	0.7	128150
206	-910008000	5	128150
206	-907329600	8.8	128150
206	-904737600	12.1	128150
206	-902059200	18.2	128150
206	-899467200	19.6	128150
206	-896788800	18	128150
206	-894110400	12.8	128150
206	-891518400	8.6	128150
206	-888840000	1.2	128150
206	-886248000	0.9	128150
206	-883569600	-9.8	128150
206	-880891200	-4.5	128150
206	-878472000	1.7	128150
206	-875793600	8.6	128150
206	-873201600	15	128150
206	-870523200	17.5	128150
206	-867931200	18.7	128150
206	-865252800	19.2	128150
206	-862574400	18.5	128150
206	-859982400	12.1	128150
206	-857304000	3.4	128150
206	-854712000	1.9	128150
206	-852033600	-5.3	128150
206	-849355200	2.6	128150
206	-846936000	6.1	128150
206	-844257600	11.1	128150
206	-841665600	13.2	128150
206	-838987200	16	128150
206	-836395200	19	128150
206	-833716800	20.7	128150
206	-831038400	16.3	128150
206	-828446400	11.2	128150
206	-825768000	3.3	128150
206	-823176000	0.3	128150
206	-820497600	3	128150
206	-817819200	-0.8	128150
206	-815313600	1.1	128150
206	-812635200	9.8	128150
206	-810043200	12.6	128150
206	-807364800	16.4	128150
206	-804772800	18.7	128150
206	-802094400	20.9	128150
206	-799416000	14.7	128150
206	-796824000	10.6	128150
206	-794145600	3.9	128150
206	-791553600	-0.5	128150
206	-788875200	-5	128150
206	-786196800	1.9	128150
206	-783777600	6.3	128150
206	-781099200	10.5	128150
206	-778507200	16.6	128150
206	-775828800	19.7	128150
206	-773236800	21.5	128150
206	-770558400	19.8	128150
206	-767880000	15.7	128150
206	-765288000	10.2	128150
206	-762609600	4.8	128150
206	-760017600	1.7	128150
206	-757339200	-3.2	128150
206	-754660800	3.1	128150
206	-752241600	6.3	128150
206	-749563200	13.3	128150
206	-746971200	17.6	128150
206	-744292800	19.1	128150
206	-741700800	21.2	128150
206	-739022400	20	128150
206	-736344000	16.4	128150
206	-733752000	6.6	128150
206	-731073600	4.2	128150
206	-728481600	-1.4	128150
206	-725803200	-6.4	128150
206	-723124800	-4.5	128150
206	-720705600	4.3	128150
206	-718027200	12.6	128150
206	-715435200	16.9	128150
206	-712756800	19.8	128150
206	-710164800	21.1	128150
206	-707486400	19.9	128150
206	-704808000	18	128150
206	-702216000	7.8	128150
206	-699537600	6.2	128150
206	-696945600	1.6	128150
206	-694267200	2.9	128150
206	-691588800	-0.2	128150
206	-689083200	5	128150
206	-686404800	11.5	128150
206	-683812800	16.8	128150
206	-681134400	17.1	128150
206	-678542400	17.8	128150
206	-675864000	18.6	128150
206	-673185600	15.5	128150
206	-670593600	10	128150
206	-667915200	3.6	128150
206	-665323200	-2.9	128150
206	-662644800	1	128150
206	-659966400	1.7	128150
206	-657547200	3	128150
206	-654868800	11.6	128150
206	-652276800	15.5	128150
206	-649598400	16.5	128150
206	-647006400	19.4	128150
206	-644328000	18	128150
206	-641649600	16.7	128150
206	-639057600	10.1	128150
206	-636379200	5.4	128150
206	-633787200	2.3	128150
206	-631108800	-4	128150
206	-628430400	1.3	128150
206	-626011200	6.1	128150
206	-623332800	9.9	128150
206	-620740800	16.7	128150
206	-618062400	20.2	128150
206	-615470400	21.7	128150
206	-612792000	19.4	128150
206	-610113600	15	128150
206	-607521600	7.2	128150
206	-604843200	4.7	128150
206	-602251200	1	128150
206	-599572800	1.4	128150
206	-596894400	3.8	128150
206	-594475200	4.7	128150
206	-591796800	9.9	128150
206	-589204800	13.9	128150
206	-586526400	17.9	128150
206	-583934400	19.3	128150
206	-581256000	20.1	128150
206	-578577600	16.2	128150
206	-575985600	7.8	128150
206	-573307200	7.3	128150
206	-570715200	1.6	128150
206	-568036800	-0.2	128150
206	-565358400	0	128150
206	-562852800	1.3	128150
206	-560174400	12.7	128150
206	-557582400	13.9	128150
206	-554904000	18.2	128150
206	-552312000	21.1	128150
206	-549633600	21.6	128150
206	-546955200	13	128150
206	-544363200	9	128150
206	-541684800	3.3	128150
206	-539092800	-0.9	128150
206	-536414400	-1.2	128150
206	-533736000	0.2	128150
206	-531316800	4.7	128150
206	-528638400	10.7	128150
206	-526046400	14.2	128150
206	-523368000	18.8	128150
206	-520776000	20.9	128150
206	-518097600	17.8	128150
206	-515419200	16	128150
206	-512827200	11.3	128150
206	-510148800	3	128150
206	-507556800	0.6	128150
206	-504878400	-5.7	128150
206	-502200000	-6.3	128150
206	-499780800	5.4	128150
206	-497102400	7.2	128150
206	-494510400	14.3	128150
206	-491832000	19.4	128150
206	-489240000	17.6	128150
206	-486561600	19.2	128150
206	-483883200	16.6	128150
206	-481291200	9.2	128150
206	-478612800	3.2	128150
206	-476020800	3.3	128150
206	-473342400	-1.9	128150
206	-470664000	0.1	128150
206	-468244800	1.8	128150
206	-465566400	7.7	128150
206	-462974400	13.3	128150
206	-460296000	17.3	128150
206	-457704000	19.5	128150
206	-455025600	18	128150
206	-452347200	14.9	128150
206	-449755200	9.4	128150
206	-447076800	4.2	128150
206	-444484800	2.5	128150
206	-441806400	0.2	128150
206	-439128000	-9.8	128150
206	-436622400	1.9	128150
206	-433944000	9.2	128150
206	-431352000	14.2	128150
206	-428673600	16.8	128150
206	-426081600	20.3	128150
206	-423403200	18.3	128150
206	-420724800	15.6	128150
206	-418132800	9	128150
206	-415454400	1.6	128150
206	-412862400	1.1	128150
206	-410184000	-2.3	128150
206	-407505600	3.9	128150
206	-405086400	6	128150
206	-402408000	9.7	128150
206	-399816000	11.8	128150
206	-397137600	19.9	128150
206	-394545600	20.2	128150
206	-391867200	17.5	128150
206	-389188800	13.5	128150
206	-386596800	8.9	128150
206	-383918400	5.8	128150
206	-381326400	0.8	128150
206	-378648000	-0.8	128150
206	-375969600	2.5	128150
206	-373550400	0	128150
206	-370872000	7.5	128150
206	-368280000	18.1	128150
206	-365601600	17	128150
206	-363009600	20.2	128150
206	-360331200	18.8	128150
206	-357652800	15.1	128150
206	-355060800	10.2	128150
206	-352382400	5.3	128150
206	-349790400	2.8	128150
206	-347112000	-0.3	128150
206	-344433600	-0.6	128150
206	-342014400	7	128150
206	-339336000	10.5	128150
206	-336744000	15	128150
206	-334065600	17.5	128150
206	-331473600	20.3	128150
206	-328795200	17.8	128150
206	-326116800	12.9	128150
206	-323524800	8.6	128150
206	-320846400	4.7	128150
206	-318254400	3.6	128150
206	-315576000	-1.6	128150
206	-312897600	-0.3	128150
206	-310392000	5.5	128150
206	-307713600	10.4	128150
206	-305121600	14.1	128150
206	-302443200	18.9	128150
206	-299851200	17.6	128150
206	-297172800	18.5	128150
206	-294494400	13.7	128150
206	-291902400	11.2	128150
206	-289224000	6.4	128150
206	-286632000	3.4	128150
206	-283953600	-2.4	128150
206	-281275200	2.9	128150
206	-278856000	7.2	128150
206	-276177600	12.7	128150
206	-273585600	13.1	128150
206	-270907200	19.1	128150
206	-268315200	18.3	128150
206	-265636800	19	128150
206	-262958400	16.9	128150
206	-260366400	11.2	128150
206	-257688000	4.2	128150
206	-255096000	-1.2	128150
206	-252417600	0	128150
206	-249739200	0.3	128150
206	-247320000	1.5	128150
206	-244641600	11.1	128150
206	-242049600	12.9	128150
206	-239371200	16.3	128150
206	-236779200	18.2	128150
206	-234100800	19.9	128150
206	-231422400	13.5	128150
206	-228830400	9.3	128150
206	-226152000	3.9	128150
206	-223560000	-3.6	128150
206	-220881600	-6.4	128150
206	-218203200	-5.5	128150
206	-215784000	1.9	128150
206	-213105600	10.9	128150
206	-210513600	14.4	128150
206	-207835200	18.6	128150
206	-205243200	20.7	128150
206	-202564800	18.8	128150
206	-199886400	15.5	128150
206	-197294400	9.2	128150
206	-194616000	7.7	128150
206	-192024000	-5.3	128150
206	-189345600	-6.3	128150
206	-186667200	0	128150
206	-184161600	1.5	128150
206	-181483200	10.8	128150
206	-178891200	14	128150
206	-176212800	19.9	128150
206	-173620800	20	128150
206	-170942400	17.6	128150
206	-168264000	14.5	128150
206	-165672000	8.6	128150
206	-162993600	5.7	128150
206	-160401600	-0.4	128150
206	-157723200	-0.7	128150
206	-155044800	-2.9	128150
206	-152625600	4	128150
206	-149947200	8.6	128150
206	-147355200	13	128150
206	-144676800	17.7	128150
206	-142084800	18.5	128150
206	-139406400	16.8	128150
206	-136728000	15.2	128150
206	-134136000	7.3	128150
206	-131457600	1.5	128150
206	-128865600	1.3	128150
206	-126187200	-3.8	128150
206	-123508800	6.2	128150
206	-121089600	4.4	128150
206	-118411200	11.7	128150
206	-115819200	14.3	128150
206	-113140800	18	128150
206	-110548800	18.2	128150
206	-107870400	17.5	128150
206	-105192000	14.5	128150
206	-102600000	13.2	128150
206	-99921600	3.6	128150
206	-97329600	1.5	128150
206	-94651200	-1.3	128150
206	-91972800	2	128150
206	-89553600	6.5	128150
206	-86875200	9.3	128150
206	-84283200	15.5	128150
206	-81604800	17.7	128150
206	-79012800	21.2	128150
206	-76334400	19.6	128150
206	-73656000	16.6	128150
206	-71064000	11.5	128150
206	-68385600	4.2	128150
206	-65793600	0.1	128150
206	-63115200	-2.5	128150
206	-60436800	2.5	128150
206	-57931200	5.9	128150
206	-55252800	12.2	128150
206	-52660800	15.2	128150
206	-49982400	19.5	128150
206	-47390400	19.8	128150
206	-44712000	17.8	128150
206	-42033600	15.1	128150
206	-39441600	10	128150
206	-36763200	5.8	128150
206	-34171200	-2.5	128150
206	-31492800	-2.7	128150
206	-28814400	-1.3	128150
206	-26395200	2.5	128150
206	-23716800	10.4	128150
206	-21124800	17.9	128150
206	-18446400	17	128150
206	-15854400	20.9	128150
206	-13176000	17.6	128150
206	-10497600	15.8	128150
206	-7905600	10.3	128150
206	-5227200	6.1	128150
206	-2635200	-3.5	128150
206	43200	-2.5	128150
206	2721600	-0.8	128150
206	5140800	3	128150
206	7819200	8.9	128150
206	10411200	13.1	128150
206	13089600	18.9	128150
206	15681600	19.5	128150
206	18360000	18.8	128150
206	21038400	14.4	128150
206	23630400	8.7	128150
206	26308800	6.9	128150
206	28900800	0.2	128150
206	31579200	-2.5	128150
206	34257600	2	128150
206	36676800	1.8	128150
206	39355200	10.7	128150
206	41947200	16.3	128150
206	44625600	17	128150
206	47217600	19.9	128150
206	49896000	20.7	128150
206	52574400	13	128150
206	55166400	8.4	128150
206	57844800	3.4	128150
206	60436800	2.9	128150
206	63115200	-2.5	128150
206	65793600	2.9	128150
206	68299200	6.7	128150
206	70977600	9.9	128150
206	73569600	14.2	128150
206	76248000	18.7	128150
206	78840000	19.9	128150
206	81518400	17.8	128150
206	84196800	12.4	128150
206	86788800	7.5	128150
206	89467200	4.7	128150
206	92059200	0.2	128150
206	94737600	-0.9	128150
206	97416000	1.8	128150
206	99835200	4.5	128150
206	102513600	8.3	128150
206	105105600	15.6	128150
206	107784000	17.9	128150
206	110376000	19.9	128150
206	113054400	19.6	128150
206	115732800	15.6	128150
206	118324800	8.2	128150
206	121003200	2.6	128150
206	123595200	0.8	128150
206	126273600	1.5	128150
206	128952000	4.2	128150
206	131371200	7.6	128150
206	134049600	9.6	128150
206	136641600	13.6	128150
206	139320000	16.4	128150
206	141912000	18.7	128150
206	144590400	20.6	128150
206	147268800	14.8	128150
206	149860800	6.7	128150
206	152539200	5.2	128150
206	155131200	3.7	128150
206	157809600	2.7	128150
206	160488000	0.1	128150
206	162907200	6.2	128150
206	165585600	9.1	128150
206	168177600	16.1	128150
206	170856000	17.3	128150
206	173448000	19.9	128150
206	176126400	18.9	128150
206	178804800	17.2	128150
206	181396800	9.3	128150
206	184075200	3.1	128150
206	186667200	0.7	128150
206	189345600	0.8	128150
206	192024000	-0.6	128150
206	194529600	2.3	128150
206	197208000	10.3	128150
206	199800000	14.7	128150
206	202478400	18.5	128150
206	205070400	20.9	128150
206	207748800	17.1	128150
206	210427200	13.8	128150
206	213019200	10.8	128150
206	215697600	6.2	128150
206	218289600	0.3	128150
206	220968000	-0.3	128150
206	223646400	3.3	128150
206	226065600	8.3	128150
206	228744000	8.4	128150
206	231336000	14.9	128150
206	234014400	18.9	128150
206	236606400	19.3	128150
206	239284800	18.3	128150
206	241963200	13.4	128150
206	244555200	10.3	128150
206	247233600	5.4	128150
206	249825600	-0.9	128150
206	252504000	0.3	128150
206	255182400	-0.9	128150
206	257601600	5.9	128150
206	260280000	8.7	128150
206	262872000	13.1	128150
206	265550400	17.4	128150
206	268142400	18.2	128150
206	270820800	18.2	128150
206	273499200	14.8	128150
206	276091200	10	128150
206	278769600	1.7	128150
206	281361600	0.7	128150
206	284040000	-4.2	128150
206	286718400	0.7	128150
206	289137600	6.4	128150
206	291816000	8.6	128150
206	294408000	15.6	128150
206	297086400	19.8	128150
206	299678400	17.6	128150
206	302356800	18.1	128150
206	305035200	14.8	128150
206	307627200	8.3	128150
206	310305600	4.7	128150
206	312897600	3.7	128150
206	315576000	-3.6	128150
206	318254400	1.5	128150
206	320760000	4.1	128150
206	323438400	7.4	128150
206	326030400	12.3	128150
206	328708800	17.4	128150
206	331300800	18.5	128150
206	333979200	18.9	128150
206	336657600	14.3	128150
206	339249600	9.8	128150
206	341928000	2.6	128150
206	344520000	-0.3	128150
206	347198400	-2.5	128150
206	349876800	1.3	128150
206	352296000	8.1	128150
206	354974400	9.5	128150
206	357566400	15.2	128150
206	360244800	19.1	128150
206	362836800	19.3	128150
206	365515200	19.4	128150
206	368193600	15.8	128150
206	370785600	10.7	128150
206	373464000	4.9	128150
206	376056000	-0.4	128150
206	378734400	-3.8	128150
206	381412800	-1.2	128150
206	383832000	5.5	128150
206	386510400	8.4	128150
206	389102400	15.6	128150
206	391780800	19	128150
206	394372800	20.4	128150
206	397051200	19.6	128150
206	399729600	17.7	128150
206	402321600	10.9	128150
206	4.05e+08	5.4	128150
206	407592000	2.4	128150
206	410270400	4.1	128150
206	412948800	-1.8	128150
206	415368000	6.2	128150
206	418046400	12	128150
206	420638400	16.2	128150
206	423316800	18.4	128150
206	425908800	22.6	128150
206	428587200	20.2	128150
206	431265600	15.7	128150
206	433857600	10.1	128150
206	436536000	2.1	128150
206	439128000	0.6	128150
206	441806400	0.5	128150
206	444484800	0.4	128150
206	446990400	4	128150
206	449668800	9.3	128150
206	452260800	14.3	128150
206	454939200	16.8	128150
206	457531200	18.2	128150
206	460209600	18.7	128150
206	462888000	14.8	128150
206	465480000	11	128150
206	468158400	5.2	128150
206	470750400	0	128150
206	473428800	-6.3	128150
206	476107200	-3.5	128150
206	478526400	3.8	128150
206	481204800	10.4	128150
206	483796800	16.1	128150
206	486475200	15.9	128150
206	489067200	20.3	128150
206	491745600	19.1	128150
206	494424000	15.4	128150
206	497016000	9.1	128150
206	499694400	2.5	128150
206	502286400	2.9	128150
206	504964800	-0.1	128150
206	507643200	-5	128150
206	510062400	2.9	128150
206	512740800	11.9	128150
206	515332800	17.2	128150
206	518011200	18	128150
206	520603200	19.4	128150
206	523281600	20	128150
206	525960000	14.4	128150
206	528552000	9.6	128150
206	531230400	4.9	128150
206	533822400	-0.3	128150
206	536500800	-5.4	128150
206	539179200	-0.6	128150
206	541598400	-0.6	128150
206	544276800	10	128150
206	546868800	12.8	128150
206	549547200	17.8	128150
206	552139200	20.9	128150
206	554817600	17.2	128150
206	557496000	17.2	128150
206	560088000	10.9	128150
206	562766400	4.8	128150
206	565358400	1.8	128150
206	568036800	2.3	128150
206	570715200	2.8	128150
206	573220800	3.5	128150
206	575899200	9.9	128150
206	578491200	15.9	128150
206	581169600	17.6	128150
206	583761600	21.2	128150
206	586440000	19.7	128150
206	589118400	15.2	128150
206	591710400	9.7	128150
206	594388800	0.3	128150
206	596980800	2.5	128150
206	599659200	0.1	128150
206	602337600	4.2	128150
206	604756800	8	128150
206	607435200	11.2	128150
206	610027200	14.5	128150
206	612705600	16.7	128150
206	615297600	20.7	128150
206	617976000	19.4	128150
206	620654400	15.3	128150
206	623246400	10.4	128150
206	625924800	3.4	128150
206	628516800	1.5	128150
206	631195200	-0.2	128150
206	633873600	5	128150
206	636292800	8.5	128150
206	638971200	9.4	128150
206	641563200	16.4	128150
206	644241600	18	128150
206	646833600	19.3	128150
206	649512000	20.5	128150
206	652190400	13.5	128150
206	654782400	10.2	128150
206	657460800	5.8	128150
206	660052800	-0.1	128150
206	662731200	0	128150
206	665409600	-2.7	128150
206	667828800	6.8	128150
206	670507200	9	128150
206	673099200	11.7	128150
206	675777600	17.4	128150
206	678369600	21.2	128150
206	681048000	19.9	128150
206	683726400	16.4	128150
206	686318400	8.7	128150
206	688996800	5	128150
206	691588800	-1	128150
206	694267200	1.5	128150
206	696945600	3.2	128150
206	699451200	5.3	128150
206	702129600	10.4	128150
206	704721600	15.5	128150
206	707400000	19.1	128150
206	709992000	21.3	128150
206	712670400	24.3	128150
206	715348800	15.8	128150
206	717940800	8.9	128150
206	720619200	5	128150
206	723211200	0.5	128150
206	725889600	0.1	128150
206	728568000	-2	128150
206	730987200	3.9	128150
206	733665600	10.6	128150
206	736257600	17.5	128150
206	738936000	18.7	128150
206	741528000	19.1	128150
206	744206400	19.7	128150
206	746884800	15.1	128150
206	749476800	10.9	128150
206	752155200	1.1	128150
206	754747200	2	128150
206	757425600	3.8	128150
206	760104000	0.9	128150
206	762523200	8.3	128150
206	765201600	10.4	128150
206	767793600	15.2	128150
206	770472000	18.8	128150
206	773064000	23.2	128150
206	775742400	21.6	128150
206	778420800	17.7	128150
206	781012800	8.6	128150
206	783691200	6.8	128150
206	786283200	1.8	128150
206	788961600	-0.5	128150
206	791640000	5.2	128150
206	794059200	4.5	128150
206	796737600	10.9	128150
206	799329600	14.7	128150
206	802008000	17.3	128150
206	804600000	22.9	128150
206	807278400	19.4	128150
206	809956800	14.1	128150
206	812548800	11	128150
206	815227200	2.4	128150
206	817819200	-0.3	128150
206	820497600	-2.9	128150
206	823176000	-3.2	128150
206	825681600	1.7	128150
206	828360000	10.6	128150
206	830952000	15.8	128150
206	833630400	19.3	128150
206	836222400	18.5	128150
206	838900800	18.8	128150
206	841579200	11.2	128150
206	844171200	10.5	128150
206	846849600	7.2	128150
206	849441600	-2.3	128150
206	852120000	-2.7	128150
206	854798400	3.3	128150
206	857217600	5.9	128150
206	859896000	7.4	128150
206	862488000	16.3	128150
206	865166400	19	128150
206	867758400	18.6	128150
206	870436800	20.7	128150
206	873115200	15.7	128150
206	875707200	7.9	128150
206	878385600	5.3	128150
206	880977600	2.1	128150
206	883656000	2.2	128150
206	886334400	6.5	128150
206	888753600	4.9	128150
206	891432000	12	128150
206	894024000	16	128150
206	896702400	19.9	128150
206	899294400	20.5	128150
206	901972800	20.6	128150
206	904651200	13.9	128150
206	907243200	10.2	128150
206	909921600	2.4	128150
206	912513600	-1.4	128150
206	915192000	-0.4	128150
206	917870400	0.7	128150
206	920289600	7.2	128150
206	922968000	11.6	128150
206	925560000	16.1	128150
206	928238400	18.4	128150
206	930830400	21.2	128150
206	933508800	19.2	128150
206	936187200	18.2	128150
206	938779200	10.8	128150
206	941457600	3.4	128150
206	944049600	0.7	128150
206	946728000	-2.1	128150
206	949406400	3.9	128150
206	951912000	6.2	128150
206	954590400	13.8	128150
206	957182400	17.4	128150
206	959860800	20.4	128150
206	962452800	19	128150
206	965131200	22	128150
206	967809600	15.4	128150
206	970401600	13.1	128150
206	973080000	8.4	128150
206	975672000	1.8	128150
206	978350400	0.3	128150
206	981028800	3.1	128150
206	983448000	7	128150
206	986126400	9.8	128150
206	988718400	17.1	128150
206	991396800	17.5	128150
206	993988800	20.9	128150
206	996667200	21.8	128150
206	999345600	13.8	128150
206	1001937600	13.4	128150
206	1004616000	3.6	128150
206	1007208000	-3.7	128150
206	1009886400	0.4	128150
206	1012564800	5.2	128150
206	1014984000	7.1	128150
206	1017662400	10.2	128150
206	1020254400	18.2	128150
206	1022932800	20.8	128150
206	1025524800	22.4	128150
206	1028203200	20.8	128150
206	1030881600	14.9	128150
206	1033473600	9.7	128150
206	1036152000	8.1	128150
206	1038744000	-0.7	128150
206	1041422400	-1	128150
206	1044100800	-1.8	128150
206	1046520000	6.2	128150
206	1049198400	10.2	128150
206	1051790400	17.8	128150
206	1054468800	22.5	128150
206	1057060800	21.7	128150
206	1059739200	22.8	128150
206	1062417600	15.5	128150
206	1065009600	7.7	128150
206	1067688000	7.3	128150
206	1070280000	1	128150
206	1072958400	-2.1	128150
206	1075636800	2.2	128150
206	1078142400	4.4	128150
206	1080820800	11.6	128150
206	1083412800	13.9	128150
206	1086091200	18	128150
206	1088683200	20.1	128150
206	1091361600	20.7	128150
206	1094040000	15.5	128150
206	1096632000	11.6	128150
206	1099310400	5.3	128150
206	1101902400	0.9	128150
206	1104580800	0.4	128150
206	1107259200	-2.1	128150
206	1109678400	3.7	128150
206	1112356800	11.7	128150
206	1114948800	15.8	128150
206	1117627200	18.7	128150
206	1120219200	20.7	128150
206	1122897600	18.5	128150
206	1125576000	16.4	128150
206	1128168000	10.8	128150
206	1130846400	4.4	128150
206	1133438400	0.5	128150
206	1136116800	-3.4	128150
206	1138795200	-0.8	128150
206	1141214400	3.5	128150
206	1143892800	11.8	128150
206	1146484800	14.8	128150
206	1149163200	19.1	128150
206	1151755200	23.4	128150
206	1154433600	18.1	128150
206	1157112000	17.6	128150
206	1159704000	12.6	128150
206	1162382400	7	128150
206	1164974400	3	128150
206	1167652800	4.7	128150
206	1170331200	5.1	128150
206	1172750400	7.6	128150
206	1175428800	12.9	128150
206	1178020800	17.3	128150
206	1180699200	21.4	128150
206	1183291200	22.3	128150
206	1185969600	21.2	128150
206	1188648000	13.8	128150
206	1191240000	9.2	128150
206	1193918400	3.8	128150
206	1196510400	0.3	128150
206	1199188800	2.6	128150
206	1201867200	3.9	128150
206	1204372800	6.4	128150
206	1207051200	11.2	128150
206	1209643200	16.5	128150
206	1212321600	20.7	128150
207	-5995771200	-2.4	128390
207	-5993092800	-2.4	128390
207	-5990587200	7.8	128390
207	-5987908800	8.5	128390
207	-5985316800	15.8	128390
207	-5982638400	17.9	128390
207	-5980046400	20.8	128390
207	-5977368000	20.4	128390
207	-5974689600	15.4	128390
207	-5972097600	11.1	128390
207	-5969419200	5	128390
207	-5966827200	-1.8	128390
207	-5964148800	-2.3	128390
207	-5961470400	0.1	128390
207	-5959051200	6.1	128390
207	-5956372800	11.5	128390
207	-5953780800	16.2	128390
207	-5951102400	20.3	128390
207	-5948510400	21.5	128390
207	-5945832000	23.1	128390
207	-5943153600	18.6	128390
207	-5940561600	8.1	128390
207	-5937883200	5.7	128390
207	-5935291200	-1	128390
207	-5932612800	-1	128390
207	-5929934400	-3.1	128390
207	-5927515200	3.4	128390
207	-5924836800	9.5	128390
207	-5922244800	15	128390
207	-5919566400	19.7	128390
207	-5916974400	21.9	128390
207	-5914296000	20.7	128390
207	-5911617600	15.5	128390
207	-5909025600	9	128390
207	-5906347200	1.7	128390
207	-5903755200	0	128390
207	-5901076800	0.2	128390
207	-5898398400	4.2	128390
207	-5895979200	3.6	128390
207	-5893300800	11	128390
207	-5890708800	17.4	128390
207	-5888030400	20.2	128390
207	-5885438400	21.8	128390
207	-5882760000	20.7	128390
207	-5880081600	16.8	128390
207	-5877489600	10.7	128390
207	-5874811200	2.9	128390
207	-5872219200	-5.5	128390
207	-5869540800	-4.9	128390
207	-5866862400	-1.4	128390
207	-5864356800	3.9	128390
207	-5861678400	8.1	128390
207	-5859086400	17.1	128390
207	-5856408000	18.9	128390
207	-5853816000	19.9	128390
207	-5851137600	20.8	128390
207	-5848459200	17.8	128390
207	-5845867200	7	128390
207	-5843188800	3.4	128390
207	-5840596800	-0.4	128390
207	-5837918400	-4.5	128390
207	-5835240000	-3.4	128390
207	-5832820800	-3.7	128390
207	-5830142400	8.3	128390
207	-5827550400	15.8	128390
207	-5824872000	18.1	128390
207	-5822280000	20.1	128390
207	-5819601600	19.5	128390
207	-5816923200	17.4	128390
207	-5814331200	9.6	128390
207	-5811652800	4.7	128390
207	-5809060800	-0.4	128390
207	-5806382400	-2.8	128390
207	-5803704000	-0.3	128390
207	-5801284800	5.6	128390
207	-5798606400	10.8	128390
207	-5796014400	13.8	128390
207	-5793336000	18.4	128390
207	-5790744000	19.6	128390
207	-5788065600	18.5	128390
207	-5785387200	14.6	128390
207	-5782795200	7.1	128390
207	-5780116800	2.2	128390
207	-5777524800	-1.5	128390
207	-5774846400	-3.3	128390
207	-5772168000	1.7	128390
207	-5769748800	6.8	128390
207	-5767070400	7.8	128390
207	-5764478400	13	128390
207	-5761800000	18.8	128390
207	-5759208000	20.7	128390
207	-5756529600	21	128390
207	-5753851200	14.7	128390
207	-5751259200	11.1	128390
207	-5748580800	5.1	128390
207	-5745988800	2.2	128390
207	-5743310400	0.1	128390
207	-5740632000	-0.1	128390
207	-5738126400	6.9	128390
207	-5735448000	9.8	128390
207	-5732856000	15.2	128390
207	-5730177600	20.4	128390
207	-5727585600	23	128390
207	-5724907200	17.1	128390
207	-5722228800	17.1	128390
207	-5719636800	9.2	128390
207	-5716958400	2.1	128390
207	-5714366400	-7.6	128390
207	-5711688000	-3.4	128390
207	-5709009600	1.3	128390
207	-5706590400	1.9	128390
207	-5703912000	12.2	128390
207	-5701320000	18.4	128390
207	-5698641600	17.9	128390
207	-5696049600	20.9	128390
207	-5693371200	19.1	128390
207	-5690692800	16.8	128390
207	-5688100800	11.3	128390
207	-5685422400	5	128390
207	-5682830400	-1.2	128390
207	-5680152000	-1.4	128390
207	-5677473600	3.2	128390
207	-5675054400	5.8	128390
207	-5672376000	8.8	128390
207	-5669784000	16.4	128390
207	-5667105600	21.1	128390
207	-5664513600	19.8	128390
207	-5661835200	20.6	128390
207	-5659156800	14.6	128390
207	-5656564800	9.7	128390
207	-5653886400	4	128390
207	-5651294400	2.3	128390
207	-5648616000	2.9	128390
207	-5645937600	0.9	128390
207	-5643518400	6.6	128390
207	-5640840000	12.1	128390
207	-5638248000	15.1	128390
207	-5635569600	18.4	128390
207	-5632977600	21.4	128390
207	-5630299200	22.3	128390
207	-5627620800	15.1	128390
207	-5625028800	10	128390
207	-5622350400	3.9	128390
207	-5619758400	1.6	128390
207	-5617080000	-0.8	128390
207	-5614401600	-0.8	128390
207	-5611896000	4.6	128390
207	-5609217600	11	128390
207	-5606625600	14.6	128390
207	-5603947200	19.6	128390
207	-5601355200	21.6	128390
207	-5598676800	20	128390
207	-5595998400	16.5	128390
207	-5593406400	9	128390
207	-5590728000	3.4	128390
207	-5588136000	0.2	128390
207	-5585457600	-3.7	128390
207	-5582779200	1.9	128390
207	-5580360000	4.2	128390
207	-5577681600	8.8	128390
207	-5575089600	13.9	128390
207	-5572411200	17.1	128390
207	-5569819200	22.3	128390
207	-5567140800	21.1	128390
207	-5564462400	16	128390
207	-5561870400	11.3	128390
207	-5559192000	4.6	128390
207	-5556600000	1.9	128390
207	-5553921600	0.1	128390
207	-5551243200	4	128390
207	-5548824000	6.9	128390
207	-5546145600	14.9	128390
207	-5543553600	17.2	128390
207	-5540875200	20.6	128390
207	-5538283200	24.5	128390
207	-5535604800	19.4	128390
207	-5532926400	14.5	128390
207	-5530334400	9.7	128390
207	-5527656000	4.2	128390
207	-5525064000	-1.8	128390
207	-5522385600	-8.7	128390
207	-5519707200	-0.8	128390
207	-5517288000	4.7	128390
207	-5514609600	12.6	128390
207	-5512017600	15.4	128390
207	-5509339200	20.2	128390
207	-5506747200	18.8	128390
207	-5504068800	20.7	128390
207	-5501390400	16	128390
207	-5498798400	13.3	128390
207	-5496120000	2.5	128390
207	-5493528000	2.3	128390
207	-5490849600	3.8	128390
207	-5488171200	1.9	128390
207	-5485665600	2	128390
207	-5482987200	8.3	128390
207	-5480395200	16.1	128390
207	-5477716800	18.6	128390
207	-5475124800	21	128390
207	-5472446400	21.1	128390
207	-5469768000	18.5	128390
207	-5467176000	10.5	128390
207	-5464497600	3.5	128390
207	-5461905600	-2.5	128390
207	-5459227200	-0.9	128390
207	-5456548800	1.7	128390
207	-5454129600	3.5	128390
207	-5451451200	13	128390
207	-5448859200	19	128390
207	-5446180800	19.5	128390
207	-5443588800	23	128390
207	-5440910400	22.3	128390
207	-5438232000	18.7	128390
207	-5435640000	11.8	128390
207	-5432961600	4.5	128390
207	-5430369600	0.8	128390
207	-5427691200	-0.4	128390
207	-5425012800	3.8	128390
207	-5422593600	6	128390
207	-5419915200	11.1	128390
207	-5417323200	15.9	128390
207	-5414644800	19.7	128390
207	-5412052800	21	128390
207	-5409374400	21.2	128390
207	-5406696000	18.2	128390
207	-5404104000	10.3	128390
207	-5401425600	2.9	128390
207	-5398833600	-5.2	128390
207	-5396155200	-7.7	128390
207	-5393476800	-2.3	128390
207	-5391057600	3.4	128390
207	-5388379200	9.4	128390
207	-5385787200	14.9	128390
207	-5383108800	17.2	128390
207	-5380516800	20	128390
207	-5377838400	20.9	128390
207	-5375160000	15.7	128390
207	-5372568000	12.2	128390
207	-5369889600	4.4	128390
207	-5367297600	-4.3	128390
207	-5364619200	-1.5	128390
207	-5361940800	-0.3	128390
207	-5359521600	-0.4	128390
207	-5356843200	17.1	128390
207	-5354251200	18.4	128390
207	-5351572800	16.3	128390
207	-5348980800	19.6	128390
207	-5346302400	21	128390
207	-5343624000	16.7	128390
207	-5341032000	10.5	128390
207	-5338353600	6.4	128390
207	-5335761600	-0.1	128390
207	-5333083200	0.4	128390
207	-5330404800	-0.6	128390
207	-5327985600	8.2	128390
207	-5325307200	10.7	128390
207	-5322715200	18.3	128390
207	-5320036800	17.3	128390
207	-5317444800	19.5	128390
207	-5314766400	19.1	128390
207	-5312088000	18	128390
207	-5309496000	13.1	128390
207	-5306817600	6.3	128390
207	-5304225600	0.9	128390
207	-5301547200	-1.9	128390
207	-5298868800	1.4	128390
207	-5296449600	5.3	128390
207	-5293771200	10.6	128390
207	-5291179200	15.2	128390
207	-5288500800	20.2	128390
207	-5285908800	21.4	128390
207	-5283230400	22	128390
207	-5280552000	16.9	128390
207	-5277960000	13.9	128390
207	-5275281600	6.8	128390
207	-5272689600	1.5	128390
207	-5270011200	-4.7	128390
207	-5267332800	-2	128390
207	-5264913600	4.7	128390
207	-5262235200	13	128390
207	-5259643200	13.8	128390
207	-5256964800	18	128390
207	-5254372800	21.1	128390
207	-5251694400	20.5	128390
207	-5249016000	14	128390
207	-5246424000	9.6	128390
207	-5243745600	5.7	128390
207	-5241153600	-0.1	128390
207	-5238475200	2.9	128390
207	-5235796800	-0.6	128390
207	-5233291200	2.2	128390
207	-5230612800	11.4	128390
207	-5228020800	16.4	128390
207	-5225342400	18.2	128390
207	-5222750400	21.2	128390
207	-5220072000	19.5	128390
207	-5217393600	18	128390
207	-5214801600	11.5	128390
207	-5212123200	1.6	128390
207	-5209531200	-3.4	128390
207	-5206852800	-2.1	128390
207	-5204174400	-0.2	128390
207	-5201755200	3.7	128390
207	-5199076800	8.6	128390
207	-5196484800	14	128390
207	-5193806400	16.7	128390
207	-5191214400	19.5	128390
207	-5188536000	18	128390
207	-5185857600	16.7	128390
207	-5183265600	7.2	128390
207	-5180587200	1.1	128390
207	-5177995200	-0.1	128390
207	-5175316800	3.7	128390
207	-5172638400	2	128390
207	-5170219200	5.7	128390
207	-5167540800	7.8	128390
207	-5164948800	16.8	128390
207	-5162270400	17.7	128390
207	-5159678400	20.5	128390
207	-5.157e+09	18.5	128390
207	-5154321600	17	128390
207	-5151729600	8.7	128390
207	-5149051200	6.1	128390
207	-5146459200	3.9	128390
207	-5143780800	0	128390
207	-5141102400	1.6	128390
207	-5138683200	2.4	128390
207	-5136004800	8.4	128390
207	-5133412800	17.4	128390
207	-5130734400	17.3	128390
207	-5128142400	21.5	128390
207	-5125464000	24.9	128390
207	-5122785600	16	128390
207	-5120193600	11.9	128390
207	-5117515200	6.6	128390
207	-5114923200	0.1	128390
207	-5112244800	-0.1	128390
207	-5109566400	-1.5	128390
207	-5107060800	-2	128390
207	-5104382400	8.4	128390
207	-5101790400	16.8	128390
207	-5099112000	18.4	128390
207	-5096520000	21.3	128390
207	-5093841600	21.6	128390
207	-5091163200	17.2	128390
207	-5088571200	9.3	128390
207	-5085892800	3.8	128390
207	-5083300800	-5.1	128390
207	-5080622400	-2.8	128390
207	-5077944000	1.9	128390
207	-5075524800	4.2	128390
207	-5072846400	7.2	128390
207	-5070254400	16.5	128390
207	-5067576000	18.7	128390
207	-5064984000	19.9	128390
207	-5062305600	19.9	128390
207	-5059627200	16	128390
207	-5057035200	9.2	128390
207	-5054356800	3.2	128390
207	-5051764800	2.5	128390
207	-5049086400	-1	128390
207	-5046408000	0.1	128390
207	-5043988800	5.8	128390
207	-5041310400	10.1	128390
207	-5038718400	17	128390
207	-5036040000	15.8	128390
207	-5033448000	19.7	128390
207	-5030769600	20.1	128390
207	-5028091200	18.5	128390
207	-5025499200	10.1	128390
207	-5022820800	4.9	128390
207	-5020228800	1.5	128390
207	-5017550400	-4.5	128390
207	-5014872000	-1.2	128390
207	-5012452800	6.1	128390
207	-5009774400	11.4	128390
207	-5007182400	19	128390
207	-5004504000	22.4	128390
207	-5001912000	22.7	128390
207	-4999233600	21	128390
207	-4996555200	15.8	128390
207	-4993963200	13.5	128390
207	-4991284800	4	128390
207	-4988692800	-0.5	128390
207	-4986014400	-5.3	128390
207	-4983336000	1.4	128390
207	-4980830400	5.7	128390
207	-4978152000	6.5	128390
207	-4975560000	16.8	128390
207	-4972881600	19.4	128390
207	-4970289600	19.7	128390
207	-4967611200	18.8	128390
207	-4964932800	14.2	128390
207	-4962340800	12.8	128390
207	-4959662400	3.4	128390
207	-4957070400	-5.5	128390
207	-4954392000	-6.2	128390
207	-4951713600	1.7	128390
207	-4949294400	3.9	128390
207	-4946616000	12.6	128390
207	-4944024000	16.5	128390
207	-4941345600	16.6	128390
207	-4938753600	18.6	128390
207	-4936075200	18.2	128390
207	-4933396800	13.9	128390
207	-4930804800	9.8	128390
207	-4928126400	4.4	128390
207	-4925534400	2.5	128390
207	-4922856000	-1.7	128390
207	-4920177600	-3.8	128390
207	-4917758400	6.1	128390
207	-4915080000	12.1	128390
207	-4912488000	12.1	128390
207	-4909809600	16.7	128390
207	-4907217600	20.5	128390
207	-4904539200	19	128390
207	-4901860800	12.7	128390
207	-4899268800	9.4	128390
207	-4896590400	3.3	128390
207	-4893998400	2.6	128390
207	-4891320000	-2.6	128390
207	-4888641600	2.4	128390
207	-4886222400	5.9	128390
207	-4883544000	10.3	128390
207	-4880952000	15.8	128390
207	-4878273600	18.6	128390
207	-4875681600	17.8	128390
207	-4873003200	17.7	128390
207	-4870324800	13.8	128390
207	-4867732800	10.4	128390
207	-4865054400	3.5	128390
207	-4862462400	-3.3	128390
207	-4859784000	0.2	128390
207	-4857105600	-1.2	128390
207	-4854600000	4.7	128390
207	-4851921600	9.7	128390
207	-4849329600	14.2	128390
207	-4846651200	17.9	128390
207	-4844059200	17.7	128390
207	-4841380800	17.4	128390
207	-4838702400	14.5	128390
207	-4836110400	9.9	128390
207	-4833432000	4.8	128390
207	-4830840000	-2.1	128390
207	-4828161600	0.4	128390
207	-4825483200	4.1	128390
207	-4823064000	5.3	128390
207	-4820385600	5.1	128390
207	-4817793600	15.7	128390
207	-4815115200	19.4	128390
207	-4812523200	18.5	128390
207	-4809844800	18.5	128390
207	-4807166400	16.3	128390
207	-4804574400	8	128390
207	-4801896000	4.6	128390
207	-4799304000	0.6	128390
207	-4796625600	-0.8	128390
207	-4793947200	0.8	128390
207	-4791528000	6.7	128390
207	-4788849600	11.5	128390
207	-4786257600	15.7	128390
207	-4783579200	19.2	128390
207	-4780987200	20.5	128390
207	-4778308800	18.4	128390
207	-4775630400	15.8	128390
207	-4773038400	10.4	128390
207	-4770360000	4	128390
207	-4767768000	-1.4	128390
207	-4765089600	-3.6	128390
207	-4762411200	0.7	128390
207	-4759992000	6.2	128390
207	-4757313600	10.8	128390
207	-4754721600	14.1	128390
207	-4752043200	18.3	128390
207	-4749451200	20.3	128390
207	-4746772800	19.1	128390
207	-4744094400	16.1	128390
207	-4741502400	10.2	128390
207	-4738824000	5.6	128390
207	-4736232000	-1.1	128390
207	-4733553600	-5.3	128390
207	-4730875200	0.3	128390
207	-4728369600	3.8	128390
207	-4725691200	12.3	128390
207	-4723099200	17.2	128390
207	-4720420800	17	128390
207	-4717828800	19.1	128390
207	-4715150400	22.6	128390
207	-4712472000	14.1	128390
207	-4709880000	9.9	128390
207	-4707201600	4.5	128390
207	-4704609600	-1.2	128390
207	-4701931200	0.7	128390
207	-4699252800	-1.1	128390
207	-4696833600	3.1	128390
207	-4694155200	12.9	128390
207	-4691563200	15.6	128390
207	-4688884800	15.4	128390
207	-4686292800	17.9	128390
207	-4683614400	20.2	128390
207	-4680936000	17.4	128390
207	-4678344000	10.1	128390
207	-4675665600	6.2	128390
207	-4673073600	3.7	128390
207	-4670395200	0.6	128390
207	-4667716800	2.1	128390
207	-4665297600	8.4	128390
207	-4662619200	11.8	128390
207	-4660027200	17.4	128390
207	-4657348800	22	128390
207	-4654756800	22.2	128390
207	-4652078400	19.6	128390
207	-4649400000	16	128390
207	-4646808000	12.9	128390
207	-4644129600	4.3	128390
207	-4641537600	-0.6	128390
207	-4638859200	-6.7	128390
207	-4636180800	1.5	128390
207	-4633761600	6	128390
207	-4631083200	9.8	128390
207	-4628491200	16.1	128390
207	-4625812800	18.5	128390
207	-4623220800	19.2	128390
207	-4620542400	20.2	128390
207	-4617864000	16	128390
207	-4615272000	11.6	128390
207	-4612593600	3.9	128390
207	-4610001600	1.5	128390
207	-4607323200	0.6	128390
207	-4604644800	3.5	128390
207	-4602139200	5.5	128390
207	-4599460800	9.6	128390
207	-4596868800	14.8	128390
207	-4594190400	17.5	128390
207	-4591598400	20	128390
207	-4588920000	20.4	128390
207	-4586241600	17.5	128390
207	-4583649600	10.6	128390
207	-4580971200	4.9	128390
207	-4578379200	3.7	128390
207	-4575700800	1.8	128390
207	-4573022400	1.5	128390
207	-4570603200	3.1	128390
207	-4567924800	11.8	128390
207	-4565332800	16.2	128390
207	-4562654400	18.4	128390
207	-4560062400	19.8	128390
207	-4557384000	19.3	128390
207	-4554705600	15.8	128390
207	-4552113600	9.3	128390
207	-4549435200	6.6	128390
207	-4546843200	4.7	128390
207	-4544164800	-6.1	128390
207	-4541486400	-2.9	128390
207	-4539067200	5.1	128390
207	-4536388800	9.9	128390
207	-4533796800	13.1	128390
207	-4531118400	18.1	128390
207	-4528526400	21.1	128390
207	-4525848000	21	128390
207	-4523169600	16.3	128390
207	-4520577600	11.6	128390
207	-4517899200	4.3	128390
207	-4515307200	2.1	128390
207	-4512628800	-0.9	128390
207	-4509950400	-3.1	128390
207	-4507531200	6	128390
207	-4504852800	12.2	128390
207	-4502260800	17.1	128390
207	-4499582400	20.1	128390
207	-4496990400	22.3	128390
207	-4494312000	19.2	128390
207	-4491633600	16.1	128390
207	-4489041600	12.2	128390
207	-4486363200	1.6	128390
207	-4483771200	0.6	128390
207	-4481092800	-2.5	128390
207	-4478414400	-0.9	128390
207	-4475908800	6.3	128390
207	-4473230400	12.2	128390
207	-4470638400	15.3	128390
207	-4467960000	19.4	128390
207	-4465368000	21.1	128390
207	-4462689600	17.9	128390
207	-4460011200	13.8	128390
207	-4457419200	8.8	128390
207	-4454740800	4.3	128390
207	-4452148800	1	128390
207	-4449470400	-1.9	128390
207	-4446792000	-3.8	128390
207	-4444372800	3.6	128390
207	-4441694400	11.5	128390
207	-4439102400	13.8	128390
207	-4436424000	15.8	128390
207	-4433832000	20.7	128390
207	-4431153600	18.2	128390
207	-4428475200	16.8	128390
207	-4425883200	8.2	128390
207	-4423204800	-0.4	128390
207	-4420612800	-6.3	128390
207	-4417934400	-7.4	128390
207	-4415256000	-3.3	128390
207	-4412836800	3.5	128390
207	-4410158400	12.3	128390
207	-4407566400	16.7	128390
207	-4404888000	20.1	128390
207	-4402296000	21.4	128390
207	-4399617600	20.5	128390
207	-4396939200	14.3	128390
207	-4394347200	8.5	128390
207	-4391668800	6.6	128390
207	-4389076800	2.3	128390
207	-4386398400	-2.3	128390
207	-4383720000	-0.5	128390
207	-4381300800	5.5	128390
207	-4378622400	13	128390
207	-4376030400	14.7	128390
207	-4373352000	16.4	128390
207	-4370760000	20.3	128390
207	-4368081600	18.5	128390
207	-4365403200	13.7	128390
207	-4362811200	12.1	128390
207	-4360132800	4.2	128390
207	-4357540800	-0.1	128390
207	-4354862400	-1	128390
207	-4352184000	2	128390
207	-4349678400	5.2	128390
207	-4.347e+09	10.5	128390
207	-4344408000	13.6	128390
207	-4341729600	17.4	128390
207	-4339137600	18.1	128390
207	-4336459200	20.7	128390
207	-4333780800	13.6	128390
207	-4331188800	11.4	128390
207	-4328510400	2.9	128390
207	-4325918400	-2.5	128390
207	-4323240000	-7.8	128390
207	-4320561600	2.2	128390
207	-4318142400	5.9	128390
207	-4315464000	9.2	128390
207	-4312872000	19.2	128390
207	-4310193600	20.5	128390
207	-4307601600	18.6	128390
207	-4304923200	16.1	128390
207	-4302244800	14.1	128390
207	-4299652800	9.9	128390
207	-4296974400	4.2	128390
207	-4294382400	3.7	128390
207	-4291704000	2.8	128390
207	-4289025600	0.7	128390
207	-4286606400	3.6	128390
207	-4283928000	9	128390
207	-4281336000	19.1	128390
207	-4278657600	20.6	128390
207	-4276065600	24.6	128390
207	-4273387200	21.6	128390
207	-4270708800	18.9	128390
207	-4268116800	10	128390
207	-4265438400	4.5	128390
207	-4262846400	-0.1	128390
207	-4260168000	0	128390
207	-4257489600	2.9	128390
207	-4255070400	5.1	128390
207	-4252392000	9.4	128390
207	-4249800000	15.8	128390
207	-4247121600	18.5	128390
207	-4244529600	21.1	128390
207	-4241851200	19.8	128390
207	-4239172800	13.9	128390
207	-4236580800	10	128390
207	-4233902400	-1.3	128390
207	-4231310400	-3.9	128390
207	-4228632000	-3.9	128390
207	-4225953600	0.7	128390
207	-4223448000	9.4	128390
207	-4220769600	11.2	128390
207	-4218177600	12.9	128390
207	-4215499200	19.1	128390
207	-4212907200	19.7	128390
207	-4210228800	19.9	128390
207	-4207550400	15.6	128390
207	-4204958400	12.6	128390
207	-4202280000	2.6	128390
207	-4199688000	2.7	128390
207	-4197009600	-2.2	128390
207	-4194331200	-1.3	128390
207	-4191912000	2.3	128390
207	-4189233600	10	128390
207	-4186641600	13.2	128390
207	-4183963200	16.2	128390
207	-4181371200	17.6	128390
207	-4178692800	21.2	128390
207	-4176014400	12.9	128390
207	-4173422400	9.6	128390
207	-4170744000	3.8	128390
207	-4168152000	-2.9	128390
207	-4165473600	-7.4	128390
207	-4162795200	-4.1	128390
207	-4160376000	3.9	128390
207	-4157697600	8.2	128390
207	-4155105600	16.1	128390
207	-4152427200	17.9	128390
207	-4149835200	18.6	128390
207	-4147156800	17	128390
207	-4144478400	17.3	128390
207	-4141886400	7.9	128390
207	-4139208000	4.1	128390
207	-4136616000	-1.7	128390
207	-4133937600	-2.5	128390
207	-4131259200	-0.1	128390
207	-4128840000	1.6	128390
207	-4126161600	7.1	128390
207	-4123569600	14.1	128390
207	-4120891200	20.4	128390
207	-4118299200	21.7	128390
207	-4115620800	18.3	128390
207	-4112942400	16.3	128390
207	-4110350400	11.5	128390
207	-4107672000	6.4	128390
207	-4105080000	-0.2	128390
207	-4102401600	-4.7	128390
207	-4099723200	-0.1	128390
207	-4097217600	0.4	128390
207	-4094539200	9.7	128390
207	-4091947200	14.1	128390
207	-4089268800	17.1	128390
207	-4086676800	19.8	128390
207	-4083998400	17.8	128390
207	-4081320000	15.9	128390
207	-4078728000	6.5	128390
207	-4076049600	6.2	128390
207	-4073457600	-9.1	128390
207	-4070779200	-2	128390
207	-4068100800	-4.3	128390
207	-4065681600	4.4	128390
207	-4063003200	13.8	128390
207	-4060411200	18.1	128390
207	-4057732800	19	128390
207	-4055140800	20.8	128390
207	-4052462400	20	128390
207	-4049784000	15.8	128390
207	-4047192000	12.1	128390
207	-4044513600	4.4	128390
207	-4041921600	2.7	128390
207	-4039243200	-3.4	128390
207	-4036564800	-7.2	128390
207	-4034145600	4.6	128390
207	-4031467200	8.5	128390
207	-4028875200	15	128390
207	-4026196800	18	128390
207	-4023604800	20.1	128390
207	-4020926400	22.1	128390
207	-4018248000	15.6	128390
207	-4015656000	7.2	128390
207	-4012977600	2.5	128390
207	-4010385600	0.9	128390
207	-4007707200	0	128390
207	-4005028800	6.4	128390
207	-4002609600	3.3	128390
207	-3999931200	10.9	128390
207	-3997339200	13.7	128390
207	-3994660800	16.5	128390
207	-3992068800	19.5	128390
207	-3989390400	19.7	128390
207	-3986712000	13	128390
207	-3984120000	9.7	128390
207	-3981441600	2.8	128390
207	-3978849600	2.4	128390
207	-3976171200	-3.3	128390
207	-3973492800	-1.1	128390
207	-3970987200	3	128390
207	-3968308800	10.6	128390
207	-3965716800	16	128390
207	-3963038400	18.5	128390
207	-3960446400	18.1	128390
207	-3957768000	16.9	128390
207	-3955089600	15.5	128390
207	-3952497600	11.2	128390
207	-3949819200	6.4	128390
207	-3947227200	-3	128390
207	-3944548800	0.8	128390
207	-3941870400	-3.9	128390
207	-3939451200	-0.5	128390
207	-3936772800	11.4	128390
207	-3934180800	13.1	128390
207	-3931502400	19.8	128390
207	-3928910400	20.3	128390
207	-3926232000	17.4	128390
207	-3923553600	13.7	128390
207	-3920961600	10.8	128390
207	-3918283200	5.5	128390
207	-3915691200	1.4	128390
207	-3913012800	-0.8	128390
207	-3910334400	1.7	128390
207	-3907915200	7.1	128390
207	-3905236800	12	128390
207	-3902644800	16	128390
207	-3899966400	19.4	128390
207	-3897374400	21.5	128390
207	-3894696000	21.1	128390
207	-3892017600	16.3	128390
207	-3889425600	13.8	128390
207	-3886747200	1.9	128390
207	-3884155200	-1.8	128390
207	-3881476800	-4.6	128390
207	-3878798400	-1.3	128390
207	-3876379200	3.4	128390
207	-3873700800	10.2	128390
207	-3871108800	17.5	128390
207	-3868430400	15.5	128390
207	-3865838400	20.2	128390
207	-3863160000	21	128390
207	-3860481600	13	128390
207	-3857889600	8.7	128390
207	-3855211200	2.9	128390
207	-3852619200	-0.1	128390
207	-3849940800	-6.6	128390
207	-3847262400	1.7	128390
207	-3844756800	6.1	128390
207	-3842078400	12.9	128390
207	-3839486400	15.3	128390
207	-3836808000	21.7	128390
207	-3834216000	21.6	128390
207	-3831537600	20.4	128390
207	-3828859200	14.6	128390
207	-3826267200	12.6	128390
207	-3823588800	3.9	128390
207	-3820996800	-1.2	128390
207	-3818318400	-4.3	128390
207	-3815640000	3	128390
207	-3813220800	2.8	128390
207	-3810542400	10.3	128390
207	-3807950400	15.7	128390
207	-3805272000	20	128390
207	-3802680000	19.2	128390
207	-3800001600	18.1	128390
207	-3797323200	13.8	128390
207	-3794731200	10.2	128390
207	-3792052800	3.6	128390
207	-3789460800	-2.9	128390
207	-3786782400	-6.2	128390
207	-3784104000	1.4	128390
207	-3781684800	1.3	128390
207	-3779006400	12.5	128390
207	-3776414400	16.4	128390
207	-3773736000	20.1	128390
207	-3771144000	19.9	128390
207	-3768465600	20.8	128390
207	-3765787200	14	128390
207	-3763195200	9.8	128390
207	-3760516800	5	128390
207	-3757924800	0.6	128390
207	-3755246400	-1.6	128390
207	-3752568000	0.8	128390
207	-3750148800	6	128390
207	-3747470400	12.9	128390
207	-3744878400	13.2	128390
207	-3742200000	18	128390
207	-3739608000	19.2	128390
207	-3736929600	19.2	128390
207	-3734251200	13.8	128390
207	-3731659200	13.6	128390
207	-3728980800	0.8	128390
207	-3726388800	-0.9	128390
207	-3723710400	0	128390
207	-3721032000	2.1	128390
207	-3718526400	2.7	128390
207	-3715848000	8	128390
207	-3713256000	16.9	128390
207	-3710577600	19.6	128390
207	-3707985600	21.3	128390
207	-3705307200	19.5	128390
207	-3702628800	16.2	128390
207	-3700036800	8.4	128390
207	-3697358400	6.5	128390
207	-3694766400	2.5	128390
207	-3692088000	0.9	128390
207	-3689409600	0.1	128390
207	-3686990400	2.7	128390
207	-3684312000	6.7	128390
207	-3681720000	15.9	128390
207	-3679041600	18.9	128390
207	-3676449600	21.8	128390
207	-3673771200	20	128390
207	-3671092800	15	128390
207	-3668500800	10.8	128390
207	-3665822400	3.6	128390
207	-3663230400	-4.1	128390
207	-3660552000	-1.8	128390
207	-3657873600	-0.5	128390
207	-3655454400	3.5	128390
207	-3652776000	9.8	128390
207	-3650184000	17.1	128390
207	-3647505600	18.5	128390
207	-3644913600	20.7	128390
207	-3642235200	18.6	128390
207	-3639556800	14.4	128390
207	-3636964800	10.5	128390
207	-3634286400	1.7	128390
207	-3631694400	1.9	128390
207	-3629016000	-2.5	128390
207	-3626337600	-2.5	128390
207	-3623918400	4.8	128390
207	-3621240000	9.6	128390
207	-3618648000	15.1	128390
207	-3615969600	20.2	128390
207	-3613377600	21	128390
207	-3610699200	20.4	128390
207	-3608020800	14.6	128390
207	-3605428800	12.9	128390
207	-3602750400	4.4	128390
207	-3600158400	-5.7	128390
207	-3597480000	-0.6	128390
207	-3594801600	0.7	128390
207	-3592296000	1.6	128390
207	-3589617600	11.5	128390
207	-3587025600	14.6	128390
207	-3584347200	19.8	128390
207	-3581755200	18.6	128390
207	-3579076800	20.7	128390
207	-3576398400	15	128390
207	-3573806400	11	128390
207	-3571128000	0	128390
207	-3568536000	-1.5	128390
207	-3565857600	-0.8	128390
207	-3563179200	-2.5	128390
207	-3560760000	3.1	128390
207	-3558081600	11.1	128390
207	-3555489600	16.8	128390
207	-3552811200	18.3	128390
207	-3550219200	21.8	128390
207	-3547540800	21.6	128390
207	-3544862400	16	128390
207	-3542270400	13.1	128390
207	-3539592000	2.2	128390
207	-3.537e+09	0.1	128390
207	-3534321600	-4.5	128390
207	-3531643200	-7.3	128390
207	-3529224000	1.6	128390
207	-3526545600	8.7	128390
207	-3523953600	15.1	128390
207	-3521275200	20.9	128390
207	-3518683200	22.5	128390
207	-3516004800	19.9	128390
207	-3513326400	17.5	128390
207	-3510734400	13.8	128390
207	-3508056000	0.5	128390
207	-3505464000	-0.2	128390
207	-3502785600	-2.1	128390
207	-3500107200	2	128390
207	-3497688000	6.1	128390
207	-3495009600	10.2	128390
207	-3492417600	15	128390
207	-3489739200	18.4	128390
207	-3487147200	23.5	128390
207	-3484468800	22.4	128390
207	-3481790400	14.5	128390
207	-3479198400	11.4	128390
207	-3476520000	3	128390
207	-3473928000	-2.7	128390
207	-3471249600	0.6	128390
207	-3468571200	-1	128390
207	-3466065600	2.8	128390
207	-3463387200	11	128390
207	-3460795200	16.6	128390
207	-3458116800	19.3	128390
207	-3455524800	18.3	128390
207	-3452846400	19.5	128390
207	-3450168000	16.2	128390
207	-3447576000	7.9	128390
207	-3444897600	3.2	128390
207	-3442305600	-0.6	128390
207	-3439627200	-4.3	128390
207	-3436948800	3.6	128390
207	-3434529600	5.1	128390
207	-3431851200	8.6	128390
207	-3429259200	12.5	128390
207	-3426580800	20.7	128390
207	-3423988800	21.2	128390
207	-3421310400	21.9	128390
207	-3418632000	16.7	128390
207	-3416040000	10.8	128390
207	-3413361600	4.6	128390
207	-3410769600	-3	128390
207	-3408091200	-3.4	128390
207	-3405412800	-1.1	128390
207	-3402993600	6.6	128390
207	-3400315200	13.2	128390
207	-3397723200	17.2	128390
207	-3395044800	18.8	128390
207	-3392452800	21.2	128390
207	-3389774400	20.2	128390
207	-3387096000	17	128390
207	-3384504000	12.3	128390
207	-3381825600	4.5	128390
207	-3379233600	-1.8	128390
207	-3376555200	1.2	128390
207	-3373876800	1.5	128390
207	-3371457600	7.1	128390
207	-3368779200	10.2	128390
207	-3366187200	18	128390
207	-3363508800	19.6	128390
207	-3360916800	20.6	128390
207	-3358238400	22.1	128390
207	-3355560000	17.8	128390
207	-3352968000	12.6	128390
207	-3350289600	5.4	128390
207	-3347697600	0.1	128390
207	-3345019200	-8.4	128390
207	-3342340800	-0.5	128390
207	-3339835200	6.5	128390
207	-3337156800	7.3	128390
207	-3334564800	12.6	128390
207	-3331886400	19.4	128390
207	-3329294400	18.6	128390
207	-3326616000	18.2	128390
207	-3323937600	16	128390
207	-3321345600	9	128390
207	-3318667200	4.1	128390
207	-3316075200	-3	128390
207	-3313396800	-0.4	128390
207	-3310718400	-3.4	128390
207	-3308299200	0.1	128390
207	-3305620800	11.9	128390
207	-3303028800	18.4	128390
207	-3300350400	16.7	128390
207	-3297758400	23.6	128390
207	-3295080000	19.8	128390
207	-3292401600	15.6	128390
207	-3289809600	10.9	128390
207	-3287131200	5.2	128390
207	-3284539200	-0.6	128390
207	-3281860800	-0.6	128390
207	-3279182400	2.7	128390
207	-3276763200	6	128390
207	-3274084800	12.9	128390
207	-3271492800	12.9	128390
207	-3268814400	22.1	128390
207	-3266222400	20.6	128390
207	-3263544000	18.1	128390
207	-3260865600	18.3	128390
207	-3258273600	7.8	128390
207	-3255595200	3.6	128390
207	-3253003200	-0.9	128390
207	-3250324800	0	128390
207	-3247646400	3	128390
207	-3245227200	2.6	128390
207	-3242548800	10.6	128390
207	-3239956800	15.9	128390
207	-3237278400	18.4	128390
207	-3234686400	19.4	128390
207	-3232008000	20.6	128390
207	-3229329600	16.3	128390
207	-3226737600	9.3	128390
207	-3224059200	1.9	128390
207	-3221467200	-2.4	128390
207	-3218788800	-1.3	128390
207	-3216110400	1.7	128390
207	-3213604800	4.1	128390
207	-3210926400	10.2	128390
207	-3208334400	18.4	128390
207	-3205656000	21	128390
207	-3203064000	21.3	128390
207	-3200385600	20.6	128390
207	-3197707200	17.7	128390
207	-3195115200	12.3	128390
207	-3192436800	3.5	128390
207	-3189844800	3	128390
207	-3187166400	-3.7	128390
207	-3184488000	3.5	128390
207	-3182068800	3.9	128390
207	-3179390400	13.2	128390
207	-3176798400	19.3	128390
207	-3174120000	17.6	128390
207	-3171528000	23	128390
207	-3168849600	19.4	128390
207	-3166171200	16.3	128390
207	-3163579200	8.5	128390
207	-3160900800	4.2	128390
207	-3158308800	1	128390
207	-3155630400	-1.6	128390
207	-3152952000	-5.2	128390
207	-3150532800	2.5	128390
207	-3147854400	9.7	128390
207	-3145262400	16.8	128390
207	-3142584000	17.9	128390
207	-3139992000	21.6	128390
207	-3137313600	17.6	128390
207	-3134635200	12.6	128390
207	-3132043200	9	128390
207	-3129364800	5.5	128390
207	-3126772800	-3.6	128390
207	-3124094400	-3	128390
207	-3121416000	-1.3	128390
207	-3118996800	5.3	128390
207	-3116318400	9.8	128390
207	-3113726400	12.3	128390
207	-3111048000	16.4	128390
207	-3108456000	21.8	128390
207	-3105777600	20.8	128390
207	-3103099200	16.9	128390
207	-3100507200	8.2	128390
207	-3097828800	3.7	128390
207	-3095236800	-7.3	128390
207	-3092558400	-1.4	128390
207	-3089880000	0.9	128390
207	-3087374400	6.2	128390
207	-3084696000	13	128390
207	-3082104000	18.5	128390
207	-3079425600	18.2	128390
207	-3076833600	21.4	128390
207	-3074155200	19.5	128390
207	-3071476800	17.1	128390
207	-3068884800	13.3	128390
207	-3066206400	7	128390
207	-3063614400	2.9	128390
207	-3060936000	0.7	128390
207	-3058257600	1.1	128390
207	-3055838400	8	128390
207	-3053160000	9.7	128390
207	-3050568000	12.5	128390
207	-3047889600	17.9	128390
207	-3045297600	22.6	128390
207	-3042619200	21.9	128390
207	-3039940800	14.7	128390
207	-3037348800	12.7	128390
207	-3034670400	5	128390
207	-3032078400	-1	128390
207	-3029400000	-1.4	128390
207	-3026721600	-0.2	128390
207	-3024302400	3.6	128390
207	-3021624000	12.9	128390
207	-3019032000	12.5	128390
207	-3016353600	20.5	128390
207	-3013761600	23.4	128390
207	-3011083200	19.3	128390
207	-3008404800	17.5	128390
207	-3005812800	10.5	128390
207	-3003134400	0.7	128390
207	-3000542400	0.9	128390
207	-2997864000	-1.8	128390
207	-2995185600	-5	128390
207	-2992766400	-0.5	128390
207	-2990088000	9.1	128390
207	-2987496000	16.1	128390
207	-2984817600	22.6	128390
207	-2982225600	20.7	128390
207	-2979547200	20.6	128390
207	-2976868800	14.3	128390
207	-2974276800	8.6	128390
207	-2971598400	3.3	128390
207	-2969006400	-2.6	128390
207	-2966328000	-5.4	128390
207	-2963649600	-0.9	128390
207	-2961144000	6.8	128390
207	-2958465600	14.1	128390
207	-2955873600	12.2	128390
207	-2953195200	20	128390
207	-2950603200	21.1	128390
207	-2947924800	20.9	128390
207	-2945246400	14.4	128390
207	-2942654400	11.4	128390
207	-2939976000	0.5	128390
207	-2937384000	2.7	128390
207	-2934705600	1	128390
207	-2932027200	1.5	128390
207	-2929608000	3.8	128390
207	-2926929600	8.8	128390
207	-2924337600	13.3	128390
207	-2921659200	20.8	128390
207	-2919067200	20.6	128390
207	-2916388800	22.1	128390
207	-2913710400	12.8	128390
207	-2911118400	7.6	128390
207	-2908440000	4.6	128390
207	-2905848000	-0.5	128390
207	-2903169600	-3.3	128390
207	-2900491200	1.5	128390
207	-2898072000	3.9	128390
207	-2895393600	11.1	128390
207	-2892801600	16.3	128390
207	-2890123200	18.9	128390
207	-2887531200	19.4	128390
207	-2884852800	20.1	128390
207	-2882174400	17.5	128390
207	-2879582400	11.9	128390
207	-2876904000	5.4	128390
207	-2874312000	-1.9	128390
207	-2871633600	-2.8	128390
207	-2868955200	2.2	128390
207	-2866536000	3.8	128390
207	-2863857600	10.2	128390
207	-2861265600	14.1	128390
207	-2858587200	20.1	128390
207	-2855995200	18.5	128390
207	-2853316800	20.2	128390
207	-2850638400	17.2	128390
207	-2848046400	8.8	128390
207	-2845368000	1.1	128390
207	-2842776000	-10.7	128390
207	-2840097600	-3.7	128390
207	-2837419200	-1.7	128390
207	-2834913600	3	128390
207	-2832235200	13.5	128390
207	-2829643200	14.8	128390
207	-2826964800	18.6	128390
207	-2824372800	22.9	128390
207	-2821694400	17.8	128390
207	-2819016000	15.5	128390
207	-2816424000	9.9	128390
207	-2813745600	4.9	128390
207	-2811153600	2.3	128390
207	-2808475200	-4.8	128390
207	-2805796800	-2.1	128390
207	-2803377600	4.4	128390
207	-2800699200	7.7	128390
207	-2798107200	15.5	128390
207	-2795428800	18.1	128390
207	-2792836800	21.7	128390
207	-2790158400	20.2	128390
207	-2787480000	14.3	128390
207	-2784888000	7.5	128390
207	-2782209600	2.4	128390
207	-2779617600	-0.3	128390
207	-2776939200	0.1	128390
207	-2774260800	1.4	128390
207	-2771841600	9.6	128390
207	-2769163200	11	128390
207	-2766571200	15.7	128390
207	-2763892800	17.1	128390
207	-2761300800	21.2	128390
207	-2758622400	17.3	128390
207	-2755944000	15.8	128390
207	-2753352000	10.3	128390
207	-2750673600	4.8	128390
207	-2748081600	1.5	128390
207	-2745403200	-2.3	128390
207	-2742724800	0.9	128390
207	-2740305600	0.6	128390
207	-2737627200	8.4	128390
207	-2735035200	15.5	128390
207	-2732356800	19	128390
207	-2729764800	20.6	128390
207	-2727086400	19.1	128390
207	-2724408000	15	128390
207	-2721816000	10.1	128390
207	-2719137600	3.5	128390
207	-2716545600	-0.3	128390
207	-2713867200	0.5	128390
207	-2711188800	1.9	128390
207	-2708683200	5.8	128390
207	-2706004800	9.4	128390
207	-2703412800	16.5	128390
207	-2700734400	16.5	128390
207	-2698142400	21.3	128390
207	-2695464000	18.3	128390
207	-2692785600	15.6	128390
207	-2690193600	8.9	128390
207	-2687515200	1.2	128390
207	-2684923200	1	128390
207	-2682244800	-1.5	128390
207	-2679566400	1.7	128390
207	-2677147200	6.1	128390
207	-2674468800	13.2	128390
207	-2671876800	13.8	128390
207	-2669198400	20.7	128390
207	-2666606400	21	128390
207	-2663928000	18.2	128390
207	-2661249600	16.3	128390
207	-2658657600	10.2	128390
207	-2655979200	5.2	128390
207	-2653387200	-2.7	128390
207	-2650708800	-0.7	128390
207	-2648030400	-2.5	128390
207	-2645611200	1.1	128390
207	-2642932800	12.1	128390
207	-2640340800	15.9	128390
207	-2637662400	18	128390
207	-2635070400	21.1	128390
207	-2632392000	20.6	128390
207	-2629713600	17.6	128390
207	-2627121600	11	128390
207	-2624443200	5.4	128390
207	-2621851200	1.8	128390
207	-2619172800	-2.5	128390
207	-2616494400	-2.1	128390
207	-2614075200	2.1	128390
207	-2611396800	9.7	128390
207	-2608804800	13.7	128390
207	-2606126400	16.8	128390
207	-2603534400	22.7	128390
207	-2600856000	19.1	128390
207	-2598177600	16.6	128390
207	-2595585600	6.8	128390
207	-2592907200	5.2	128390
207	-2590315200	-2.7	128390
207	-2587636800	-5	128390
207	-2584958400	-3.8	128390
207	-2582452800	5	128390
207	-2579774400	9.7	128390
207	-2577182400	15.9	128390
207	-2574504000	19.1	128390
207	-2571912000	19.3	128390
207	-2569233600	19.6	128390
207	-2566555200	16	128390
207	-2563963200	8.8	128390
207	-2561284800	0.9	128390
207	-2558692800	-0.3	128390
207	-2556014400	-2.6	128390
207	-2553336000	-1.3	128390
207	-2550916800	2	128390
207	-2548238400	10.5	128390
207	-2545646400	18.4	128390
207	-2542968000	21.4	128390
207	-2540376000	20.7	128390
207	-2537697600	19.2	128390
207	-2535019200	12.7	128390
207	-2532427200	11.6	128390
207	-2529748800	3.5	128390
207	-2527156800	-4.6	128390
207	-2524478400	-0.4	128390
207	-2521800000	-1.5	128390
207	-2519380800	6.2	128390
207	-2516702400	11.1	128390
207	-2514110400	17.1	128390
207	-2511432000	17	128390
207	-2508840000	20.8	128390
207	-2506161600	23	128390
207	-2503483200	15.1	128390
207	-2500891200	9.1	128390
207	-2498212800	5.3	128390
207	-2495620800	-3.9	128390
207	-2492942400	-6.9	128390
207	-2490264000	-4.3	128390
207	-2487844800	3.7	128390
207	-2485166400	8.4	128390
207	-2482574400	17.9	128390
207	-2479896000	17.9	128390
207	-2477304000	20	128390
207	-2474625600	18.9	128390
207	-2471947200	15.9	128390
207	-2469355200	12.2	128390
207	-2466676800	3.9	128390
207	-2464084800	0.7	128390
207	-2461406400	-2.5	128390
207	-2458728000	-0.4	128390
207	-2456222400	2.2	128390
207	-2453544000	10.4	128390
207	-2450952000	14.5	128390
207	-2448273600	18.2	128390
207	-2445681600	19.6	128390
207	-2443003200	21.9	128390
207	-2440324800	18.1	128390
207	-2437732800	10.4	128390
207	-2435054400	1.7	128390
207	-2432462400	-3.8	128390
207	-2429784000	-9.8	128390
207	-2427105600	-0.3	128390
207	-2424686400	4.9	128390
207	-2422008000	9.5	128390
207	-2419416000	14.9	128390
207	-2416737600	17.3	128390
207	-2414145600	20.1	128390
207	-2411467200	19	128390
207	-2408788800	15.1	128390
207	-2406196800	11.3	128390
207	-2403518400	3.6	128390
207	-2400926400	0.3	128390
207	-2398248000	-3.5	128390
207	-2395569600	1.7	128390
207	-2393150400	6	128390
207	-2390472000	12.9	128390
207	-2387880000	15.4	128390
207	-2385201600	16.9	128390
207	-2382609600	22.4	128390
207	-2379931200	20.1	128390
207	-2377252800	14	128390
207	-2374660800	10.7	128390
207	-2371982400	4.2	128390
207	-2369390400	-1.2	128390
207	-2366712000	-2.3	128390
207	-2364033600	-5.5	128390
207	-2361614400	2.4	128390
207	-2358936000	10	128390
207	-2356344000	15.1	128390
207	-2353665600	18.1	128390
207	-2351073600	21.2	128390
207	-2348395200	18.8	128390
207	-2345716800	16.6	128390
207	-2343124800	9.9	128390
207	-2340446400	5.2	128390
207	-2337854400	-0.6	128390
207	-2335176000	-7.2	128390
207	-2332497600	-0.4	128390
207	-2329992000	6.2	128390
207	-2327313600	7.9	128390
207	-2324721600	14.8	128390
207	-2322043200	19.3	128390
207	-2319451200	20.8	128390
207	-2316772800	18.2	128390
207	-2314094400	15.8	128390
207	-2311502400	12.9	128390
207	-2308824000	2.9	128390
207	-2306232000	0	128390
207	-2303553600	-0.7	128390
207	-2300875200	1.4	128390
207	-2298456000	6.8	128390
207	-2295777600	10.4	128390
207	-2293185600	13.9	128390
207	-2290507200	19.4	128390
207	-2287915200	20.4	128390
207	-2285236800	20.1	128390
207	-2282558400	16.2	128390
207	-2279966400	8.4	128390
207	-2277288000	1	128390
207	-2274696000	-2.3	128390
207	-2272017600	-1.4	128390
207	-2269339200	1	128390
207	-2266920000	5.2	128390
207	-2264241600	10.9	128390
207	-2261649600	15.8	128390
207	-2258971200	17.4	128390
207	-2256379200	18.3	128390
207	-2253700800	20.3	128390
207	-2251022400	14.8	128390
207	-2248430400	10	128390
207	-2245752000	5.6	128390
207	-2243160000	0.8	128390
207	-2240481600	1.1	128390
207	-2237803200	0.4	128390
207	-2235384000	2.9	128390
207	-2232705600	10.4	128390
207	-2230113600	13.7	128390
207	-2227435200	16.3	128390
207	-2224843200	19.3	128390
207	-2222164800	18.7	128390
207	-2219486400	14.8	128390
207	-2216894400	9.1	128390
207	-2214216000	5.1	128390
207	-2211624000	-3.6	128390
207	-2208945600	0	128390
207	-2206267200	4	128390
207	-2203848000	2.2	128390
207	-2201169600	9.8	128390
207	-2198577600	14.1	128390
207	-2195899200	18.4	128390
207	-2193307200	21.6	128390
207	-2190628800	19.4	128390
207	-2187950400	16.2	128390
207	-2185358400	10.9	128390
207	-2182680000	6.7	128390
207	-2180088000	1	128390
207	-2177409600	-5.8	128390
207	-2174731200	-3.1	128390
207	-2172312000	4.8	128390
207	-2169633600	10.7	128390
207	-2167041600	15.8	128390
207	-2164363200	19.9	128390
207	-2161771200	21.2	128390
207	-2159092800	19.7	128390
207	-2156414400	14.8	128390
207	-2153822400	11.5	128390
207	-2151144000	3.7	128390
207	-2148552000	3.1	128390
207	-2145873600	2.3	128390
207	-2143195200	1.7	128390
207	-2140776000	4.4	128390
207	-2138097600	9.5	128390
207	-2135505600	11.4	128390
207	-2132827200	17.4	128390
207	-2130235200	19.1	128390
207	-2127556800	20	128390
207	-2124878400	15	128390
207	-2122286400	9.7	128390
207	-2119608000	1.4	128390
207	-2117016000	-4.2	128390
207	-2114337600	-2.2	128390
207	-2111659200	2.9	128390
207	-2109240000	7.6	128390
207	-2106561600	7.6	128390
207	-2103969600	15.4	128390
207	-2101291200	18	128390
207	-2098699200	19.8	128390
207	-2096020800	19	128390
207	-2093342400	16	128390
207	-2090750400	10.6	128390
207	-2088072000	5.5	128390
207	-2085480000	1.4	128390
207	-2082801600	-2.6	128390
207	-2080123200	2.6	128390
207	-2077617600	5.5	128390
207	-2074939200	10.9	128390
207	-2072347200	14.8	128390
207	-2069668800	18.8	128390
207	-2067076800	22.7	128390
207	-2064398400	20.5	128390
207	-2061720000	14.7	128390
207	-2059128000	10.5	128390
207	-2056449600	2.2	128390
207	-2053857600	1.3	128390
207	-2051179200	-4.3	128390
207	-2048500800	0.7	128390
207	-2046081600	6.1	128390
207	-2043403200	8.5	128390
207	-2040811200	15.4	128390
207	-2038132800	19.3	128390
207	-2035540800	22.5	128390
207	-2032862400	21.2	128390
207	-2030184000	16.9	128390
207	-2027592000	6	128390
207	-2024913600	5.7	128390
207	-2022321600	1.2	128390
207	-2019643200	-1.2	128390
207	-2016964800	1.7	128390
207	-2014545600	5.1	128390
207	-2011867200	11.2	128390
207	-2009275200	16.2	128390
207	-2006596800	18	128390
207	-2004004800	20.4	128390
207	-2001326400	19.1	128390
207	-1998648000	14.2	128390
207	-1996056000	10	128390
207	-1993377600	7.3	128390
207	-1990785600	-1.3	128390
207	-1988107200	-2.8	128390
207	-1985428800	-2.3	128390
207	-1983009600	2.3	128390
207	-1980331200	7.4	128390
207	-1977739200	17.3	128390
207	-1975060800	18.9	128390
207	-1972468800	18.7	128390
207	-1969790400	19.3	128390
207	-1967112000	15.4	128390
207	-1964520000	14.8	128390
207	-1961841600	3.6	128390
207	-1959249600	1.8	128390
207	-1956571200	-2.9	128390
207	-1953892800	1.4	128390
207	-1951387200	4.4	128390
207	-1948708800	9.2	128390
207	-1946116800	17.9	128390
207	-1943438400	20.4	128390
207	-1940846400	20.6	128390
207	-1938168000	17.8	128390
207	-1935489600	14.5	128390
207	-1932897600	9.8	128390
207	-1930219200	0.1	128390
207	-1927627200	-1.1	128390
207	-1924948800	-3.5	128390
207	-1922270400	-2.6	128390
207	-1919851200	4.3	128390
207	-1917172800	10.6	128390
207	-1914580800	14.4	128390
207	-1911902400	18.3	128390
207	-1909310400	19	128390
207	-1906632000	20.7	128390
207	-1903953600	16.7	128390
207	-1901361600	13	128390
207	-1898683200	3.7	128390
207	-1896091200	2.7	128390
207	-1893412800	0.4	128390
207	-1890734400	4.2	128390
207	-1888315200	6.5	128390
207	-1885636800	9.9	128390
207	-1883044800	15.3	128390
207	-1880366400	19.1	128390
207	-1877774400	19.4	128390
207	-1875096000	19.2	128390
207	-1872417600	13.4	128390
207	-1869825600	9.2	128390
207	-1867147200	2.9	128390
207	-1864555200	3.5	128390
207	-1861876800	-0.1	128390
207	-1859198400	-1.5	128390
207	-1856779200	4.7	128390
207	-1854100800	9.6	128390
207	-1851508800	15.2	128390
207	-1848830400	17.8	128390
207	-1846238400	21.4	128390
207	-1843560000	20.9	128390
207	-1840881600	15.9	128390
207	-1838289600	9.3	128390
207	-1835611200	6.6	128390
207	-1833019200	2.2	128390
207	-1830340800	-4.4	128390
207	-1827662400	1.7	128390
207	-1825156800	6.9	128390
207	-1822478400	8.2	128390
207	-1819886400	14.5	128390
207	-1817208000	19.1	128390
207	-1814616000	20.2	128390
207	-1811937600	17.7	128390
207	-1809259200	10.4	128390
207	-1806667200	7.3	128390
207	-1803988800	1.5	128390
207	-1801396800	1.2	128390
207	-1798718400	-3	128390
207	-1796040000	-1.2	128390
207	-1793620800	7.1	128390
207	-1790942400	9.6	128390
207	-1788350400	14.5	128390
207	-1785672000	17.8	128390
207	-1783080000	17.1	128390
207	-1780401600	17.4	128390
207	-1777723200	15.1	128390
207	-1775131200	9.7	128390
207	-1772452800	5.8	128390
207	-1769860800	1.6	128390
207	-1767182400	-5.1	128390
207	-1764504000	-2.2	128390
207	-1762084800	5.8	128390
207	-1759406400	12.3	128390
207	-1756814400	14.8	128390
207	-1754136000	17.4	128390
207	-1751544000	19	128390
207	-1748865600	19.1	128390
207	-1746187200	13.6	128390
207	-1743595200	8.9	128390
207	-1740916800	2.5	128390
207	-1738324800	2.2	128390
207	-1735646400	1.1	128390
207	-1732968000	1.1	128390
207	-1730548800	2.5	128390
207	-1727870400	10	128390
207	-1725278400	16.3	128390
207	-1722600000	19.6	128390
207	-1720008000	19.3	128390
207	-1717329600	17.5	128390
207	-1714651200	12.6	128390
207	-1712059200	8.5	128390
207	-1709380800	2.3	128390
207	-1706788800	4	128390
207	-1704110400	2.7	128390
207	-1701432000	0.4	128390
207	-1698926400	8.2	128390
207	-1696248000	10.5	128390
207	-1693656000	15.4	128390
207	-1690977600	16.8	128390
207	-1688385600	19.9	128390
207	-1685707200	18.8	128390
207	-1683028800	13.8	128390
207	-1680436800	9.5	128390
207	-1677758400	5.8	128390
207	-1675166400	3.4	128390
207	-1672488000	-0.6	128390
207	-1669809600	-5.1	128390
207	-1667390400	2.9	128390
207	-1664712000	8.2	128390
207	-1662120000	16.1	128390
207	-1659441600	20.8	128390
207	-1656849600	21.5	128390
207	-1654171200	21.5	128390
207	-1651492800	17	128390
207	-1648900800	10.5	128390
207	-1646222400	5.9	128390
207	-1643630400	-2.1	128390
207	-1640952000	0	128390
207	-1638273600	0.7	128390
207	-1635854400	5.7	128390
207	-1633176000	12.9	128390
207	-1630584000	15.7	128390
207	-1627905600	16.5	128390
207	-1625313600	19.8	128390
207	-1622635200	18.8	128390
207	-1619956800	16.1	128390
207	-1617364800	10.3	128390
207	-1614686400	2.4	128390
207	-1612094400	0.6	128390
207	-1609416000	1.4	128390
207	-1606737600	0.4	128390
207	-1604318400	5.6	128390
207	-1601640000	9.6	128390
207	-1599048000	11.2	128390
207	-1596369600	17.7	128390
207	-1593777600	18.4	128390
207	-1591099200	19.3	128390
207	-1588420800	17.4	128390
207	-1585828800	8.9	128390
207	-1583150400	2.5	128390
207	-1580558400	0.2	128390
207	-1577880000	2	128390
207	-1575201600	1.4	128390
207	-1572696000	7.3	128390
207	-1570017600	13.6	128390
207	-1567425600	17.8	128390
207	-1564747200	16.9	128390
207	-1562155200	20.9	128390
207	-1559476800	17.8	128390
207	-1556798400	15.3	128390
207	-1554206400	7.2	128390
207	-1551528000	-0.5	128390
207	-1548936000	1.6	128390
207	-1546257600	3.5	128390
207	-1543579200	0.8	128390
207	-1541160000	6.5	128390
207	-1538481600	9.9	128390
207	-1535889600	16.9	128390
207	-1533211200	17.1	128390
207	-1530619200	21.5	128390
207	-1527940800	20.7	128390
207	-1525262400	15.1	128390
207	-1522670400	10.7	128390
207	-1519992000	1.7	128390
207	-1517400000	-0.1	128390
207	-1514721600	-2.6	128390
207	-1512043200	-3.2	128390
207	-1509624000	6.1	128390
207	-1506945600	8.8	128390
207	-1504353600	16.1	128390
207	-1501675200	19.5	128390
207	-1499083200	20.3	128390
207	-1496404800	19.7	128390
207	-1493726400	13.2	128390
207	-1491134400	7.8	128390
207	-1488456000	1.6	128390
207	-1485864000	-0.4	128390
207	-1483185600	0.7	128390
207	-1480507200	0.8	128390
207	-1478088000	6.1	128390
207	-1475409600	8.8	128390
207	-1472817600	16.8	128390
207	-1470139200	15.6	128390
207	-1467547200	21.1	128390
207	-1464868800	20.1	128390
207	-1462190400	16.1	128390
207	-1459598400	12.8	128390
207	-1456920000	5.9	128390
207	-1454328000	0.1	128390
207	-1451649600	-4.2	128390
207	-1448971200	-1.4	128390
207	-1446465600	3.9	128390
207	-1443787200	8.8	128390
207	-1441195200	17.5	128390
207	-1438516800	18.8	128390
207	-1435924800	19.8	128390
207	-1433246400	18	128390
207	-1430568000	16.7	128390
207	-1427976000	10.4	128390
207	-1425297600	2.3	128390
207	-1422705600	-1.1	128390
207	-1420027200	-0.9	128390
207	-1417348800	4.7	128390
207	-1414929600	4.2	128390
207	-1412251200	10.6	128390
207	-1409659200	17.1	128390
207	-1406980800	17.1	128390
207	-1404388800	20.3	128390
207	-1401710400	19.4	128390
207	-1399032000	13.6	128390
207	-1396440000	10.6	128390
207	-1393761600	5	128390
207	-1391169600	-3.4	128390
207	-1388491200	-0.9	128390
207	-1385812800	4	128390
207	-1383393600	4.7	128390
207	-1380715200	12	128390
207	-1378123200	14.7	128390
207	-1375444800	16.7	128390
207	-1372852800	19.5	128390
207	-1370174400	17.7	128390
207	-1367496000	16.7	128390
207	-1364904000	11.1	128390
207	-1362225600	9.4	128390
207	-1359633600	1	128390
207	-1356955200	1.6	128390
207	-1354276800	-0.3	128390
207	-1351857600	7.6	128390
207	-1349179200	9.9	128390
207	-1346587200	14.2	128390
207	-1343908800	19.7	128390
207	-1341316800	21.3	128390
207	-1338638400	20.4	128390
207	-1335960000	16.3	128390
207	-1333368000	9.5	128390
207	-1330689600	5.2	128390
207	-1328097600	-4.1	128390
207	-1325419200	-1.4	128390
207	-1322740800	1.2	128390
207	-1320235200	3.6	128390
207	-1317556800	11	128390
207	-1314964800	12.7	128390
207	-1312286400	17.7	128390
207	-1309694400	23.4	128390
207	-1307016000	21.2	128390
207	-1304337600	16	128390
207	-1301745600	10.2	128390
207	-1299067200	7	128390
207	-1296475200	-0.5	128390
207	-1293796800	-4.9	128390
207	-1291118400	-8.6	128390
207	-1288699200	1.4	128390
207	-1286020800	6.7	128390
207	-1283428800	16.6	128390
207	-1280750400	17.7	128390
207	-1278158400	20.9	128390
207	-1275480000	22	128390
207	-1272801600	16.2	128390
207	-1270209600	11.9	128390
207	-1267531200	6.3	128390
207	-1264939200	2.1	128390
207	-1262260800	-0.8	128390
207	-1259582400	0.6	128390
207	-1257163200	6.7	128390
207	-1254484800	11.6	128390
207	-1251892800	14.8	128390
207	-1249214400	20.9	128390
207	-1246622400	20.6	128390
207	-1243944000	19.2	128390
207	-1241265600	17	128390
207	-1238673600	10.4	128390
207	-1235995200	6.9	128390
207	-1233403200	0.4	128390
207	-1230724800	-0.7	128390
207	-1228046400	0.8	128390
207	-1225627200	1.2	128390
207	-1222948800	8.2	128390
207	-1220356800	18.3	128390
207	-1217678400	20.8	128390
207	-1215086400	22.2	128390
207	-1212408000	19.1	128390
207	-1209729600	11.8	128390
207	-1207137600	9.1	128390
207	-1204459200	3.8	128390
207	-1201867200	-1.3	128390
207	-1199188800	-2.3	128390
207	-1196510400	-3.2	128390
207	-1194004800	0.7	128390
207	-1191326400	10.3	128390
207	-1188734400	16.1	128390
207	-1186056000	17.4	128390
207	-1183464000	22.1	128390
207	-1180785600	20.6	128390
207	-1178107200	19.2	128390
207	-1175515200	11.6	128390
207	-1172836800	4.2	128390
207	-1170244800	-0.1	128390
207	-1167566400	-3.2	128390
207	-1164888000	1.3	128390
207	-1162468800	6	128390
207	-1159790400	8.6	128390
207	-1157198400	14.4	128390
207	-1154520000	16.6	128390
207	-1151928000	21.2	128390
207	-1149249600	20.2	128390
207	-1146571200	15.1	128390
207	-1143979200	10.2	128390
207	-1141300800	4.7	128390
207	-1138708800	-5.2	128390
207	-1136030400	-2.6	128390
207	-1133352000	0.6	128390
207	-1130932800	8.7	128390
207	-1128254400	13.6	128390
207	-1125662400	18.1	128390
207	-1122984000	18	128390
207	-1120392000	21.1	128390
207	-1117713600	20.4	128390
207	-1115035200	17.3	128390
207	-1112443200	10.7	128390
207	-1109764800	6.1	128390
207	-1107172800	4	128390
207	-1104494400	-3.1	128390
207	-1101816000	-0.3	128390
207	-1099396800	3.8	128390
207	-1096718400	10.3	128390
207	-1094126400	14.1	128390
207	-1091448000	20.9	128390
207	-1088856000	20.9	128390
207	-1086177600	19.2	128390
207	-1083499200	15.5	128390
207	-1080907200	12.8	128390
207	-1078228800	4	128390
207	-1075636800	0.4	128390
207	-1072958400	2.9	128390
207	-1070280000	1.5	128390
207	-1067774400	7.7	128390
207	-1065096000	10.6	128390
207	-1062504000	16.6	128390
207	-1059825600	18.3	128390
207	-1057233600	22.6	128390
207	-1054555200	18.4	128390
207	-1051876800	14.9	128390
207	-1049284800	6.8	128390
207	-1046606400	4.3	128390
207	-1044014400	-0.3	128390
207	-1041336000	-3.6	128390
207	-1038657600	0.9	128390
207	-1036238400	6.7	128390
207	-1033560000	9.8	128390
207	-1030968000	18.2	128390
207	-1028289600	19.8	128390
207	-1025697600	20.6	128390
207	-1023019200	19.8	128390
207	-1020340800	16.8	128390
207	-1017748800	10.8	128390
207	-1015070400	4.7	128390
207	-1012478400	-0.4	128390
207	-1009800000	-1.3	128390
207	-1007121600	1.7	128390
207	-1004702400	8.4	128390
207	-1002024000	8.1	128390
207	-999432000	14.1	128390
207	-996753600	20.6	128390
207	-994161600	21	128390
207	-991483200	19.8	128390
207	-988804800	14.7	128390
207	-986212800	11.7	128390
207	-983534400	6.4	128390
207	-980942400	-1	128390
207	-978264000	0.4	128390
207	-975585600	2.6	128390
207	-973166400	2.7	128390
207	-970488000	13.4	128390
207	-967896000	14.7	128390
207	-965217600	19.6	128390
207	-962625600	21.3	128390
207	-959947200	20.5	128390
207	-957268800	15.4	128390
207	-954676800	9	128390
207	-951998400	5.3	128390
207	-949406400	-0.3	128390
207	-946728000	-8.1	128390
207	-944049600	-5.8	128390
207	-941544000	1.6	128390
207	-938865600	10.7	128390
207	-936273600	13.5	128390
207	-933595200	18.3	128390
207	-931003200	19.7	128390
207	-928324800	16.7	128390
207	-925646400	15.2	128390
207	-923054400	9.9	128390
207	-920376000	7.2	128390
207	-917784000	-4.1	128390
207	-915105600	-3.4	128390
207	-912427200	1.4	128390
207	-910008000	5.4	128390
207	-907329600	9.5	128390
207	-904737600	12.8	128390
207	-902059200	17.6	128390
207	-899467200	19.8	128390
207	-896788800	18.8	128390
207	-894110400	13.7	128390
207	-891518400	9	128390
207	-888840000	1.9	128390
207	-886248000	0.9	128390
207	-883569600	-9.6	128390
207	-880891200	-3.1	128390
207	-878472000	2	128390
207	-875793600	9	128390
207	-873201600	15.7	128390
207	-870523200	18.6	128390
207	-867931200	19.8	128390
207	-865252800	20.1	128390
207	-862574400	19.6	128390
207	-859982400	11.8	128390
207	-857304000	3.7	128390
207	-854712000	1.3	128390
207	-852033600	-5.2	128390
207	-849355200	2.5	128390
207	-846936000	6.6	128390
207	-844257600	11.9	128390
207	-841665600	14.4	128390
207	-838987200	17	128390
207	-836395200	20.6	128390
207	-833716800	22.7	128390
207	-831038400	17.7	128390
207	-828446400	12.6	128390
207	-825768000	4	128390
207	-823176000	0.4	128390
207	-820497600	1.9	128390
207	-817819200	0	128390
207	-815313600	1.9	128390
207	-812635200	10.8	128390
207	-810043200	14.1	128390
207	-807364800	17.7	128390
207	-804772800	19.8	128390
207	-802094400	21.7	128390
207	-799416000	15.6	128390
207	-796824000	11.8	128390
207	-794145600	4.5	128390
207	-791553600	-0.7	128390
207	-788875200	-4.6	128390
207	-786196800	1	128390
207	-783777600	5.9	128390
207	-781099200	11.4	128390
207	-778507200	17.4	128390
207	-775828800	19.9	128390
207	-773236800	21.4	128390
207	-770558400	20.2	128390
207	-767880000	16.1	128390
207	-765288000	9.6	128390
207	-762609600	4.5	128390
207	-760017600	0.5	128390
207	-757339200	-3.9	128390
207	-754660800	1.7	128390
207	-752241600	6.4	128390
207	-749563200	13.5	128390
207	-746971200	18.1	128390
207	-744292800	20.1	128390
207	-741700800	22.6	128390
207	-739022400	21.9	128390
207	-736344000	17.6	128390
207	-733752000	6.8	128390
207	-731073600	5	128390
207	-728481600	-1.3	128390
207	-725803200	-6.8	128390
207	-723124800	-2.9	128390
207	-720705600	5.6	128390
207	-718027200	13.1	128390
207	-715435200	17.2	128390
207	-712756800	20.2	128390
207	-710164800	22.5	128390
207	-707486400	21.2	128390
207	-704808000	19.8	128390
207	-702216000	9	128390
207	-699537600	6	128390
207	-696945600	1.5	128390
207	-694267200	3.1	128390
207	-691588800	0.1	128390
207	-689083200	6.3	128390
207	-686404800	12.9	128390
207	-683812800	17.4	128390
207	-681134400	17.7	128390
207	-678542400	19	128390
207	-675864000	20.4	128390
207	-673185600	17.3	128390
207	-670593600	11.2	128390
207	-667915200	3.3	128390
207	-665323200	-3.6	128390
207	-662644800	0.7	128390
207	-659966400	1.7	128390
207	-657547200	3.5	128390
207	-654868800	12.7	128390
207	-652276800	16.9	128390
207	-649598400	17.5	128390
207	-647006400	20.5	128390
207	-644328000	19.5	128390
207	-641649600	17.5	128390
207	-639057600	11.4	128390
207	-636379200	6.5	128390
207	-633787200	2.4	128390
207	-631108800	-4.3	128390
207	-628430400	0.8	128390
207	-626011200	7.1	128390
207	-623332800	11.5	128390
207	-620740800	17.9	128390
207	-618062400	20.6	128390
207	-615470400	23.1	128390
207	-612792000	21.4	128390
207	-610113600	16.4	128390
207	-607521600	8.8	128390
207	-604843200	5.1	128390
207	-602251200	2.6	128390
207	-599572800	1.7	128390
207	-596894400	3.1	128390
207	-594475200	5.3	128390
207	-591796800	11.4	128390
207	-589204800	15.5	128390
207	-586526400	19.5	128390
207	-583934400	21.1	128390
207	-581256000	21.6	128390
207	-578577600	17.4	128390
207	-575985600	9.1	128390
207	-573307200	7.2	128390
207	-570715200	1.1	128390
207	-568036800	0.1	128390
207	-565358400	0.5	128390
207	-562852800	1.8	128390
207	-560174400	14.1	128390
207	-557582400	14.7	128390
207	-554904000	19.2	128390
207	-552312000	22.9	128390
207	-549633600	22.7	128390
207	-546955200	14.5	128390
207	-544363200	9.5	128390
207	-541684800	3.6	128390
207	-539092800	-0.3	128390
207	-536414400	0.2	128390
207	-533736000	1.4	128390
207	-531316800	5.8	128390
207	-528638400	11.5	128390
207	-526046400	14.6	128390
207	-523368000	19.2	128390
207	-520776000	21.7	128390
207	-518097600	18.6	128390
207	-515419200	17.1	128390
207	-512827200	11.7	128390
207	-510148800	3.5	128390
207	-507556800	-0.1	128390
207	-504878400	-6.6	128390
207	-502200000	-6.1	128390
207	-499780800	6	128390
207	-497102400	8.2	128390
207	-494510400	15.6	128390
207	-491832000	20.5	128390
207	-489240000	18.7	128390
207	-486561600	20.6	128390
207	-483883200	17.7	128390
207	-481291200	10	128390
207	-478612800	4.4	128390
207	-476020800	3.1	128390
207	-473342400	-1.8	128390
207	-470664000	0.6	128390
207	-468244800	3.4	128390
207	-465566400	7.9	128390
207	-462974400	14.4	128390
207	-460296000	18.4	128390
207	-457704000	20	128390
207	-455025600	19	128390
207	-452347200	16.5	128390
207	-449755200	10.4	128390
207	-447076800	4.7	128390
207	-444484800	2.6	128390
207	-441806400	0.6	128390
207	-439128000	-8.3	128390
207	-436622400	2.1	128390
207	-433944000	10.2	128390
207	-431352000	15.1	128390
207	-428673600	18	128390
207	-426081600	20.8	128390
207	-423403200	20	128390
207	-420724800	16.7	128390
207	-418132800	9.8	128390
207	-415454400	1.3	128390
207	-412862400	0.5	128390
207	-410184000	-2.1	128390
207	-407505600	3.8	128390
207	-405086400	6.4	128390
207	-402408000	11.6	128390
207	-399816000	13	128390
207	-397137600	21.1	128390
207	-394545600	21.3	128390
207	-391867200	19.2	128390
207	-389188800	15.1	128390
207	-386596800	10.3	128390
207	-383918400	6	128390
207	-381326400	0.5	128390
207	-378648000	-1.4	128390
207	-375969600	3	128390
207	-373550400	1.1	128390
207	-370872000	8.4	128390
207	-368280000	19.5	128390
207	-365601600	17.5	128390
207	-363009600	21.3	128390
207	-360331200	20.9	128390
207	-357652800	16.4	128390
207	-355060800	10.7	128390
207	-352382400	5.7	128390
207	-349790400	2.8	128390
207	-347112000	-0.7	128390
207	-344433600	-0.3	128390
207	-342014400	8.1	128390
207	-339336000	11	128390
207	-336744000	15.6	128390
207	-334065600	18.2	128390
207	-331473600	22	128390
207	-328795200	19.9	128390
207	-326116800	14.6	128390
207	-323524800	9.8	128390
207	-320846400	4.9	128390
207	-318254400	3.4	128390
207	-315576000	-2	128390
207	-312897600	-0.2	128390
207	-310392000	6	128390
207	-307713600	10.5	128390
207	-305121600	14.9	128390
207	-302443200	19.6	128390
207	-299851200	19.1	128390
207	-297172800	20.1	128390
207	-294494400	14.6	128390
207	-291902400	11.4	128390
207	-289224000	7	128390
207	-286632000	3.9	128390
207	-283953600	-1.8	128390
207	-281275200	2.8	128390
207	-278856000	8.3	128390
207	-276177600	13.7	128390
207	-273585600	13.9	128390
207	-270907200	19.5	128390
207	-268315200	18.8	128390
207	-265636800	20.2	128390
207	-262958400	18.3	128390
207	-260366400	12.8	128390
207	-257688000	5.5	128390
207	-255096000	-0.7	128390
207	-252417600	-0.3	128390
207	-249739200	0.1	128390
207	-247320000	1.5	128390
207	-244641600	12.3	128390
207	-242049600	13.9	128390
207	-239371200	17	128390
207	-236779200	18.5	128390
207	-234100800	22	128390
207	-231422400	15.2	128390
207	-228830400	11.2	128390
207	-226152000	5	128390
207	-223560000	-2.8	128390
207	-220881600	-6.3	128390
207	-218203200	-4.8	128390
207	-215784000	2.3	128390
207	-213105600	12.1	128390
207	-210513600	16.2	128390
207	-207835200	19.5	128390
207	-205243200	22.5	128390
207	-202564800	20.4	128390
207	-199886400	16.8	128390
207	-197294400	10.1	128390
207	-194616000	8.3	128390
207	-192024000	-4.6	128390
207	-189345600	-7.8	128390
207	-186667200	0	128390
207	-184161600	2.5	128390
207	-181483200	12	128390
207	-178891200	16	128390
207	-176212800	22.4	128390
207	-173620800	21.6	128390
207	-170942400	19.3	128390
207	-168264000	16.1	128390
207	-165672000	10.6	128390
207	-162993600	6.9	128390
207	-160401600	-0.5	128390
207	-157723200	-0.2	128390
207	-155044800	-2.3	128390
207	-152625600	5.6	128390
207	-149947200	9.5	128390
207	-147355200	14.3	128390
207	-144676800	18.5	128390
207	-142084800	19.7	128390
207	-139406400	18.3	128390
207	-136728000	16.5	128390
207	-134136000	10.2	128390
207	-131457600	2.2	128390
207	-128865600	1.1	128390
207	-126187200	-4.2	128390
207	-123508800	5.6	128390
207	-121089600	5.4	128390
207	-118411200	12.7	128390
207	-115819200	15.8	128390
207	-113140800	18.8	128390
207	-110548800	19.5	128390
207	-107870400	19.2	128390
207	-105192000	16.3	128390
207	-102600000	15	128390
207	-99921600	5.4	128390
207	-97329600	1.3	128390
207	-94651200	-2.8	128390
207	-91972800	1.7	128390
207	-89553600	7.1	128390
207	-86875200	10.6	128390
207	-84283200	16.1	128390
207	-81604800	18.8	128390
207	-79012800	22.8	128390
207	-76334400	21.7	128390
207	-73656000	18.2	128390
207	-71064000	12.6	128390
207	-68385600	4.7	128390
207	-65793600	-0.2	128390
207	-63115200	-2.3	128390
207	-60436800	2.8	128390
207	-57931200	6	128390
207	-55252800	13.1	128390
207	-52660800	16.7	128390
207	-49982400	20.7	128390
207	-47390400	21	128390
207	-44712000	19.3	128390
207	-42033600	16.1	128390
207	-39441600	11.1	128390
207	-36763200	6.8	128390
207	-34171200	-1.9	128390
207	-31492800	-3.2	128390
207	-28814400	-0.5	128390
207	-26395200	3.5	128390
207	-23716800	10.6	128390
207	-21124800	18.4	128390
207	-18446400	18.1	128390
207	-15854400	21.1	128390
207	-13176000	19.3	128390
207	-10497600	16.9	128390
207	-7905600	12.2	128390
207	-5227200	7.5	128390
207	-2635200	-2.2	128390
207	43200	-2	128390
207	2721600	-0.5	128390
207	5140800	3.9	128390
207	7819200	10.2	128390
207	10411200	14.3	128390
207	13089600	19.9	128390
207	15681600	20.2	128390
207	18360000	19.8	128390
207	21038400	15.7	128390
207	23630400	9.8	128390
207	26308800	7.6	128390
207	28900800	0.4	128390
207	31579200	-1.9	128390
207	34257600	2.3	128390
207	36676800	3.2	128390
207	39355200	11.5	128390
207	41947200	17.8	128390
207	44625600	18.1	128390
207	47217600	21.2	128390
207	49896000	22	128390
207	52574400	14.6	128390
207	55166400	9.9	128390
207	57844800	4.6	128390
207	60436800	3.1	128390
207	63115200	-1.3	128390
207	65793600	3.2	128390
207	68299200	7.9	128390
207	70977600	12.1	128390
207	73569600	15.1	128390
207	76248000	19.9	128390
207	78840000	21.7	128390
207	81518400	19.2	128390
207	84196800	13.5	128390
207	86788800	8.9	128390
207	89467200	5.3	128390
207	92059200	0.8	128390
207	94737600	-0.7	128390
207	97416000	2.6	128390
207	99835200	5.9	128390
207	102513600	9.8	128390
207	105105600	17.1	128390
207	107784000	19	128390
207	110376000	20.6	128390
207	113054400	21.1	128390
207	115732800	17.4	128390
207	118324800	9.8	128390
207	121003200	3	128390
207	123595200	-0.3	128390
207	126273600	0.9	128390
207	128952000	5	128390
207	131371200	8.8	128390
207	134049600	10.7	128390
207	136641600	14.4	128390
207	139320000	16.9	128390
207	141912000	20	128390
207	144590400	22.3	128390
207	147268800	16.4	128390
207	149860800	7.4	128390
207	152539200	5.3	128390
207	155131200	3.2	128390
207	157809600	2	128390
207	160488000	0.9	128390
207	162907200	7.9	128390
207	165585600	10.5	128390
207	168177600	17.4	128390
207	170856000	18.5	128390
207	173448000	20.7	128390
207	176126400	20.1	128390
207	178804800	17.9	128390
207	181396800	10.6	128390
207	184075200	3.4	128390
207	186667200	0.9	128390
207	189345600	0.3	128390
207	192024000	-0.3	128390
207	194529600	2.4	128390
207	197208000	11.7	128390
207	199800000	15.7	128390
207	202478400	18.9	128390
207	205070400	21.9	128390
207	207748800	17.9	128390
207	210427200	14.7	128390
207	213019200	11.2	128390
207	215697600	6.5	128390
207	218289600	0.1	128390
207	220968000	-0.3	128390
207	223646400	3.9	128390
207	226065600	8.8	128390
207	228744000	9.3	128390
207	231336000	16.2	128390
207	234014400	19.7	128390
207	236606400	20.1	128390
207	239284800	19.4	128390
207	241963200	14.4	128390
207	244555200	12	128390
207	247233600	5.5	128390
207	249825600	-1.2	128390
207	252504000	0	128390
207	255182400	-0.2	128390
207	257601600	6.8	128390
207	260280000	9.8	128390
207	262872000	13.5	128390
207	265550400	18.1	128390
207	268142400	18.7	128390
207	270820800	18.5	128390
207	273499200	15	128390
207	276091200	11.2	128390
207	278769600	1.9	128390
207	281361600	0.8	128390
207	284040000	-2.8	128390
207	286718400	1.8	128390
207	289137600	7.5	128390
207	291816000	9.7	128390
207	294408000	17	128390
207	297086400	21.7	128390
207	299678400	19	128390
207	302356800	19.6	128390
207	305035200	17	128390
207	307627200	9.3	128390
207	310305600	5.4	128390
207	312897600	3.7	128390
207	315576000	-3.6	128390
207	318254400	1.5	128390
207	320760000	4.7	128390
207	323438400	8.6	128390
207	326030400	13.3	128390
207	328708800	18.3	128390
207	331300800	19.2	128390
207	333979200	19.9	128390
207	336657600	15.1	128390
207	339249600	10.6	128390
207	341928000	3.2	128390
207	344520000	0	128390
207	347198400	-2.4	128390
207	349876800	1.7	128390
207	352296000	8.5	128390
207	354974400	10.5	128390
207	357566400	15.9	128390
207	360244800	20	128390
207	362836800	20.2	128390
207	365515200	20.1	128390
207	368193600	17.1	128390
207	370785600	11.7	128390
207	373464000	4.9	128390
207	376056000	-0.7	128390
207	378734400	-4.1	128390
207	381412800	-0.8	128390
207	383832000	5.9	128390
207	386510400	8.8	128390
207	389102400	16.8	128390
207	391780800	19.8	128390
207	394372800	21.5	128390
207	397051200	21	128390
207	399729600	19.8	128390
207	402321600	11.9	128390
207	4.05e+08	5.1	128390
207	407592000	3.2	128390
207	410270400	3.8	128390
207	412948800	0.1	128390
207	415368000	7.2	128390
207	418046400	13	128390
207	420638400	17.7	128390
207	423316800	19.3	128390
207	425908800	23.7	128390
207	428587200	21.5	128390
207	431265600	17	128390
207	433857600	10.6	128390
207	436536000	2.4	128390
207	439128000	0.2	128390
207	441806400	0.1	128390
207	444484800	1.1	128390
207	446990400	5.2	128390
207	449668800	10.8	128390
207	452260800	15	128390
207	454939200	17.5	128390
207	457531200	19.3	128390
207	460209600	20	128390
207	462888000	16.4	128390
207	465480000	11.9	128390
207	468158400	5	128390
207	470750400	0.3	128390
207	473428800	-5.2	128390
207	476107200	-4.6	128390
207	478526400	4.4	128390
207	481204800	11.3	128390
207	483796800	16.6	128390
207	486475200	16.4	128390
207	489067200	21	128390
207	491745600	20.9	128390
207	494424000	16.4	128390
207	497016000	10.4	128390
207	499694400	3.6	128390
207	502286400	3.7	128390
207	504964800	0	128390
207	507643200	-2.8	128390
207	510062400	3.6	128390
207	512740800	12.9	128390
207	515332800	18.2	128390
207	518011200	18.9	128390
207	520603200	20.4	128390
207	523281600	21.5	128390
207	525960000	16.5	128390
207	528552000	10.8	128390
207	531230400	5	128390
207	533822400	-1	128390
207	536500800	-4.2	128390
207	539179200	0.7	128390
207	541598400	0.8	128390
207	544276800	11	128390
207	546868800	14	128390
207	549547200	19.3	128390
207	552139200	22.7	128390
207	554817600	18	128390
207	557496000	18.3	128390
207	560088000	11.6	128390
207	562766400	5.4	128390
207	565358400	2	128390
207	568036800	2.4	128390
207	570715200	3	128390
207	573220800	4.8	128390
207	575899200	10.5	128390
207	578491200	16.4	128390
207	581169600	18.8	128390
207	583761600	23	128390
207	586440000	20.7	128390
207	589118400	15.9	128390
207	591710400	10.2	128390
207	594388800	-0.3	128390
207	596980800	2.2	128390
207	599659200	-0.8	128390
207	602337600	3.8	128390
207	604756800	8.5	128390
207	607435200	12.7	128390
207	610027200	15.7	128390
207	612705600	17.7	128390
207	615297600	21.4	128390
207	617976000	20.2	128390
207	620654400	16.9	128390
207	623246400	11.6	128390
207	625924800	4	128390
207	628516800	1.1	128390
207	631195200	0.1	128390
207	633873600	5.5	128390
207	636292800	10	128390
207	638971200	11	128390
207	641563200	17.4	128390
207	644241600	19.1	128390
207	646833600	21	128390
207	649512000	22.2	128390
207	652190400	14.8	128390
207	654782400	10.9	128390
207	657460800	5.8	128390
207	660052800	0.5	128390
207	662731200	0.4	128390
207	665409600	-2.3	128390
207	667828800	7.5	128390
207	670507200	9.6	128390
207	673099200	13.1	128390
207	675777600	19.2	128390
207	678369600	22.8	128390
207	681048000	20.7	128390
207	683726400	17.4	128390
207	686318400	9.7	128390
207	688996800	5.8	128390
207	691588800	-1.7	128390
207	694267200	0.9	128390
207	696945600	3.4	128390
207	699451200	6	128390
207	702129600	11.9	128390
207	704721600	16.6	128390
207	707400000	20.4	128390
207	709992000	22.4	128390
207	712670400	26	128390
207	715348800	16.8	128390
207	717940800	9.8	128390
207	720619200	5.8	128390
207	723211200	0	128390
207	725889600	0	128390
207	728568000	-1.5	128390
207	730987200	4.5	128390
207	733665600	11.5	128390
207	736257600	19.5	128390
207	738936000	20.3	128390
207	741528000	20.3	128390
207	744206400	21.7	128390
207	746884800	16	128390
207	749476800	12	128390
207	752155200	1.7	128390
207	754747200	2.4	128390
207	757425600	3.2	128390
207	760104000	2	128390
207	762523200	8.7	128390
207	765201600	11.8	128390
207	767793600	16	128390
207	770472000	20	128390
207	773064000	24.5	128390
207	775742400	22.5	128390
207	778420800	19.2	128390
207	781012800	9.6	128390
207	783691200	6.3	128390
207	786283200	2	128390
207	788961600	-0.7	128390
207	791640000	5.8	128390
207	794059200	5.3	128390
207	796737600	11.6	128390
207	799329600	15.6	128390
207	802008000	18.7	128390
207	804600000	24.3	128390
207	807278400	20.7	128390
207	809956800	15	128390
207	812548800	12.4	128390
207	815227200	2.3	128390
207	817819200	0	128390
207	820497600	-2.1	128390
207	823176000	-2.7	128390
207	825681600	2.1	128390
207	828360000	12.3	128390
207	830952000	17.5	128390
207	833630400	20.5	128390
207	836222400	19.8	128390
207	838900800	20.8	128390
207	841579200	12.9	128390
207	844171200	11.5	128390
207	846849600	7.8	128390
207	849441600	-1.6	128390
207	852120000	-2	128390
207	854798400	2.5	128390
207	857217600	5.8	128390
207	859896000	8.1	128390
207	862488000	17	128390
207	865166400	19.9	128390
207	867758400	20.1	128390
207	870436800	21.8	128390
207	873115200	16.8	128390
207	875707200	8.9	128390
207	878385600	5.8	128390
207	880977600	2.3	128390
207	883656000	2.5	128390
207	886334400	6	128390
207	888753600	4.9	128390
207	891432000	12.3	128390
207	894024000	15.8	128390
207	896702400	21	128390
207	899294400	21.7	128390
207	901972800	22	128390
207	904651200	15.4	128390
207	907243200	11.3	128390
207	909921600	3	128390
207	912513600	-3.2	128390
207	915192000	-0.8	128390
207	917870400	0.7	128390
207	920289600	7.3	128390
207	922968000	12.8	128390
207	925560000	16.3	128390
207	928238400	19.6	128390
207	930830400	22.1	128390
207	933508800	20.3	128390
207	936187200	18.9	128390
207	938779200	11	128390
207	941457600	3.2	128390
207	944049600	0.4	128390
207	946728000	-1.5	128390
207	949406400	3.7	128390
207	951912000	6.1	128390
207	954590400	14.6	128390
207	957182400	18.4	128390
207	959860800	21.8	128390
207	962452800	20.4	128390
207	965131200	23.4	128390
207	967809600	16	128390
207	970401600	13.8	128390
207	973080000	8.4	128390
207	975672000	2.2	128390
207	978350400	0.7	128390
207	981028800	3.6	128390
207	983448000	7.4	128390
207	986126400	11	128390
207	988718400	18.5	128390
207	991396800	18.4	128390
207	993988800	22	128390
207	996667200	22.9	128390
207	999345600	14.6	128390
207	1001937600	13.9	128390
207	1004616000	3.3	128390
207	1007208000	-4.3	128390
207	1009886400	0	128390
207	1012564800	4.9	128390
207	1014984000	7.9	128390
207	1017662400	11.5	128390
207	1020254400	19.1	128390
207	1022932800	21.3	128390
207	1025524800	23.6	128390
207	1028203200	21.5	128390
207	1030881600	16	128390
207	1033473600	10.1	128390
207	1036152000	7.4	128390
207	1038744000	-1.1	128390
207	1041422400	-1.4	128390
207	1044100800	-1.4	128390
207	1046520000	6.1	128390
207	1049198400	11.3	128390
207	1051790400	19.9	128390
207	1054468800	23.5	128390
207	1057060800	23.2	128390
207	1059739200	24.7	128390
207	1062417600	17.4	128390
207	1065009600	8.9	128390
207	1067688000	7.3	128390
207	1070280000	1.3	128390
207	1072958400	-2	128390
207	1075636800	2.1	128390
207	1078142400	5.5	128390
207	1080820800	12	128390
207	1083412800	14.9	128390
207	1086091200	19.1	128390
207	1088683200	21.6	128390
207	1091361600	21.5	128390
207	1094040000	16.3	128390
207	1096632000	12	128390
207	1099310400	6	128390
207	1101902400	0.9	128390
207	1104580800	0.5	128390
207	1107259200	-1.9	128390
207	1109678400	4.5	128390
207	1112356800	11.9	128390
207	1114948800	17.2	128390
207	1117627200	19.8	128390
207	1120219200	21.5	128390
207	1122897600	19.7	128390
207	1125576000	17.5	128390
207	1128168000	11.6	128390
207	1130846400	4.2	128390
207	1133438400	1	128390
207	1136116800	-2.4	128390
207	1138795200	-0.7	128390
207	1141214400	4.6	128390
207	1143892800	13.3	128390
207	1146484800	15.9	128390
207	1149163200	20.3	128390
207	1151755200	24.4	128390
207	1154433600	19.3	128390
207	1157112000	18.6	128390
207	1159704000	13.4	128390
207	1162382400	7.7	128390
207	1164974400	2.4	128390
207	1167652800	5.2	128390
207	1170331200	5.7	128390
207	1172750400	8.1	128390
207	1175428800	14.1	128390
207	1178020800	17.5	128390
207	1180699200	22.6	128390
207	1183291200	23.9	128390
207	1185969600	22.7	128390
207	1188648000	14.5	128390
207	1191240000	11.1	128390
207	1193918400	4.1	128390
207	1196510400	-0.5	128390
207	1199188800	1.2	128390
207	1201867200	4.5	128390
207	1204372800	6.8	128390
207	1207051200	12.1	128390
207	1209643200	17.4	128390
208	-5995771200	-2.4	128430
208	-5993092800	-2.4	128430
208	-5990587200	7.8	128430
208	-5987908800	8.5	128430
208	-5985316800	15.8	128430
208	-5982638400	17.9	128430
208	-5980046400	20.8	128430
208	-5977368000	20.4	128430
208	-5974689600	15.4	128430
208	-5972097600	11.1	128430
208	-5969419200	5	128430
208	-5966827200	-1.8	128430
208	-5964148800	-2.3	128430
208	-5961470400	0.1	128430
208	-5959051200	6.1	128430
208	-5956372800	11.5	128430
208	-5953780800	16.2	128430
208	-5951102400	20.3	128430
208	-5948510400	21.5	128430
208	-5945832000	23.1	128430
208	-5943153600	18.6	128430
208	-5940561600	8.1	128430
208	-5937883200	5.7	128430
208	-5935291200	-1	128430
208	-5932612800	-1	128430
208	-5929934400	-3.1	128430
208	-5927515200	3.4	128430
208	-5924836800	9.5	128430
208	-5922244800	15	128430
208	-5919566400	19.7	128430
208	-5916974400	21.9	128430
208	-5914296000	20.7	128430
208	-5911617600	15.5	128430
208	-5909025600	9	128430
208	-5906347200	1.7	128430
208	-5903755200	0	128430
208	-5901076800	0.2	128430
208	-5898398400	4.2	128430
208	-5895979200	3.6	128430
208	-5893300800	11	128430
208	-5890708800	17.4	128430
208	-5888030400	20.2	128430
208	-5885438400	21.8	128430
208	-5882760000	20.7	128430
208	-5880081600	16.8	128430
208	-5877489600	10.7	128430
208	-5874811200	2.9	128430
208	-5872219200	-5.5	128430
208	-5869540800	-4.9	128430
208	-5866862400	-1.4	128430
208	-5864356800	3.9	128430
208	-5861678400	8.1	128430
208	-5859086400	17.1	128430
208	-5856408000	18.9	128430
208	-5853816000	19.9	128430
208	-5851137600	20.8	128430
208	-5848459200	17.8	128430
208	-5845867200	7	128430
208	-5843188800	3.4	128430
208	-5840596800	-0.4	128430
208	-5837918400	-4.5	128430
208	-5835240000	-3.4	128430
208	-5832820800	-3.7	128430
208	-5830142400	8.3	128430
208	-5827550400	15.8	128430
208	-5824872000	18.1	128430
208	-5822280000	20.1	128430
208	-5819601600	19.5	128430
208	-5816923200	17.4	128430
208	-5814331200	9.6	128430
208	-5811652800	4.7	128430
208	-5809060800	-0.4	128430
208	-5806382400	-2.8	128430
208	-5803704000	-0.3	128430
208	-5801284800	5.6	128430
208	-5798606400	10.8	128430
208	-5796014400	13.8	128430
208	-5793336000	18.4	128430
208	-5790744000	19.6	128430
208	-5788065600	18.5	128430
208	-5785387200	14.6	128430
208	-5782795200	7.1	128430
208	-5780116800	2.2	128430
208	-5777524800	-1.5	128430
208	-5774846400	-3.3	128430
208	-5772168000	1.7	128430
208	-5769748800	6.8	128430
208	-5767070400	7.8	128430
208	-5764478400	13	128430
208	-5761800000	18.8	128430
208	-5759208000	20.7	128430
208	-5756529600	21	128430
208	-5753851200	14.7	128430
208	-5751259200	11.1	128430
208	-5748580800	5.1	128430
208	-5745988800	2.2	128430
208	-5743310400	0.1	128430
208	-5740632000	-0.1	128430
208	-5738126400	6.9	128430
208	-5735448000	9.8	128430
208	-5732856000	15.2	128430
208	-5730177600	20.4	128430
208	-5727585600	23	128430
208	-5724907200	17.1	128430
208	-5722228800	17.1	128430
208	-5719636800	9.2	128430
208	-5716958400	2.1	128430
208	-5714366400	-7.6	128430
208	-5711688000	-3.4	128430
208	-5709009600	1.3	128430
208	-5706590400	1.9	128430
208	-5703912000	12.2	128430
208	-5701320000	18.4	128430
208	-5698641600	17.9	128430
208	-5696049600	20.9	128430
208	-5693371200	19.1	128430
208	-5690692800	16.8	128430
208	-5688100800	11.3	128430
208	-5685422400	5	128430
208	-5682830400	-1.2	128430
208	-5680152000	-1.4	128430
208	-5677473600	3.2	128430
208	-5675054400	5.8	128430
208	-5672376000	8.8	128430
208	-5669784000	16.4	128430
208	-5667105600	21.1	128430
208	-5664513600	19.8	128430
208	-5661835200	20.6	128430
208	-5659156800	14.6	128430
208	-5656564800	9.7	128430
208	-5653886400	4	128430
208	-5651294400	2.3	128430
208	-5648616000	2.9	128430
208	-5645937600	0.9	128430
208	-5643518400	6.6	128430
208	-5640840000	12.1	128430
208	-5638248000	15.1	128430
208	-5635569600	18.4	128430
208	-5632977600	21.4	128430
208	-5630299200	22.3	128430
208	-5627620800	15.1	128430
208	-5625028800	10	128430
208	-5622350400	3.9	128430
208	-5619758400	1.6	128430
208	-5617080000	-0.8	128430
208	-5614401600	-0.8	128430
208	-5611896000	4.6	128430
208	-5609217600	11	128430
208	-5606625600	14.6	128430
208	-5603947200	19.6	128430
208	-5601355200	21.6	128430
208	-5598676800	20	128430
208	-5595998400	16.5	128430
208	-5593406400	9	128430
208	-5590728000	3.4	128430
208	-5588136000	0.2	128430
208	-5585457600	-3.7	128430
208	-5582779200	1.9	128430
208	-5580360000	4.2	128430
208	-5577681600	8.8	128430
208	-5575089600	13.9	128430
208	-5572411200	17.1	128430
208	-5569819200	22.3	128430
208	-5567140800	21.1	128430
208	-5564462400	16	128430
208	-5561870400	11.3	128430
208	-5559192000	4.6	128430
208	-5556600000	1.9	128430
208	-5553921600	0.1	128430
208	-5551243200	4	128430
208	-5548824000	6.9	128430
208	-5546145600	14.9	128430
208	-5543553600	17.2	128430
208	-5540875200	20.6	128430
208	-5538283200	24.5	128430
208	-5535604800	19.4	128430
208	-5532926400	14.5	128430
208	-5530334400	9.7	128430
208	-5527656000	4.2	128430
208	-5525064000	-1.8	128430
208	-5522385600	-8.7	128430
208	-5519707200	-0.8	128430
208	-5517288000	4.7	128430
208	-5514609600	12.6	128430
208	-5512017600	15.4	128430
208	-5509339200	20.2	128430
208	-5506747200	18.8	128430
208	-5504068800	20.7	128430
208	-5501390400	16	128430
208	-5498798400	13.3	128430
208	-5496120000	2.5	128430
208	-5493528000	2.3	128430
208	-5490849600	3.8	128430
208	-5488171200	1.9	128430
208	-5485665600	2	128430
208	-5482987200	8.3	128430
208	-5480395200	16.1	128430
208	-5477716800	18.6	128430
208	-5475124800	21	128430
208	-5472446400	21.1	128430
208	-5469768000	18.5	128430
208	-5467176000	10.5	128430
208	-5464497600	3.5	128430
208	-5461905600	-2.5	128430
208	-5459227200	-0.9	128430
208	-5456548800	1.7	128430
208	-5454129600	3.5	128430
208	-5451451200	13	128430
208	-5448859200	19	128430
208	-5446180800	19.5	128430
208	-5443588800	23	128430
208	-5440910400	22.3	128430
208	-5438232000	18.7	128430
208	-5435640000	11.8	128430
208	-5432961600	4.5	128430
208	-5430369600	0.8	128430
208	-5427691200	-0.4	128430
208	-5425012800	3.8	128430
208	-5422593600	6	128430
208	-5419915200	11.1	128430
208	-5417323200	15.9	128430
208	-5414644800	19.7	128430
208	-5412052800	21	128430
208	-5409374400	21.2	128430
208	-5406696000	18.2	128430
208	-5404104000	10.3	128430
208	-5401425600	2.9	128430
208	-5398833600	-5.2	128430
208	-5396155200	-7.7	128430
208	-5393476800	-2.3	128430
208	-5391057600	3.4	128430
208	-5388379200	9.4	128430
208	-5385787200	14.9	128430
208	-5383108800	17.2	128430
208	-5380516800	20	128430
208	-5377838400	20.9	128430
208	-5375160000	15.7	128430
208	-5372568000	12.2	128430
208	-5369889600	4.4	128430
208	-5367297600	-4.3	128430
208	-5364619200	-1.5	128430
208	-5361940800	-0.3	128430
208	-5359521600	-0.4	128430
208	-5356843200	17.1	128430
208	-5354251200	18.4	128430
208	-5351572800	16.3	128430
208	-5348980800	19.6	128430
208	-5346302400	21	128430
208	-5343624000	16.7	128430
208	-5341032000	10.5	128430
208	-5338353600	6.4	128430
208	-5335761600	-0.1	128430
208	-5333083200	0.4	128430
208	-5330404800	-0.6	128430
208	-5327985600	8.2	128430
208	-5325307200	10.7	128430
208	-5322715200	18.3	128430
208	-5320036800	17.3	128430
208	-5317444800	19.5	128430
208	-5314766400	19.1	128430
208	-5312088000	18	128430
208	-5309496000	13.1	128430
208	-5306817600	6.3	128430
208	-5304225600	0.9	128430
208	-5301547200	-1.9	128430
208	-5298868800	1.4	128430
208	-5296449600	5.3	128430
208	-5293771200	10.6	128430
208	-5291179200	15.2	128430
208	-5288500800	20.2	128430
208	-5285908800	21.4	128430
208	-5283230400	22	128430
208	-5280552000	16.9	128430
208	-5277960000	13.9	128430
208	-5275281600	6.8	128430
208	-5272689600	1.5	128430
208	-5270011200	-4.7	128430
208	-5267332800	-2	128430
208	-5264913600	4.7	128430
208	-5262235200	13	128430
208	-5259643200	13.8	128430
208	-5256964800	18	128430
208	-5254372800	21.1	128430
208	-5251694400	20.5	128430
208	-5249016000	14	128430
208	-5246424000	9.6	128430
208	-5243745600	5.7	128430
208	-5241153600	-0.1	128430
208	-5238475200	2.9	128430
208	-5235796800	-0.6	128430
208	-5233291200	2.2	128430
208	-5230612800	11.4	128430
208	-5228020800	16.4	128430
208	-5225342400	18.2	128430
208	-5222750400	21.2	128430
208	-5220072000	19.5	128430
208	-5217393600	18	128430
208	-5214801600	11.5	128430
208	-5212123200	1.6	128430
208	-5209531200	-3.4	128430
208	-5206852800	-2.1	128430
208	-5204174400	-0.2	128430
208	-5201755200	3.7	128430
208	-5199076800	8.6	128430
208	-5196484800	14	128430
208	-5193806400	16.7	128430
208	-5191214400	19.5	128430
208	-5188536000	18	128430
208	-5185857600	16.7	128430
208	-5183265600	7.2	128430
208	-5180587200	1.1	128430
208	-5177995200	-0.1	128430
208	-5175316800	3.7	128430
208	-5172638400	2	128430
208	-5170219200	5.7	128430
208	-5167540800	7.8	128430
208	-5164948800	16.8	128430
208	-5162270400	17.7	128430
208	-5159678400	20.5	128430
208	-5.157e+09	18.5	128430
208	-5154321600	17	128430
208	-5151729600	8.7	128430
208	-5149051200	6.1	128430
208	-5146459200	3.9	128430
208	-5143780800	0	128430
208	-5141102400	1.6	128430
208	-5138683200	2.4	128430
208	-5136004800	8.4	128430
208	-5133412800	17.4	128430
208	-5130734400	17.3	128430
208	-5128142400	21.5	128430
208	-5125464000	24.9	128430
208	-5122785600	16	128430
208	-5120193600	11.9	128430
208	-5117515200	6.6	128430
208	-5114923200	0.1	128430
208	-5112244800	-0.1	128430
208	-5109566400	-1.5	128430
208	-5107060800	-2	128430
208	-5104382400	8.4	128430
208	-5101790400	16.8	128430
208	-5099112000	18.4	128430
208	-5096520000	21.3	128430
208	-5093841600	21.6	128430
208	-5091163200	17.2	128430
208	-5088571200	9.3	128430
208	-5085892800	3.8	128430
208	-5083300800	-5.1	128430
208	-5080622400	-2.8	128430
208	-5077944000	1.9	128430
208	-5075524800	4.2	128430
208	-5072846400	7.2	128430
208	-5070254400	16.5	128430
208	-5067576000	18.7	128430
208	-5064984000	19.9	128430
208	-5062305600	19.9	128430
208	-5059627200	16	128430
208	-5057035200	9.2	128430
208	-5054356800	3.2	128430
208	-5051764800	2.5	128430
208	-5049086400	-1	128430
208	-5046408000	0.1	128430
208	-5043988800	5.8	128430
208	-5041310400	10.1	128430
208	-5038718400	17	128430
208	-5036040000	15.8	128430
208	-5033448000	19.7	128430
208	-5030769600	20.1	128430
208	-5028091200	18.5	128430
208	-5025499200	10.1	128430
208	-5022820800	4.9	128430
208	-5020228800	1.5	128430
208	-5017550400	-4.5	128430
208	-5014872000	-1.2	128430
208	-5012452800	6.1	128430
208	-5009774400	11.4	128430
208	-5007182400	19	128430
208	-5004504000	22.4	128430
208	-5001912000	22.7	128430
208	-4999233600	21	128430
208	-4996555200	15.8	128430
208	-4993963200	13.5	128430
208	-4991284800	4	128430
208	-4988692800	-0.5	128430
208	-4986014400	-5.3	128430
208	-4983336000	1.4	128430
208	-4980830400	5.7	128430
208	-4978152000	6.5	128430
208	-4975560000	16.8	128430
208	-4972881600	19.4	128430
208	-4970289600	19.7	128430
208	-4967611200	18.8	128430
208	-4964932800	14.2	128430
208	-4962340800	12.8	128430
208	-4959662400	3.4	128430
208	-4957070400	-5.5	128430
208	-4954392000	-6.2	128430
208	-4951713600	1.7	128430
208	-4949294400	3.9	128430
208	-4946616000	12.6	128430
208	-4944024000	16.5	128430
208	-4941345600	16.6	128430
208	-4938753600	18.6	128430
208	-4936075200	18.2	128430
208	-4933396800	13.9	128430
208	-4930804800	9.8	128430
208	-4928126400	4.4	128430
208	-4925534400	2.5	128430
208	-4922856000	-1.7	128430
208	-4920177600	-3.8	128430
208	-4917758400	6.1	128430
208	-4915080000	12.1	128430
208	-4912488000	12.1	128430
208	-4909809600	16.7	128430
208	-4907217600	20.5	128430
208	-4904539200	19	128430
208	-4901860800	12.7	128430
208	-4899268800	9.4	128430
208	-4896590400	3.3	128430
208	-4893998400	2.6	128430
208	-4891320000	-2.6	128430
208	-4888641600	2.4	128430
208	-4886222400	5.9	128430
208	-4883544000	10.3	128430
208	-4880952000	15.8	128430
208	-4878273600	18.6	128430
208	-4875681600	17.8	128430
208	-4873003200	17.7	128430
208	-4870324800	13.8	128430
208	-4867732800	10.4	128430
208	-4865054400	3.5	128430
208	-4862462400	-3.3	128430
208	-4859784000	0.2	128430
208	-4857105600	-1.2	128430
208	-4854600000	4.7	128430
208	-4851921600	9.7	128430
208	-4849329600	14.2	128430
208	-4846651200	17.9	128430
208	-4844059200	17.7	128430
208	-4841380800	17.4	128430
208	-4838702400	14.5	128430
208	-4836110400	9.9	128430
208	-4833432000	4.8	128430
208	-4830840000	-2.1	128430
208	-4828161600	0.4	128430
208	-4825483200	4.1	128430
208	-4823064000	5.3	128430
208	-4820385600	5.1	128430
208	-4817793600	15.7	128430
208	-4815115200	19.4	128430
208	-4812523200	18.5	128430
208	-4809844800	18.5	128430
208	-4807166400	16.3	128430
208	-4804574400	8	128430
208	-4801896000	4.6	128430
208	-4799304000	0.6	128430
208	-4796625600	-0.8	128430
208	-4793947200	0.8	128430
208	-4791528000	6.7	128430
208	-4788849600	11.5	128430
208	-4786257600	15.7	128430
208	-4783579200	19.2	128430
208	-4780987200	20.5	128430
208	-4778308800	18.4	128430
208	-4775630400	15.8	128430
208	-4773038400	10.4	128430
208	-4770360000	4	128430
208	-4767768000	-1.4	128430
208	-4765089600	-3.6	128430
208	-4762411200	0.7	128430
208	-4759992000	6.2	128430
208	-4757313600	10.8	128430
208	-4754721600	14.1	128430
208	-4752043200	18.3	128430
208	-4749451200	20.3	128430
208	-4746772800	19.1	128430
208	-4744094400	16.1	128430
208	-4741502400	10.2	128430
208	-4738824000	5.6	128430
208	-4736232000	-1.1	128430
208	-4733553600	-5.3	128430
208	-4730875200	0.3	128430
208	-4728369600	3.8	128430
208	-4725691200	12.3	128430
208	-4723099200	17.2	128430
208	-4720420800	17	128430
208	-4717828800	19.1	128430
208	-4715150400	22.6	128430
208	-4712472000	14.1	128430
208	-4709880000	9.9	128430
208	-4707201600	4.5	128430
208	-4704609600	-1.2	128430
208	-4701931200	0.7	128430
208	-4699252800	-1.1	128430
208	-4696833600	3.1	128430
208	-4694155200	12.9	128430
208	-4691563200	15.6	128430
208	-4688884800	15.4	128430
208	-4686292800	17.9	128430
208	-4683614400	20.2	128430
208	-4680936000	17.4	128430
208	-4678344000	10.1	128430
208	-4675665600	6.2	128430
208	-4673073600	3.7	128430
208	-4670395200	0.6	128430
208	-4667716800	2.1	128430
208	-4665297600	8.4	128430
208	-4662619200	11.8	128430
208	-4660027200	17.4	128430
208	-4657348800	22	128430
208	-4654756800	22.2	128430
208	-4652078400	19.6	128430
208	-4649400000	16	128430
208	-4646808000	12.9	128430
208	-4644129600	4.3	128430
208	-4641537600	-0.6	128430
208	-4638859200	-6.7	128430
208	-4636180800	1.5	128430
208	-4633761600	6	128430
208	-4631083200	9.8	128430
208	-4628491200	16.1	128430
208	-4625812800	18.5	128430
208	-4623220800	19.2	128430
208	-4620542400	20.2	128430
208	-4617864000	16	128430
208	-4615272000	11.6	128430
208	-4612593600	3.9	128430
208	-4610001600	1.5	128430
208	-4607323200	0.6	128430
208	-4604644800	3.5	128430
208	-4602139200	5.5	128430
208	-4599460800	9.6	128430
208	-4596868800	14.8	128430
208	-4594190400	17.5	128430
208	-4591598400	20	128430
208	-4588920000	20.4	128430
208	-4586241600	17.5	128430
208	-4583649600	10.6	128430
208	-4580971200	4.9	128430
208	-4578379200	3.7	128430
208	-4575700800	1.8	128430
208	-4573022400	1.5	128430
208	-4570603200	3.1	128430
208	-4567924800	11.8	128430
208	-4565332800	16.2	128430
208	-4562654400	18.4	128430
208	-4560062400	19.8	128430
208	-4557384000	19.3	128430
208	-4554705600	15.8	128430
208	-4552113600	9.3	128430
208	-4549435200	6.6	128430
208	-4546843200	4.7	128430
208	-4544164800	-6.1	128430
208	-4541486400	-2.9	128430
208	-4539067200	5.1	128430
208	-4536388800	9.9	128430
208	-4533796800	13.1	128430
208	-4531118400	18.1	128430
208	-4528526400	21.1	128430
208	-4525848000	21	128430
208	-4523169600	16.3	128430
208	-4520577600	11.6	128430
208	-4517899200	4.3	128430
208	-4515307200	2.1	128430
208	-4512628800	-0.9	128430
208	-4509950400	-3.1	128430
208	-4507531200	6	128430
208	-4504852800	12.2	128430
208	-4502260800	17.1	128430
208	-4499582400	20.1	128430
208	-4496990400	22.3	128430
208	-4494312000	19.2	128430
208	-4491633600	16.1	128430
208	-4489041600	12.2	128430
208	-4486363200	1.6	128430
208	-4483771200	0.6	128430
208	-4481092800	-2.5	128430
208	-4478414400	-0.9	128430
208	-4475908800	6.3	128430
208	-4473230400	12.2	128430
208	-4470638400	15.3	128430
208	-4467960000	19.4	128430
208	-4465368000	21.1	128430
208	-4462689600	17.9	128430
208	-4460011200	13.8	128430
208	-4457419200	8.8	128430
208	-4454740800	4.3	128430
208	-4452148800	1	128430
208	-4449470400	-1.9	128430
208	-4446792000	-3.8	128430
208	-4444372800	3.6	128430
208	-4441694400	11.5	128430
208	-4439102400	13.8	128430
208	-4436424000	15.8	128430
208	-4433832000	20.7	128430
208	-4431153600	18.2	128430
208	-4428475200	16.8	128430
208	-4425883200	8.2	128430
208	-4423204800	-0.4	128430
208	-4420612800	-6.3	128430
208	-4417934400	-7.4	128430
208	-4415256000	-3.3	128430
208	-4412836800	3.5	128430
208	-4410158400	12.3	128430
208	-4407566400	16.7	128430
208	-4404888000	20.1	128430
208	-4402296000	21.4	128430
208	-4399617600	20.5	128430
208	-4396939200	14.3	128430
208	-4394347200	8.5	128430
208	-4391668800	6.6	128430
208	-4389076800	2.3	128430
208	-4386398400	-2.3	128430
208	-4383720000	-0.5	128430
208	-4381300800	5.5	128430
208	-4378622400	13	128430
208	-4376030400	14.7	128430
208	-4373352000	16.4	128430
208	-4370760000	20.3	128430
208	-4368081600	18.5	128430
208	-4365403200	13.7	128430
208	-4362811200	12.1	128430
208	-4360132800	4.2	128430
208	-4357540800	-0.1	128430
208	-4354862400	-1	128430
208	-4352184000	2	128430
208	-4349678400	5.2	128430
208	-4.347e+09	10.5	128430
208	-4344408000	13.6	128430
208	-4341729600	17.4	128430
208	-4339137600	18.1	128430
208	-4336459200	20.7	128430
208	-4333780800	13.6	128430
208	-4331188800	11.4	128430
208	-4328510400	2.9	128430
208	-4325918400	-2.5	128430
208	-4323240000	-7.8	128430
208	-4320561600	2.2	128430
208	-4318142400	5.9	128430
208	-4315464000	9.2	128430
208	-4312872000	19.2	128430
208	-4310193600	20.5	128430
208	-4307601600	18.6	128430
208	-4304923200	16.1	128430
208	-4302244800	14.1	128430
208	-4299652800	9.9	128430
208	-4296974400	4.2	128430
208	-4294382400	3.7	128430
208	-4291704000	2.8	128430
208	-4289025600	0.7	128430
208	-4286606400	3.6	128430
208	-4283928000	9	128430
208	-4281336000	19.1	128430
208	-4278657600	20.6	128430
208	-4276065600	24.6	128430
208	-4273387200	21.6	128430
208	-4270708800	18.9	128430
208	-4268116800	10	128430
208	-4265438400	4.5	128430
208	-4262846400	-0.1	128430
208	-4260168000	0	128430
208	-4257489600	2.9	128430
208	-4255070400	5.1	128430
208	-4252392000	9.4	128430
208	-4249800000	15.8	128430
208	-4247121600	18.5	128430
208	-4244529600	21.1	128430
208	-4241851200	19.8	128430
208	-4239172800	13.9	128430
208	-4236580800	10	128430
208	-4233902400	-1.3	128430
208	-4231310400	-3.9	128430
208	-4228632000	-3.9	128430
208	-4225953600	0.7	128430
208	-4223448000	9.4	128430
208	-4220769600	11.2	128430
208	-4218177600	12.9	128430
208	-4215499200	19.1	128430
208	-4212907200	19.7	128430
208	-4210228800	19.9	128430
208	-4207550400	15.6	128430
208	-4204958400	12.6	128430
208	-4202280000	2.6	128430
208	-4199688000	2.7	128430
208	-4197009600	-2.2	128430
208	-4194331200	-1.3	128430
208	-4191912000	2.3	128430
208	-4189233600	10	128430
208	-4186641600	13.2	128430
208	-4183963200	16.2	128430
208	-4181371200	17.6	128430
208	-4178692800	21.2	128430
208	-4176014400	12.9	128430
208	-4173422400	9.6	128430
208	-4170744000	3.8	128430
208	-4168152000	-2.9	128430
208	-4165473600	-7.4	128430
208	-4162795200	-4.1	128430
208	-4160376000	3.9	128430
208	-4157697600	8.2	128430
208	-4155105600	16.1	128430
208	-4152427200	17.9	128430
208	-4149835200	18.6	128430
208	-4147156800	17	128430
208	-4144478400	17.3	128430
208	-4141886400	7.9	128430
208	-4139208000	4.1	128430
208	-4136616000	-1.7	128430
208	-4133937600	-2.5	128430
208	-4131259200	-0.1	128430
208	-4128840000	1.6	128430
208	-4126161600	7.1	128430
208	-4123569600	14.1	128430
208	-4120891200	20.4	128430
208	-4118299200	21.7	128430
208	-4115620800	18.3	128430
208	-4112942400	16.3	128430
208	-4110350400	11.5	128430
208	-4107672000	6.4	128430
208	-4105080000	-0.2	128430
208	-4102401600	-4.7	128430
208	-4099723200	-0.1	128430
208	-4097217600	0.4	128430
208	-4094539200	9.7	128430
208	-4091947200	14.1	128430
208	-4089268800	17.1	128430
208	-4086676800	19.8	128430
208	-4083998400	17.8	128430
208	-4081320000	15.9	128430
208	-4078728000	6.5	128430
208	-4076049600	6.2	128430
208	-4073457600	-9.1	128430
208	-4070779200	-2	128430
208	-4068100800	-4.3	128430
208	-4065681600	4.4	128430
208	-4063003200	13.8	128430
208	-4060411200	18.1	128430
208	-4057732800	19	128430
208	-4055140800	20.8	128430
208	-4052462400	20	128430
208	-4049784000	15.8	128430
208	-4047192000	12.1	128430
208	-4044513600	4.4	128430
208	-4041921600	2.7	128430
208	-4039243200	-3.4	128430
208	-4036564800	-7.2	128430
208	-4034145600	4.6	128430
208	-4031467200	8.5	128430
208	-4028875200	15	128430
208	-4026196800	18	128430
208	-4023604800	20.1	128430
208	-4020926400	22.1	128430
208	-4018248000	15.6	128430
208	-4015656000	7.2	128430
208	-4012977600	2.5	128430
208	-4010385600	0.9	128430
208	-4007707200	0	128430
208	-4005028800	6.4	128430
208	-4002609600	3.3	128430
208	-3999931200	10.9	128430
208	-3997339200	13.7	128430
208	-3994660800	16.5	128430
208	-3992068800	19.5	128430
208	-3989390400	19.7	128430
208	-3986712000	13	128430
208	-3984120000	9.7	128430
208	-3981441600	2.8	128430
208	-3978849600	2.4	128430
208	-3976171200	-3.3	128430
208	-3973492800	-1.1	128430
208	-3970987200	3	128430
208	-3968308800	10.6	128430
208	-3965716800	16	128430
208	-3963038400	18.5	128430
208	-3960446400	18.1	128430
208	-3957768000	16.9	128430
208	-3955089600	15.5	128430
208	-3952497600	11.2	128430
208	-3949819200	6.4	128430
208	-3947227200	-3	128430
208	-3944548800	0.8	128430
208	-3941870400	-3.9	128430
208	-3939451200	-0.5	128430
208	-3936772800	11.4	128430
208	-3934180800	13.1	128430
208	-3931502400	19.8	128430
208	-3928910400	20.3	128430
208	-3926232000	17.4	128430
208	-3923553600	13.7	128430
208	-3920961600	10.8	128430
208	-3918283200	5.5	128430
208	-3915691200	1.4	128430
208	-3913012800	-0.8	128430
208	-3910334400	1.7	128430
208	-3907915200	7.1	128430
208	-3905236800	12	128430
208	-3902644800	16	128430
208	-3899966400	19.4	128430
208	-3897374400	21.5	128430
208	-3894696000	21.1	128430
208	-3892017600	16.3	128430
208	-3889425600	13.8	128430
208	-3886747200	1.9	128430
208	-3884155200	-1.8	128430
208	-3881476800	-4.6	128430
208	-3878798400	-1.3	128430
208	-3876379200	3.4	128430
208	-3873700800	10.2	128430
208	-3871108800	17.5	128430
208	-3868430400	15.5	128430
208	-3865838400	20.2	128430
208	-3863160000	21	128430
208	-3860481600	13	128430
208	-3857889600	8.7	128430
208	-3855211200	2.9	128430
208	-3852619200	-0.1	128430
208	-3849940800	-6.6	128430
208	-3847262400	1.7	128430
208	-3844756800	6.1	128430
208	-3842078400	12.9	128430
208	-3839486400	15.3	128430
208	-3836808000	21.7	128430
208	-3834216000	21.6	128430
208	-3831537600	20.4	128430
208	-3828859200	14.6	128430
208	-3826267200	12.6	128430
208	-3823588800	3.9	128430
208	-3820996800	-1.2	128430
208	-3818318400	-4.3	128430
208	-3815640000	3	128430
208	-3813220800	2.8	128430
208	-3810542400	10.3	128430
208	-3807950400	15.7	128430
208	-3805272000	20	128430
208	-3802680000	19.2	128430
208	-3800001600	18.1	128430
208	-3797323200	13.8	128430
208	-3794731200	10.2	128430
208	-3792052800	3.6	128430
208	-3789460800	-2.9	128430
208	-3786782400	-6.2	128430
208	-3784104000	1.4	128430
208	-3781684800	1.3	128430
208	-3779006400	12.5	128430
208	-3776414400	16.4	128430
208	-3773736000	20.1	128430
208	-3771144000	19.9	128430
208	-3768465600	20.8	128430
208	-3765787200	14	128430
208	-3763195200	9.8	128430
208	-3760516800	5	128430
208	-3757924800	0.6	128430
208	-3755246400	-1.6	128430
208	-3752568000	0.8	128430
208	-3750148800	6	128430
208	-3747470400	12.9	128430
208	-3744878400	13.2	128430
208	-3742200000	18	128430
208	-3739608000	19.2	128430
208	-3736929600	19.2	128430
208	-3734251200	13.8	128430
208	-3731659200	13.6	128430
208	-3728980800	0.8	128430
208	-3726388800	-0.9	128430
208	-3723710400	0	128430
208	-3721032000	2.1	128430
208	-3718526400	2.7	128430
208	-3715848000	8	128430
208	-3713256000	16.9	128430
208	-3710577600	19.6	128430
208	-3707985600	21.3	128430
208	-3705307200	19.5	128430
208	-3702628800	16.2	128430
208	-3700036800	8.4	128430
208	-3697358400	6.5	128430
208	-3694766400	2.5	128430
208	-3692088000	0.9	128430
208	-3689409600	0.1	128430
208	-3686990400	2.7	128430
208	-3684312000	6.7	128430
208	-3681720000	15.9	128430
208	-3679041600	18.9	128430
208	-3676449600	21.8	128430
208	-3673771200	20	128430
208	-3671092800	15	128430
208	-3668500800	10.8	128430
208	-3665822400	3.6	128430
208	-3663230400	-4.1	128430
208	-3660552000	-1.8	128430
208	-3657873600	-0.5	128430
208	-3655454400	3.5	128430
208	-3652776000	9.8	128430
208	-3650184000	17.1	128430
208	-3647505600	18.5	128430
208	-3644913600	20.7	128430
208	-3642235200	18.6	128430
208	-3639556800	14.4	128430
208	-3636964800	10.5	128430
208	-3634286400	1.7	128430
208	-3631694400	1.9	128430
208	-3629016000	-2.5	128430
208	-3626337600	-2.5	128430
208	-3623918400	4.8	128430
208	-3621240000	9.6	128430
208	-3618648000	15.1	128430
208	-3615969600	20.2	128430
208	-3613377600	21	128430
208	-3610699200	20.4	128430
208	-3608020800	14.6	128430
208	-3605428800	12.9	128430
208	-3602750400	4.4	128430
208	-3600158400	-5.7	128430
208	-3597480000	-0.6	128430
208	-3594801600	0.7	128430
208	-3592296000	1.6	128430
208	-3589617600	11.5	128430
208	-3587025600	14.6	128430
208	-3584347200	19.8	128430
208	-3581755200	18.6	128430
208	-3579076800	20.7	128430
208	-3576398400	15	128430
208	-3573806400	11	128430
208	-3571128000	0	128430
208	-3568536000	-1.5	128430
208	-3565857600	-0.8	128430
208	-3563179200	-2.5	128430
208	-3560760000	3.1	128430
208	-3558081600	11.1	128430
208	-3555489600	16.8	128430
208	-3552811200	18.3	128430
208	-3550219200	21.8	128430
208	-3547540800	21.6	128430
208	-3544862400	16	128430
208	-3542270400	13.1	128430
208	-3539592000	2.2	128430
208	-3.537e+09	0.1	128430
208	-3534321600	-4.5	128430
208	-3531643200	-7.3	128430
208	-3529224000	1.6	128430
208	-3526545600	8.7	128430
208	-3523953600	15.1	128430
208	-3521275200	20.9	128430
208	-3518683200	22.5	128430
208	-3516004800	19.9	128430
208	-3513326400	17.5	128430
208	-3510734400	13.8	128430
208	-3508056000	0.5	128430
208	-3505464000	-0.2	128430
208	-3502785600	-2.1	128430
208	-3500107200	2	128430
208	-3497688000	6.1	128430
208	-3495009600	10.2	128430
208	-3492417600	15	128430
208	-3489739200	18.4	128430
208	-3487147200	23.5	128430
208	-3484468800	22.4	128430
208	-3481790400	14.5	128430
208	-3479198400	11.4	128430
208	-3476520000	3	128430
208	-3473928000	-2.7	128430
208	-3471249600	0.6	128430
208	-3468571200	-1	128430
208	-3466065600	2.8	128430
208	-3463387200	11	128430
208	-3460795200	16.6	128430
208	-3458116800	19.3	128430
208	-3455524800	18.3	128430
208	-3452846400	19.5	128430
208	-3450168000	16.2	128430
208	-3447576000	7.9	128430
208	-3444897600	3.2	128430
208	-3442305600	-0.6	128430
208	-3439627200	-4.3	128430
208	-3436948800	3.6	128430
208	-3434529600	5.1	128430
208	-3431851200	8.6	128430
208	-3429259200	12.5	128430
208	-3426580800	20.7	128430
208	-3423988800	21.2	128430
208	-3421310400	21.9	128430
208	-3418632000	16.7	128430
208	-3416040000	10.8	128430
208	-3413361600	4.6	128430
208	-3410769600	-3	128430
208	-3408091200	-3.4	128430
208	-3405412800	-1.1	128430
208	-3402993600	6.6	128430
208	-3400315200	13.2	128430
208	-3397723200	17.2	128430
208	-3395044800	18.8	128430
208	-3392452800	21.2	128430
208	-3389774400	20.2	128430
208	-3387096000	17	128430
208	-3384504000	12.3	128430
208	-3381825600	4.5	128430
208	-3379233600	-1.8	128430
208	-3376555200	1.2	128430
208	-3373876800	1.5	128430
208	-3371457600	7.1	128430
208	-3368779200	10.2	128430
208	-3366187200	18	128430
208	-3363508800	19.6	128430
208	-3360916800	20.6	128430
208	-3358238400	22.1	128430
208	-3355560000	17.8	128430
208	-3352968000	12.6	128430
208	-3350289600	5.4	128430
208	-3347697600	0.1	128430
208	-3345019200	-8.4	128430
208	-3342340800	-0.5	128430
208	-3339835200	6.5	128430
208	-3337156800	7.3	128430
208	-3334564800	12.6	128430
208	-3331886400	19.4	128430
208	-3329294400	18.6	128430
208	-3326616000	18.2	128430
208	-3323937600	16	128430
208	-3321345600	9	128430
208	-3318667200	4.1	128430
208	-3316075200	-3	128430
208	-3313396800	-0.4	128430
208	-3310718400	-3.4	128430
208	-3308299200	0.1	128430
208	-3305620800	11.9	128430
208	-3303028800	18.4	128430
208	-3300350400	16.7	128430
208	-3297758400	23.6	128430
208	-3295080000	19.8	128430
208	-3292401600	15.6	128430
208	-3289809600	10.9	128430
208	-3287131200	5.2	128430
208	-3284539200	-0.6	128430
208	-3281860800	-0.6	128430
208	-3279182400	2.7	128430
208	-3276763200	6	128430
208	-3274084800	12.9	128430
208	-3271492800	12.9	128430
208	-3268814400	22.1	128430
208	-3266222400	20.6	128430
208	-3263544000	18.1	128430
208	-3260865600	18.3	128430
208	-3258273600	7.8	128430
208	-3255595200	3.6	128430
208	-3253003200	-0.9	128430
208	-3250324800	0	128430
208	-3247646400	3	128430
208	-3245227200	2.6	128430
208	-3242548800	10.6	128430
208	-3239956800	15.9	128430
208	-3237278400	18.4	128430
208	-3234686400	19.4	128430
208	-3232008000	20.6	128430
208	-3229329600	16.3	128430
208	-3226737600	9.3	128430
208	-3224059200	1.9	128430
208	-3221467200	-2.4	128430
208	-3218788800	-1.3	128430
208	-3216110400	1.7	128430
208	-3213604800	4.1	128430
208	-3210926400	10.2	128430
208	-3208334400	18.4	128430
208	-3205656000	21	128430
208	-3203064000	21.3	128430
208	-3200385600	20.6	128430
208	-3197707200	17.7	128430
208	-3195115200	12.3	128430
208	-3192436800	3.5	128430
208	-3189844800	3	128430
208	-3187166400	-3.7	128430
208	-3184488000	3.5	128430
208	-3182068800	3.9	128430
208	-3179390400	13.2	128430
208	-3176798400	19.3	128430
208	-3174120000	17.6	128430
208	-3171528000	23	128430
208	-3168849600	19.4	128430
208	-3166171200	16.3	128430
208	-3163579200	8.5	128430
208	-3160900800	4.2	128430
208	-3158308800	1	128430
208	-3155630400	-1.6	128430
208	-3152952000	-5.2	128430
208	-3150532800	2.5	128430
208	-3147854400	9.7	128430
208	-3145262400	16.8	128430
208	-3142584000	17.9	128430
208	-3139992000	21.6	128430
208	-3137313600	17.6	128430
208	-3134635200	12.6	128430
208	-3132043200	9	128430
208	-3129364800	5.5	128430
208	-3126772800	-3.6	128430
208	-3124094400	-3	128430
208	-3121416000	-1.3	128430
208	-3118996800	5.3	128430
208	-3116318400	9.8	128430
208	-3113726400	12.3	128430
208	-3111048000	16.4	128430
208	-3108456000	21.8	128430
208	-3105777600	20.8	128430
208	-3103099200	16.9	128430
208	-3100507200	8.2	128430
208	-3097828800	3.7	128430
208	-3095236800	-7.3	128430
208	-3092558400	-1.4	128430
208	-3089880000	0.9	128430
208	-3087374400	6.2	128430
208	-3084696000	13	128430
208	-3082104000	18.5	128430
208	-3079425600	18.2	128430
208	-3076833600	21.4	128430
208	-3074155200	19.5	128430
208	-3071476800	17.1	128430
208	-3068884800	13.3	128430
208	-3066206400	7	128430
208	-3063614400	2.9	128430
208	-3060936000	0.7	128430
208	-3058257600	1.1	128430
208	-3055838400	8	128430
208	-3053160000	9.7	128430
208	-3050568000	12.5	128430
208	-3047889600	17.9	128430
208	-3045297600	22.6	128430
208	-3042619200	21.9	128430
208	-3039940800	14.7	128430
208	-3037348800	12.7	128430
208	-3034670400	5	128430
208	-3032078400	-1	128430
208	-3029400000	-1.4	128430
208	-3026721600	-0.2	128430
208	-3024302400	3.6	128430
208	-3021624000	12.9	128430
208	-3019032000	12.5	128430
208	-3016353600	20.5	128430
208	-3013761600	23.4	128430
208	-3011083200	19.3	128430
208	-3008404800	17.5	128430
208	-3005812800	10.5	128430
208	-3003134400	0.7	128430
208	-3000542400	0.9	128430
208	-2997864000	-1.8	128430
208	-2995185600	-5	128430
208	-2992766400	-0.5	128430
208	-2990088000	9.1	128430
208	-2987496000	16.1	128430
208	-2984817600	22.6	128430
208	-2982225600	20.7	128430
208	-2979547200	20.6	128430
208	-2976868800	14.3	128430
208	-2974276800	8.6	128430
208	-2971598400	3.3	128430
208	-2969006400	-2.6	128430
208	-2966328000	-5.4	128430
208	-2963649600	-0.9	128430
208	-2961144000	6.8	128430
208	-2958465600	14.1	128430
208	-2955873600	12.2	128430
208	-2953195200	20	128430
208	-2950603200	21.1	128430
208	-2947924800	20.9	128430
208	-2945246400	14.4	128430
208	-2942654400	11.4	128430
208	-2939976000	0.5	128430
208	-2937384000	2.7	128430
208	-2934705600	1	128430
208	-2932027200	1.5	128430
208	-2929608000	3.8	128430
208	-2926929600	8.8	128430
208	-2924337600	13.3	128430
208	-2921659200	20.8	128430
208	-2919067200	20.6	128430
208	-2916388800	22.1	128430
208	-2913710400	12.8	128430
208	-2911118400	7.6	128430
208	-2908440000	4.6	128430
208	-2905848000	-0.5	128430
208	-2903169600	-3.3	128430
208	-2900491200	1.5	128430
208	-2898072000	3.9	128430
208	-2895393600	11.1	128430
208	-2892801600	16.3	128430
208	-2890123200	18.9	128430
208	-2887531200	19.4	128430
208	-2884852800	20.1	128430
208	-2882174400	17.5	128430
208	-2879582400	11.9	128430
208	-2876904000	5.4	128430
208	-2874312000	-1.9	128430
208	-2871633600	-2.8	128430
208	-2868955200	2.2	128430
208	-2866536000	3.8	128430
208	-2863857600	10.2	128430
208	-2861265600	14.1	128430
208	-2858587200	20.1	128430
208	-2855995200	18.5	128430
208	-2853316800	20.2	128430
208	-2850638400	17.2	128430
208	-2848046400	8.8	128430
208	-2845368000	1.1	128430
208	-2842776000	-10.7	128430
208	-2840097600	-3.7	128430
208	-2837419200	-1.7	128430
208	-2834913600	3	128430
208	-2832235200	13.5	128430
208	-2829643200	14.8	128430
208	-2826964800	18.6	128430
208	-2824372800	22.9	128430
208	-2821694400	17.8	128430
208	-2819016000	15.5	128430
208	-2816424000	9.9	128430
208	-2813745600	4.9	128430
208	-2811153600	2.3	128430
208	-2808475200	-4.8	128430
208	-2805796800	-2.1	128430
208	-2803377600	4.4	128430
208	-2800699200	7.7	128430
208	-2798107200	15.5	128430
208	-2795428800	18.1	128430
208	-2792836800	21.7	128430
208	-2790158400	20.2	128430
208	-2787480000	14.3	128430
208	-2784888000	7.5	128430
208	-2782209600	2.4	128430
208	-2779617600	-0.3	128430
208	-2776939200	0.1	128430
208	-2774260800	1.4	128430
208	-2771841600	9.6	128430
208	-2769163200	11	128430
208	-2766571200	15.7	128430
208	-2763892800	17.1	128430
208	-2761300800	21.2	128430
208	-2758622400	17.3	128430
208	-2755944000	15.8	128430
208	-2753352000	10.3	128430
208	-2750673600	4.8	128430
208	-2748081600	1.5	128430
208	-2745403200	-2.3	128430
208	-2742724800	0.9	128430
208	-2740305600	0.6	128430
208	-2737627200	8.4	128430
208	-2735035200	15.5	128430
208	-2732356800	19	128430
208	-2729764800	20.6	128430
208	-2727086400	19.1	128430
208	-2724408000	15	128430
208	-2721816000	10.1	128430
208	-2719137600	3.5	128430
208	-2716545600	-0.3	128430
208	-2713867200	0.5	128430
208	-2711188800	1.9	128430
208	-2708683200	5.8	128430
208	-2706004800	9.4	128430
208	-2703412800	16.5	128430
208	-2700734400	16.5	128430
208	-2698142400	21.3	128430
208	-2695464000	18.3	128430
208	-2692785600	15.6	128430
208	-2690193600	8.9	128430
208	-2687515200	1.2	128430
208	-2684923200	1	128430
208	-2682244800	-1.5	128430
208	-2679566400	1.7	128430
208	-2677147200	6.1	128430
208	-2674468800	13.2	128430
208	-2671876800	13.8	128430
208	-2669198400	20.7	128430
208	-2666606400	21	128430
208	-2663928000	18.2	128430
208	-2661249600	16.3	128430
208	-2658657600	10.2	128430
208	-2655979200	5.2	128430
208	-2653387200	-2.7	128430
208	-2650708800	-0.7	128430
208	-2648030400	-2.5	128430
208	-2645611200	1.1	128430
208	-2642932800	12.1	128430
208	-2640340800	15.9	128430
208	-2637662400	18	128430
208	-2635070400	21.1	128430
208	-2632392000	20.6	128430
208	-2629713600	17.6	128430
208	-2627121600	11	128430
208	-2624443200	5.4	128430
208	-2621851200	1.8	128430
208	-2619172800	-2.5	128430
208	-2616494400	-2.1	128430
208	-2614075200	2.1	128430
208	-2611396800	9.7	128430
208	-2608804800	13.7	128430
208	-2606126400	16.8	128430
208	-2603534400	22.7	128430
208	-2600856000	19.1	128430
208	-2598177600	16.6	128430
208	-2595585600	6.8	128430
208	-2592907200	5.2	128430
208	-2590315200	-2.7	128430
208	-2587636800	-5	128430
208	-2584958400	-3.8	128430
208	-2582452800	5	128430
208	-2579774400	9.7	128430
208	-2577182400	15.9	128430
208	-2574504000	19.1	128430
208	-2571912000	19.3	128430
208	-2569233600	19.6	128430
208	-2566555200	16	128430
208	-2563963200	8.8	128430
208	-2561284800	0.9	128430
208	-2558692800	-0.3	128430
208	-2556014400	-2.6	128430
208	-2553336000	-1.3	128430
208	-2550916800	2	128430
208	-2548238400	10.5	128430
208	-2545646400	18.4	128430
208	-2542968000	21.4	128430
208	-2540376000	20.7	128430
208	-2537697600	19.2	128430
208	-2535019200	12.7	128430
208	-2532427200	11.6	128430
208	-2529748800	3.5	128430
208	-2527156800	-4.6	128430
208	-2524478400	-0.4	128430
208	-2521800000	-1.5	128430
208	-2519380800	6.2	128430
208	-2516702400	11.1	128430
208	-2514110400	17.1	128430
208	-2511432000	17	128430
208	-2508840000	20.8	128430
208	-2506161600	23	128430
208	-2503483200	15.1	128430
208	-2500891200	9.1	128430
208	-2498212800	5.3	128430
208	-2495620800	-3.9	128430
208	-2492942400	-6.9	128430
208	-2490264000	-4.3	128430
208	-2487844800	3.7	128430
208	-2485166400	8.4	128430
208	-2482574400	17.9	128430
208	-2479896000	17.9	128430
208	-2477304000	20	128430
208	-2474625600	18.9	128430
208	-2471947200	15.9	128430
208	-2469355200	12.2	128430
208	-2466676800	3.9	128430
208	-2464084800	0.7	128430
208	-2461406400	-2.5	128430
208	-2458728000	-0.4	128430
208	-2456222400	2.2	128430
208	-2453544000	10.4	128430
208	-2450952000	14.5	128430
208	-2448273600	18.2	128430
208	-2445681600	19.6	128430
208	-2443003200	21.9	128430
208	-2440324800	18.1	128430
208	-2437732800	10.4	128430
208	-2435054400	1.7	128430
208	-2432462400	-3.8	128430
208	-2429784000	-9.8	128430
208	-2427105600	-0.3	128430
208	-2424686400	4.9	128430
208	-2422008000	9.5	128430
208	-2419416000	14.9	128430
208	-2416737600	17.3	128430
208	-2414145600	20.1	128430
208	-2411467200	19	128430
208	-2408788800	15.1	128430
208	-2406196800	11.3	128430
208	-2403518400	3.6	128430
208	-2400926400	0.3	128430
208	-2398248000	-3.5	128430
208	-2395569600	1.7	128430
208	-2393150400	6	128430
208	-2390472000	12.9	128430
208	-2387880000	15.4	128430
208	-2385201600	16.9	128430
208	-2382609600	22.4	128430
208	-2379931200	20.1	128430
208	-2377252800	14	128430
208	-2374660800	10.7	128430
208	-2371982400	4.2	128430
208	-2369390400	-1.2	128430
208	-2366712000	-2.3	128430
208	-2364033600	-5.5	128430
208	-2361614400	2.4	128430
208	-2358936000	10	128430
208	-2356344000	15.1	128430
208	-2353665600	18.1	128430
208	-2351073600	21.2	128430
208	-2348395200	18.8	128430
208	-2345716800	16.6	128430
208	-2343124800	9.9	128430
208	-2340446400	5.2	128430
208	-2337854400	-0.6	128430
208	-2335176000	-7.2	128430
208	-2332497600	-0.4	128430
208	-2329992000	6.2	128430
208	-2327313600	7.9	128430
208	-2324721600	14.8	128430
208	-2322043200	19.3	128430
208	-2319451200	20.8	128430
208	-2316772800	18.2	128430
208	-2314094400	15.8	128430
208	-2311502400	12.9	128430
208	-2308824000	2.9	128430
208	-2306232000	0	128430
208	-2303553600	-0.7	128430
208	-2300875200	1.4	128430
208	-2298456000	6.8	128430
208	-2295777600	10.4	128430
208	-2293185600	13.9	128430
208	-2290507200	19.4	128430
208	-2287915200	20.4	128430
208	-2285236800	20.1	128430
208	-2282558400	16.2	128430
208	-2279966400	8.4	128430
208	-2277288000	1	128430
208	-2274696000	-2.3	128430
208	-2272017600	-1.4	128430
208	-2269339200	1	128430
208	-2266920000	5.2	128430
208	-2264241600	10.9	128430
208	-2261649600	15.8	128430
208	-2258971200	17.4	128430
208	-2256379200	18.3	128430
208	-2253700800	20.3	128430
208	-2251022400	14.8	128430
208	-2248430400	10	128430
208	-2245752000	5.6	128430
208	-2243160000	0.8	128430
208	-2240481600	1.1	128430
208	-2237803200	0.4	128430
208	-2235384000	2.9	128430
208	-2232705600	10.4	128430
208	-2230113600	13.7	128430
208	-2227435200	16.3	128430
208	-2224843200	19.3	128430
208	-2222164800	18.7	128430
208	-2219486400	14.8	128430
208	-2216894400	9.1	128430
208	-2214216000	5.1	128430
208	-2211624000	-3.6	128430
208	-2208945600	0	128430
208	-2206267200	4	128430
208	-2203848000	2.2	128430
208	-2201169600	9.8	128430
208	-2198577600	14.1	128430
208	-2195899200	18.4	128430
208	-2193307200	21.6	128430
208	-2190628800	19.4	128430
208	-2187950400	16.2	128430
208	-2185358400	10.9	128430
208	-2182680000	6.7	128430
208	-2180088000	1	128430
208	-2177409600	-5.8	128430
208	-2174731200	-3.1	128430
208	-2172312000	4.8	128430
208	-2169633600	10.7	128430
208	-2167041600	15.8	128430
208	-2164363200	19.9	128430
208	-2161771200	21.2	128430
208	-2159092800	19.7	128430
208	-2156414400	14.8	128430
208	-2153822400	11.5	128430
208	-2151144000	3.7	128430
208	-2148552000	3.1	128430
208	-2145873600	2.3	128430
208	-2143195200	1.7	128430
208	-2140776000	4.4	128430
208	-2138097600	9.5	128430
208	-2135505600	11.4	128430
208	-2132827200	17.4	128430
208	-2130235200	19.1	128430
208	-2127556800	20	128430
208	-2124878400	15	128430
208	-2122286400	9.7	128430
208	-2119608000	1.4	128430
208	-2117016000	-4.2	128430
208	-2114337600	-2.2	128430
208	-2111659200	2.9	128430
208	-2109240000	7.6	128430
208	-2106561600	7.6	128430
208	-2103969600	15.4	128430
208	-2101291200	18	128430
208	-2098699200	19.8	128430
208	-2096020800	19	128430
208	-2093342400	16	128430
208	-2090750400	10.6	128430
208	-2088072000	5.5	128430
208	-2085480000	1.4	128430
208	-2082801600	-2.6	128430
208	-2080123200	2.6	128430
208	-2077617600	5.5	128430
208	-2074939200	10.9	128430
208	-2072347200	14.8	128430
208	-2069668800	18.8	128430
208	-2067076800	22.7	128430
208	-2064398400	20.5	128430
208	-2061720000	14.7	128430
208	-2059128000	10.5	128430
208	-2056449600	2.2	128430
208	-2053857600	1.3	128430
208	-2051179200	-4.3	128430
208	-2048500800	0.7	128430
208	-2046081600	6.1	128430
208	-2043403200	8.5	128430
208	-2040811200	15.4	128430
208	-2038132800	19.3	128430
208	-2035540800	22.5	128430
208	-2032862400	21.2	128430
208	-2030184000	16.9	128430
208	-2027592000	6	128430
208	-2024913600	5.7	128430
208	-2022321600	1.2	128430
208	-2019643200	-1.2	128430
208	-2016964800	1.7	128430
208	-2014545600	5.1	128430
208	-2011867200	11.2	128430
208	-2009275200	16.2	128430
208	-2006596800	18	128430
208	-2004004800	20.4	128430
208	-2001326400	19.1	128430
208	-1998648000	14.2	128430
208	-1996056000	10	128430
208	-1993377600	7.3	128430
208	-1990785600	-1.3	128430
208	-1988107200	-2.8	128430
208	-1985428800	-2.3	128430
208	-1983009600	2.3	128430
208	-1980331200	7.4	128430
208	-1977739200	17.3	128430
208	-1975060800	18.9	128430
208	-1972468800	18.7	128430
208	-1969790400	19.3	128430
208	-1967112000	15.4	128430
208	-1964520000	14.8	128430
208	-1961841600	3.6	128430
208	-1959249600	1.8	128430
208	-1956571200	-2.9	128430
208	-1953892800	1.4	128430
208	-1951387200	4.4	128430
208	-1948708800	9.2	128430
208	-1946116800	17.9	128430
208	-1943438400	20.4	128430
208	-1940846400	20.6	128430
208	-1938168000	17.8	128430
208	-1935489600	14.5	128430
208	-1932897600	9.8	128430
208	-1930219200	0.1	128430
208	-1927627200	-1.1	128430
208	-1924948800	-3.5	128430
208	-1922270400	-2.6	128430
208	-1919851200	4.3	128430
208	-1917172800	10.6	128430
208	-1914580800	14.4	128430
208	-1911902400	18.3	128430
208	-1909310400	19	128430
208	-1906632000	20.7	128430
208	-1903953600	16.7	128430
208	-1901361600	13	128430
208	-1898683200	3.7	128430
208	-1896091200	2.7	128430
208	-1893412800	0.4	128430
208	-1890734400	4.2	128430
208	-1888315200	6.5	128430
208	-1885636800	9.9	128430
208	-1883044800	15.3	128430
208	-1880366400	19.1	128430
208	-1877774400	19.4	128430
208	-1875096000	19.2	128430
208	-1872417600	13.4	128430
208	-1869825600	9.2	128430
208	-1867147200	2.9	128430
208	-1864555200	3.5	128430
208	-1861876800	-0.1	128430
208	-1859198400	-1.5	128430
208	-1856779200	4.7	128430
208	-1854100800	9.6	128430
208	-1851508800	15.2	128430
208	-1848830400	17.8	128430
208	-1846238400	21.4	128430
208	-1843560000	20.9	128430
208	-1840881600	15.9	128430
208	-1838289600	9.3	128430
208	-1835611200	6.6	128430
208	-1833019200	2.2	128430
208	-1830340800	-4.4	128430
208	-1827662400	1.7	128430
208	-1825156800	6.9	128430
208	-1822478400	8.2	128430
208	-1819886400	14.5	128430
208	-1817208000	19.1	128430
208	-1814616000	20.2	128430
208	-1811937600	17.7	128430
208	-1809259200	10.4	128430
208	-1806667200	7.3	128430
208	-1803988800	1.5	128430
208	-1801396800	1.2	128430
208	-1798718400	-3	128430
208	-1796040000	-1.2	128430
208	-1793620800	7.1	128430
208	-1790942400	9.6	128430
208	-1788350400	14.5	128430
208	-1785672000	17.8	128430
208	-1783080000	17.1	128430
208	-1780401600	17.4	128430
208	-1777723200	15.1	128430
208	-1775131200	9.7	128430
208	-1772452800	5.8	128430
208	-1769860800	1.6	128430
208	-1767182400	-5.1	128430
208	-1764504000	-2.2	128430
208	-1762084800	5.8	128430
208	-1759406400	12.3	128430
208	-1756814400	14.8	128430
208	-1754136000	17.4	128430
208	-1751544000	19	128430
208	-1748865600	19.1	128430
208	-1746187200	13.6	128430
208	-1743595200	8.9	128430
208	-1740916800	2.5	128430
208	-1738324800	2.2	128430
208	-1735646400	1.1	128430
208	-1732968000	1.1	128430
208	-1730548800	2.5	128430
208	-1727870400	10	128430
208	-1725278400	16.3	128430
208	-1722600000	19.6	128430
208	-1720008000	19.3	128430
208	-1717329600	17.5	128430
208	-1714651200	12.6	128430
208	-1712059200	8.5	128430
208	-1709380800	2.3	128430
208	-1706788800	4	128430
208	-1704110400	2.7	128430
208	-1701432000	0.4	128430
208	-1698926400	8.2	128430
208	-1696248000	10.5	128430
208	-1693656000	15.4	128430
208	-1690977600	16.8	128430
208	-1688385600	19.9	128430
208	-1685707200	18.8	128430
208	-1683028800	13.8	128430
208	-1680436800	9.5	128430
208	-1677758400	5.8	128430
208	-1675166400	3.4	128430
208	-1672488000	-0.6	128430
208	-1669809600	-5.1	128430
208	-1667390400	2.9	128430
208	-1664712000	8.2	128430
208	-1662120000	16.1	128430
208	-1659441600	20.8	128430
208	-1656849600	21.5	128430
208	-1654171200	21.5	128430
208	-1651492800	17	128430
208	-1648900800	10.5	128430
208	-1646222400	5.9	128430
208	-1643630400	-2.1	128430
208	-1640952000	0	128430
208	-1638273600	0.7	128430
208	-1635854400	5.7	128430
208	-1633176000	12.9	128430
208	-1630584000	15.7	128430
208	-1627905600	16.5	128430
208	-1625313600	19.8	128430
208	-1622635200	18.8	128430
208	-1619956800	16.1	128430
208	-1617364800	10.3	128430
208	-1614686400	2.4	128430
208	-1612094400	0.6	128430
208	-1609416000	1.4	128430
208	-1606737600	0.4	128430
208	-1604318400	5.6	128430
208	-1601640000	9.6	128430
208	-1599048000	11.2	128430
208	-1596369600	17.7	128430
208	-1593777600	18.4	128430
208	-1591099200	19.3	128430
208	-1588420800	17.4	128430
208	-1585828800	8.9	128430
208	-1583150400	2.5	128430
208	-1580558400	0.2	128430
208	-1577880000	2	128430
208	-1575201600	1.4	128430
208	-1572696000	7.3	128430
208	-1570017600	13.6	128430
208	-1567425600	17.8	128430
208	-1564747200	16.9	128430
208	-1562155200	20.9	128430
208	-1559476800	17.8	128430
208	-1556798400	15.3	128430
208	-1554206400	7.2	128430
208	-1551528000	-0.5	128430
208	-1548936000	1.6	128430
208	-1546257600	3.5	128430
208	-1543579200	0.8	128430
208	-1541160000	6.5	128430
208	-1538481600	9.9	128430
208	-1535889600	16.9	128430
208	-1533211200	17.1	128430
208	-1530619200	21.5	128430
208	-1527940800	20.7	128430
208	-1525262400	15.1	128430
208	-1522670400	10.7	128430
208	-1519992000	1.7	128430
208	-1517400000	-0.1	128430
208	-1514721600	-2.6	128430
208	-1512043200	-3.2	128430
208	-1509624000	6.1	128430
208	-1506945600	8.8	128430
208	-1504353600	16.1	128430
208	-1501675200	19.5	128430
208	-1499083200	20.3	128430
208	-1496404800	19.7	128430
208	-1493726400	13.2	128430
208	-1491134400	7.8	128430
208	-1488456000	1.6	128430
208	-1485864000	-0.4	128430
208	-1483185600	0.7	128430
208	-1480507200	0.8	128430
208	-1478088000	6.1	128430
208	-1475409600	8.8	128430
208	-1472817600	16.8	128430
208	-1470139200	15.6	128430
208	-1467547200	21.1	128430
208	-1464868800	20.1	128430
208	-1462190400	16.1	128430
208	-1459598400	12.8	128430
208	-1456920000	5.9	128430
208	-1454328000	0.1	128430
208	-1451649600	-4.2	128430
208	-1448971200	-1.4	128430
208	-1446465600	3.9	128430
208	-1443787200	8.8	128430
208	-1441195200	17.5	128430
208	-1438516800	18.8	128430
208	-1435924800	19.8	128430
208	-1433246400	18	128430
208	-1430568000	16.7	128430
208	-1427976000	10.4	128430
208	-1425297600	2.3	128430
208	-1422705600	-1.1	128430
208	-1420027200	-0.9	128430
208	-1417348800	4.7	128430
208	-1414929600	4.2	128430
208	-1412251200	10.6	128430
208	-1409659200	17.1	128430
208	-1406980800	17.1	128430
208	-1404388800	20.3	128430
208	-1401710400	19.4	128430
208	-1399032000	13.6	128430
208	-1396440000	10.6	128430
208	-1393761600	5	128430
208	-1391169600	-3.4	128430
208	-1388491200	-0.9	128430
208	-1385812800	4	128430
208	-1383393600	4.7	128430
208	-1380715200	12	128430
208	-1378123200	14.7	128430
208	-1375444800	16.7	128430
208	-1372852800	19.5	128430
208	-1370174400	17.7	128430
208	-1367496000	16.7	128430
208	-1364904000	11.1	128430
208	-1362225600	9.4	128430
208	-1359633600	1	128430
208	-1356955200	1.6	128430
208	-1354276800	-0.3	128430
208	-1351857600	7.6	128430
208	-1349179200	9.9	128430
208	-1346587200	14.2	128430
208	-1343908800	19.7	128430
208	-1341316800	21.3	128430
208	-1338638400	20.4	128430
208	-1335960000	16.3	128430
208	-1333368000	9.5	128430
208	-1330689600	5.2	128430
208	-1328097600	-4.1	128430
208	-1325419200	-1.4	128430
208	-1322740800	1.2	128430
208	-1320235200	3.6	128430
208	-1317556800	11	128430
208	-1314964800	12.7	128430
208	-1312286400	17.7	128430
208	-1309694400	23.4	128430
208	-1307016000	21.2	128430
208	-1304337600	16	128430
208	-1301745600	10.2	128430
208	-1299067200	7	128430
208	-1296475200	-0.5	128430
208	-1293796800	-4.9	128430
208	-1291118400	-8.6	128430
208	-1288699200	1.4	128430
208	-1286020800	6.7	128430
208	-1283428800	16.6	128430
208	-1280750400	17.7	128430
208	-1278158400	20.9	128430
208	-1275480000	22	128430
208	-1272801600	16.2	128430
208	-1270209600	11.9	128430
208	-1267531200	6.3	128430
208	-1264939200	2.1	128430
208	-1262260800	-0.8	128430
208	-1259582400	0.6	128430
208	-1257163200	6.7	128430
208	-1254484800	11.6	128430
208	-1251892800	14.8	128430
208	-1249214400	20.9	128430
208	-1246622400	20.6	128430
208	-1243944000	19.2	128430
208	-1241265600	17	128430
208	-1238673600	10.4	128430
208	-1235995200	6.9	128430
208	-1233403200	0.4	128430
208	-1230724800	-0.7	128430
208	-1228046400	0.8	128430
208	-1225627200	1.2	128430
208	-1222948800	8.2	128430
208	-1220356800	18.3	128430
208	-1217678400	20.8	128430
208	-1215086400	22.2	128430
208	-1212408000	19.1	128430
208	-1209729600	11.8	128430
208	-1207137600	9.1	128430
208	-1204459200	3.8	128430
208	-1201867200	-1.3	128430
208	-1199188800	-2.3	128430
208	-1196510400	-3.2	128430
208	-1194004800	0.7	128430
208	-1191326400	10.3	128430
208	-1188734400	16.1	128430
208	-1186056000	17.4	128430
208	-1183464000	22.1	128430
208	-1180785600	20.6	128430
208	-1178107200	19.2	128430
208	-1175515200	11.6	128430
208	-1172836800	4.2	128430
208	-1170244800	-0.1	128430
208	-1167566400	-3.2	128430
208	-1164888000	1.3	128430
208	-1162468800	6	128430
208	-1159790400	8.6	128430
208	-1157198400	14.4	128430
208	-1154520000	16.6	128430
208	-1151928000	21.2	128430
208	-1149249600	20.2	128430
208	-1146571200	15.1	128430
208	-1143979200	10.2	128430
208	-1141300800	4.7	128430
208	-1138708800	-5.2	128430
208	-1136030400	-2.6	128430
208	-1133352000	0.6	128430
208	-1130932800	8.7	128430
208	-1128254400	13.6	128430
208	-1125662400	18.1	128430
208	-1122984000	18	128430
208	-1120392000	21.1	128430
208	-1117713600	20.4	128430
208	-1115035200	17.3	128430
208	-1112443200	10.7	128430
208	-1109764800	6.1	128430
208	-1107172800	4	128430
208	-1104494400	-3.1	128430
208	-1101816000	-0.3	128430
208	-1099396800	3.8	128430
208	-1096718400	10.3	128430
208	-1094126400	14.1	128430
208	-1091448000	20.9	128430
208	-1088856000	20.9	128430
208	-1086177600	19.2	128430
208	-1083499200	15.5	128430
208	-1080907200	12.8	128430
208	-1078228800	4	128430
208	-1075636800	0.4	128430
208	-1072958400	2.9	128430
208	-1070280000	1.5	128430
208	-1067774400	7.7	128430
208	-1065096000	10.6	128430
208	-1062504000	16.6	128430
208	-1059825600	18.3	128430
208	-1057233600	22.6	128430
208	-1054555200	18.4	128430
208	-1051876800	14.9	128430
208	-1049284800	6.8	128430
208	-1046606400	4.3	128430
208	-1044014400	-0.3	128430
208	-1041336000	-3.6	128430
208	-1038657600	0.9	128430
208	-1036238400	6.7	128430
208	-1033560000	9.8	128430
208	-1030968000	18.2	128430
208	-1028289600	19.8	128430
208	-1025697600	20.6	128430
208	-1023019200	19.8	128430
208	-1020340800	16.8	128430
208	-1017748800	10.8	128430
208	-1015070400	4.7	128430
208	-1012478400	-0.4	128430
208	-1009800000	-1.3	128430
208	-1007121600	1.7	128430
208	-1004702400	8.4	128430
208	-1002024000	8.1	128430
208	-999432000	14.1	128430
208	-996753600	20.6	128430
208	-994161600	21	128430
208	-991483200	19.8	128430
208	-988804800	14.7	128430
208	-986212800	11.7	128430
208	-983534400	6.4	128430
208	-980942400	-1	128430
208	-978264000	0.4	128430
208	-975585600	2.6	128430
208	-973166400	2.7	128430
208	-970488000	13.4	128430
208	-967896000	14.7	128430
208	-965217600	19.6	128430
208	-962625600	21.3	128430
208	-959947200	20.5	128430
208	-957268800	15.4	128430
208	-954676800	9	128430
208	-951998400	5.3	128430
208	-949406400	-0.3	128430
208	-946728000	-8.1	128430
208	-944049600	-5.8	128430
208	-941544000	1.6	128430
208	-938865600	10.7	128430
208	-936273600	13.5	128430
208	-933595200	18.3	128430
208	-931003200	19.7	128430
208	-928324800	16.7	128430
208	-925646400	15.2	128430
208	-923054400	9.9	128430
208	-920376000	7.2	128430
208	-917784000	-4.1	128430
208	-915105600	-3.4	128430
208	-912427200	1.4	128430
208	-910008000	5.4	128430
208	-907329600	9.5	128430
208	-904737600	12.8	128430
208	-902059200	17.6	128430
208	-899467200	19.8	128430
208	-896788800	18.8	128430
208	-894110400	13.7	128430
208	-891518400	9	128430
208	-888840000	1.9	128430
208	-886248000	0.9	128430
208	-883569600	-9.6	128430
208	-880891200	-3.1	128430
208	-878472000	2	128430
208	-875793600	9	128430
208	-873201600	15.7	128430
208	-870523200	18.6	128430
208	-867931200	19.8	128430
208	-865252800	20.1	128430
208	-862574400	19.6	128430
208	-859982400	11.8	128430
208	-857304000	3.7	128430
208	-854712000	1.3	128430
208	-852033600	-5.2	128430
208	-849355200	2.5	128430
208	-846936000	6.6	128430
208	-844257600	11.9	128430
208	-841665600	14.4	128430
208	-838987200	17	128430
208	-836395200	20.6	128430
208	-833716800	22.7	128430
208	-831038400	17.7	128430
208	-828446400	12.6	128430
208	-825768000	4	128430
208	-823176000	0.4	128430
208	-820497600	1.9	128430
208	-817819200	0	128430
208	-815313600	1.9	128430
208	-812635200	10.8	128430
208	-810043200	14.1	128430
208	-807364800	17.7	128430
208	-804772800	19.8	128430
208	-802094400	21.7	128430
208	-799416000	15.6	128430
208	-796824000	11.8	128430
208	-794145600	4.5	128430
208	-791553600	-0.7	128430
208	-788875200	-4.6	128430
208	-786196800	1	128430
208	-783777600	5.9	128430
208	-781099200	11.4	128430
208	-778507200	17.4	128430
208	-775828800	19.9	128430
208	-773236800	21.4	128430
208	-770558400	20.2	128430
208	-767880000	16.1	128430
208	-765288000	9.6	128430
208	-762609600	4.5	128430
208	-760017600	0.5	128430
208	-757339200	-3.9	128430
208	-754660800	1.7	128430
208	-752241600	6.4	128430
208	-749563200	13.5	128430
208	-746971200	18.1	128430
208	-744292800	20.1	128430
208	-741700800	22.6	128430
208	-739022400	21.9	128430
208	-736344000	17.6	128430
208	-733752000	6.8	128430
208	-731073600	5	128430
208	-728481600	-1.3	128430
208	-725803200	-6.8	128430
208	-723124800	-2.9	128430
208	-720705600	5.6	128430
208	-718027200	13.1	128430
208	-715435200	17.2	128430
208	-712756800	20.2	128430
208	-710164800	22.5	128430
208	-707486400	21.2	128430
208	-704808000	19.8	128430
208	-702216000	9	128430
208	-699537600	6	128430
208	-696945600	1.5	128430
208	-694267200	3.1	128430
208	-691588800	0.1	128430
208	-689083200	6.3	128430
208	-686404800	12.9	128430
208	-683812800	17.4	128430
208	-681134400	17.7	128430
208	-678542400	19	128430
208	-675864000	20.4	128430
208	-673185600	17.3	128430
208	-670593600	11.2	128430
208	-667915200	3.3	128430
208	-665323200	-3.6	128430
208	-662644800	0.7	128430
208	-659966400	1.7	128430
208	-657547200	3.5	128430
208	-654868800	12.7	128430
208	-652276800	16.9	128430
208	-649598400	17.5	128430
208	-647006400	20.5	128430
208	-644328000	19.5	128430
208	-641649600	17.5	128430
208	-639057600	11.4	128430
208	-636379200	6.5	128430
208	-633787200	2.4	128430
208	-631108800	-4.3	128430
208	-628430400	0.8	128430
208	-626011200	7.1	128430
208	-623332800	11.5	128430
208	-620740800	17.9	128430
208	-618062400	20.6	128430
208	-615470400	23.1	128430
208	-612792000	21.4	128430
208	-610113600	16.4	128430
208	-607521600	8.8	128430
208	-604843200	5.1	128430
208	-602251200	2.6	128430
208	-599572800	1.7	128430
208	-596894400	3.1	128430
208	-594475200	5.3	128430
208	-591796800	11.4	128430
208	-589204800	15.5	128430
208	-586526400	19.5	128430
208	-583934400	21.1	128430
208	-581256000	21.6	128430
208	-578577600	17.4	128430
208	-575985600	9.1	128430
208	-573307200	7.2	128430
208	-570715200	1.1	128430
208	-568036800	0.1	128430
208	-565358400	0.5	128430
208	-562852800	1.8	128430
208	-560174400	14.1	128430
208	-557582400	14.7	128430
208	-554904000	19.2	128430
208	-552312000	22.9	128430
208	-549633600	22.7	128430
208	-546955200	14.5	128430
208	-544363200	9.5	128430
208	-541684800	3.6	128430
208	-539092800	-0.3	128430
208	-536414400	0.2	128430
208	-533736000	1.4	128430
208	-531316800	5.8	128430
208	-528638400	11.5	128430
208	-526046400	14.6	128430
208	-523368000	19.2	128430
208	-520776000	21.7	128430
208	-518097600	18.6	128430
208	-515419200	17.1	128430
208	-512827200	11.7	128430
208	-510148800	3.5	128430
208	-507556800	-0.1	128430
208	-504878400	-6.6	128430
208	-502200000	-6.1	128430
208	-499780800	6	128430
208	-497102400	8.2	128430
208	-494510400	15.6	128430
208	-491832000	20.5	128430
208	-489240000	18.7	128430
208	-486561600	20.6	128430
208	-483883200	17.7	128430
208	-481291200	10	128430
208	-478612800	4.4	128430
208	-476020800	3.1	128430
208	-473342400	-1.8	128430
208	-470664000	0.6	128430
208	-468244800	3.4	128430
208	-465566400	7.9	128430
208	-462974400	14.4	128430
208	-460296000	18.4	128430
208	-457704000	20	128430
208	-455025600	19	128430
208	-452347200	16.5	128430
208	-449755200	10.4	128430
208	-447076800	4.7	128430
208	-444484800	2.6	128430
208	-441806400	0.6	128430
208	-439128000	-8.3	128430
208	-436622400	2.1	128430
208	-433944000	10.2	128430
208	-431352000	15.1	128430
208	-428673600	18	128430
208	-426081600	20.8	128430
208	-423403200	20	128430
208	-420724800	16.7	128430
208	-418132800	9.8	128430
208	-415454400	1.3	128430
208	-412862400	0.5	128430
208	-410184000	-2.1	128430
208	-407505600	3.8	128430
208	-405086400	6.4	128430
208	-402408000	11.6	128430
208	-399816000	13	128430
208	-397137600	21.1	128430
208	-394545600	21.3	128430
208	-391867200	19.2	128430
208	-389188800	15.1	128430
208	-386596800	10.3	128430
208	-383918400	6	128430
208	-381326400	0.5	128430
208	-378648000	-1.4	128430
208	-375969600	3	128430
208	-373550400	1.1	128430
208	-370872000	8.4	128430
208	-368280000	19.5	128430
208	-365601600	17.5	128430
208	-363009600	21.3	128430
208	-360331200	20.9	128430
208	-357652800	16.4	128430
208	-355060800	10.7	128430
208	-352382400	5.7	128430
208	-349790400	2.8	128430
208	-347112000	-0.7	128430
208	-344433600	-0.3	128430
208	-342014400	8.1	128430
208	-339336000	11	128430
208	-336744000	15.6	128430
208	-334065600	18.2	128430
208	-331473600	22	128430
208	-328795200	19.9	128430
208	-326116800	14.6	128430
208	-323524800	9.8	128430
208	-320846400	4.9	128430
208	-318254400	3.4	128430
208	-315576000	-2	128430
208	-312897600	-0.2	128430
208	-310392000	6	128430
208	-307713600	10.5	128430
208	-305121600	14.9	128430
208	-302443200	19.6	128430
208	-299851200	19.1	128430
208	-297172800	20.1	128430
208	-294494400	14.6	128430
208	-291902400	11.4	128430
208	-289224000	7	128430
208	-286632000	3.9	128430
208	-283953600	-1.8	128430
208	-281275200	2.8	128430
208	-278856000	8.3	128430
208	-276177600	13.7	128430
208	-273585600	13.9	128430
208	-270907200	19.5	128430
208	-268315200	18.8	128430
208	-265636800	20.2	128430
208	-262958400	18.3	128430
208	-260366400	12.8	128430
208	-257688000	5.5	128430
208	-255096000	-0.7	128430
208	-252417600	-0.3	128430
208	-249739200	0.1	128430
208	-247320000	1.5	128430
208	-244641600	12.3	128430
208	-242049600	13.9	128430
208	-239371200	17	128430
208	-236779200	18.5	128430
208	-234100800	22	128430
208	-231422400	15.2	128430
208	-228830400	11.2	128430
208	-226152000	5	128430
208	-223560000	-2.8	128430
208	-220881600	-6.3	128430
208	-218203200	-4.8	128430
208	-215784000	2.3	128430
208	-213105600	12.1	128430
208	-210513600	16.2	128430
208	-207835200	19.5	128430
208	-205243200	22.5	128430
208	-202564800	20.4	128430
208	-199886400	16.8	128430
208	-197294400	10.1	128430
208	-194616000	8.3	128430
208	-192024000	-4.6	128430
208	-189345600	-7.8	128430
208	-186667200	0	128430
208	-184161600	2.5	128430
208	-181483200	12	128430
208	-178891200	16	128430
208	-176212800	22.4	128430
208	-173620800	21.6	128430
208	-170942400	19.3	128430
208	-168264000	16.1	128430
208	-165672000	10.6	128430
208	-162993600	6.9	128430
208	-160401600	-0.5	128430
208	-157723200	-0.2	128430
208	-155044800	-2.3	128430
208	-152625600	5.6	128430
208	-149947200	9.5	128430
208	-147355200	14.3	128430
208	-144676800	18.5	128430
208	-142084800	19.7	128430
208	-139406400	18.3	128430
208	-136728000	16.5	128430
208	-134136000	10.2	128430
208	-131457600	2.2	128430
208	-128865600	1.1	128430
208	-126187200	-4.2	128430
208	-123508800	5.6	128430
208	-121089600	5.4	128430
208	-118411200	12.7	128430
208	-115819200	15.8	128430
208	-113140800	18.8	128430
208	-110548800	19.5	128430
208	-107870400	19.2	128430
208	-105192000	16.3	128430
208	-102600000	15	128430
208	-99921600	5.4	128430
208	-97329600	1.3	128430
208	-94651200	-2.8	128430
208	-91972800	1.7	128430
208	-89553600	7.1	128430
208	-86875200	10.6	128430
208	-84283200	16.1	128430
208	-81604800	18.8	128430
208	-79012800	22.8	128430
208	-76334400	21.7	128430
208	-73656000	18.2	128430
208	-71064000	12.6	128430
208	-68385600	4.7	128430
208	-65793600	-0.2	128430
208	-63115200	-2.3	128430
208	-60436800	2.8	128430
208	-57931200	6	128430
208	-55252800	13.1	128430
208	-52660800	16.7	128430
208	-49982400	20.7	128430
208	-47390400	21	128430
208	-44712000	19.3	128430
208	-42033600	16.1	128430
208	-39441600	11.1	128430
208	-36763200	6.8	128430
208	-34171200	-1.9	128430
208	-31492800	-3.2	128430
208	-28814400	-0.5	128430
208	-26395200	3.5	128430
208	-23716800	10.6	128430
208	-21124800	18.4	128430
208	-18446400	18.1	128430
208	-15854400	21.1	128430
208	-13176000	19.3	128430
208	-10497600	16.9	128430
208	-7905600	12.2	128430
208	-5227200	7.5	128430
208	-2635200	-2.2	128430
208	43200	-2	128430
208	2721600	-0.5	128430
208	5140800	3.9	128430
208	7819200	10.2	128430
208	10411200	14.3	128430
208	13089600	19.9	128430
208	15681600	20.2	128430
208	18360000	19.8	128430
208	21038400	15.7	128430
208	23630400	9.8	128430
208	26308800	7.6	128430
208	28900800	0.4	128430
208	31579200	-1.9	128430
208	34257600	2.3	128430
208	36676800	3.2	128430
208	39355200	11.5	128430
208	41947200	17.8	128430
208	44625600	18.1	128430
208	47217600	21.2	128430
208	49896000	22	128430
208	52574400	14.6	128430
208	55166400	9.9	128430
208	57844800	4.6	128430
208	60436800	3.1	128430
208	63115200	-1.3	128430
208	65793600	3.2	128430
208	68299200	7.9	128430
208	70977600	12.1	128430
208	73569600	15.1	128430
208	76248000	19.9	128430
208	78840000	21.7	128430
208	81518400	19.2	128430
208	84196800	13.5	128430
208	86788800	8.9	128430
208	89467200	5.3	128430
208	92059200	0.8	128430
208	94737600	-0.7	128430
208	97416000	2.6	128430
208	99835200	5.9	128430
208	102513600	9.8	128430
208	105105600	17.1	128430
208	107784000	19	128430
208	110376000	20.6	128430
208	113054400	21.1	128430
208	115732800	17.4	128430
208	118324800	9.8	128430
208	121003200	3	128430
208	123595200	-0.3	128430
208	126273600	0.9	128430
208	128952000	5	128430
208	131371200	8.8	128430
208	134049600	10.7	128430
208	136641600	14.4	128430
208	139320000	16.9	128430
208	141912000	20	128430
208	144590400	22.3	128430
208	147268800	16.4	128430
208	149860800	7.4	128430
208	152539200	5.3	128430
208	155131200	3.2	128430
208	157809600	2	128430
208	160488000	0.9	128430
208	162907200	7.9	128430
208	165585600	10.5	128430
208	168177600	17.4	128430
208	170856000	18.5	128430
208	173448000	20.7	128430
208	176126400	20.1	128430
208	178804800	17.9	128430
208	181396800	10.6	128430
208	184075200	3.4	128430
208	186667200	0.9	128430
208	189345600	0.3	128430
208	192024000	-0.3	128430
208	194529600	2.4	128430
208	197208000	11.7	128430
208	199800000	15.7	128430
208	202478400	18.9	128430
208	205070400	21.9	128430
208	207748800	17.9	128430
208	210427200	14.7	128430
208	213019200	11.2	128430
208	215697600	6.5	128430
208	218289600	0.1	128430
208	220968000	-0.3	128430
208	223646400	3.9	128430
208	226065600	8.8	128430
208	228744000	9.3	128430
208	231336000	16.2	128430
208	234014400	19.7	128430
208	236606400	20.1	128430
208	239284800	19.4	128430
208	241963200	14.4	128430
208	244555200	12	128430
208	247233600	5.5	128430
208	249825600	-1.2	128430
208	252504000	0	128430
208	255182400	-0.2	128430
208	257601600	6.8	128430
208	260280000	9.8	128430
208	262872000	13.5	128430
208	265550400	18.1	128430
208	268142400	18.7	128430
208	270820800	18.5	128430
208	273499200	15	128430
208	276091200	11.2	128430
208	278769600	1.9	128430
208	281361600	0.8	128430
208	284040000	-2.8	128430
208	286718400	1.8	128430
208	289137600	7.5	128430
208	291816000	9.7	128430
208	294408000	17	128430
208	297086400	21.7	128430
208	299678400	19	128430
208	302356800	19.6	128430
208	305035200	17	128430
208	307627200	9.3	128430
208	310305600	5.4	128430
208	312897600	3.7	128430
208	315576000	-3.6	128430
208	318254400	1.5	128430
208	320760000	4.7	128430
208	323438400	8.6	128430
208	326030400	13.3	128430
208	328708800	18.3	128430
208	331300800	19.2	128430
208	333979200	19.9	128430
208	336657600	15.1	128430
208	339249600	10.6	128430
208	341928000	3.2	128430
208	344520000	0	128430
208	347198400	-2.4	128430
208	349876800	1.7	128430
208	352296000	8.5	128430
208	354974400	10.5	128430
208	357566400	15.9	128430
208	360244800	20	128430
208	362836800	20.2	128430
208	365515200	20.1	128430
208	368193600	17.1	128430
208	370785600	11.7	128430
208	373464000	4.9	128430
208	376056000	-0.7	128430
208	378734400	-4.1	128430
208	381412800	-0.8	128430
208	383832000	5.9	128430
208	386510400	8.8	128430
208	389102400	16.8	128430
208	391780800	19.8	128430
208	394372800	21.5	128430
208	397051200	21	128430
208	399729600	19.8	128430
208	402321600	11.9	128430
208	4.05e+08	5.1	128430
208	407592000	3.2	128430
208	410270400	3.8	128430
208	412948800	0.1	128430
208	415368000	7.2	128430
208	418046400	13	128430
208	420638400	17.7	128430
208	423316800	19.3	128430
208	425908800	23.7	128430
208	428587200	21.5	128430
208	431265600	17	128430
208	433857600	10.6	128430
208	436536000	2.4	128430
208	439128000	0.2	128430
208	441806400	0.1	128430
208	444484800	1.1	128430
208	446990400	5.2	128430
208	449668800	10.8	128430
208	452260800	15	128430
208	454939200	17.5	128430
208	457531200	19.3	128430
208	460209600	20	128430
208	462888000	16.4	128430
208	465480000	11.9	128430
208	468158400	5	128430
208	470750400	0.3	128430
208	473428800	-5.2	128430
208	476107200	-4.6	128430
208	478526400	4.4	128430
208	481204800	11.3	128430
208	483796800	16.6	128430
208	486475200	16.4	128430
208	489067200	21	128430
208	491745600	20.9	128430
208	494424000	16.4	128430
208	497016000	10.4	128430
208	499694400	3.6	128430
208	502286400	3.7	128430
208	504964800	0	128430
208	507643200	-2.8	128430
208	510062400	3.6	128430
208	512740800	12.9	128430
208	515332800	18.2	128430
208	518011200	18.9	128430
208	520603200	20.4	128430
208	523281600	21.5	128430
208	525960000	16.5	128430
208	528552000	10.8	128430
208	531230400	5	128430
208	533822400	-1	128430
208	536500800	-4.2	128430
208	539179200	0.7	128430
208	541598400	0.8	128430
208	544276800	11	128430
208	546868800	14	128430
208	549547200	19.3	128430
208	552139200	22.7	128430
208	554817600	18	128430
208	557496000	18.3	128430
208	560088000	11.6	128430
208	562766400	5.4	128430
208	565358400	2	128430
208	568036800	2.4	128430
208	570715200	3	128430
208	573220800	4.8	128430
208	575899200	10.5	128430
208	578491200	16.4	128430
208	581169600	18.8	128430
208	583761600	23	128430
208	586440000	20.7	128430
208	589118400	15.9	128430
208	591710400	10.2	128430
208	594388800	-0.3	128430
208	596980800	2.2	128430
208	599659200	-0.8	128430
208	602337600	3.8	128430
208	604756800	8.5	128430
208	607435200	12.7	128430
208	610027200	15.7	128430
208	612705600	17.7	128430
208	615297600	21.4	128430
208	617976000	20.2	128430
208	620654400	16.9	128430
208	623246400	11.6	128430
208	625924800	4	128430
208	628516800	1.1	128430
208	631195200	0.1	128430
208	633873600	5.5	128430
208	636292800	10	128430
208	638971200	11	128430
208	641563200	17.4	128430
208	644241600	19.1	128430
208	646833600	21	128430
208	649512000	22.2	128430
208	652190400	14.8	128430
208	654782400	10.9	128430
208	657460800	5.8	128430
208	660052800	0.5	128430
208	662731200	0.4	128430
208	665409600	-2.3	128430
208	667828800	7.5	128430
208	670507200	9.6	128430
208	673099200	13.1	128430
208	675777600	19.2	128430
208	678369600	22.8	128430
208	681048000	20.7	128430
208	683726400	17.4	128430
208	686318400	9.7	128430
208	688996800	5.8	128430
208	691588800	-1.7	128430
208	694267200	0.9	128430
208	696945600	3.4	128430
208	699451200	6	128430
208	702129600	11.9	128430
208	704721600	16.6	128430
208	707400000	20.4	128430
208	709992000	22.4	128430
208	712670400	26	128430
208	715348800	16.8	128430
208	717940800	9.8	128430
208	720619200	5.8	128430
208	723211200	0	128430
208	725889600	0	128430
208	728568000	-1.5	128430
208	730987200	4.5	128430
208	733665600	11.5	128430
208	736257600	19.5	128430
208	738936000	20.3	128430
208	741528000	20.3	128430
208	744206400	21.7	128430
208	746884800	16	128430
208	749476800	12	128430
208	752155200	1.7	128430
208	754747200	2.4	128430
208	757425600	3.2	128430
208	760104000	2	128430
208	762523200	8.7	128430
208	765201600	11.8	128430
208	767793600	16	128430
208	770472000	20	128430
208	773064000	24.5	128430
208	775742400	22.5	128430
208	778420800	19.2	128430
208	781012800	9.6	128430
208	783691200	6.3	128430
208	786283200	2	128430
208	788961600	-0.7	128430
208	791640000	5.8	128430
208	794059200	5.3	128430
208	796737600	11.6	128430
208	799329600	15.6	128430
208	802008000	18.7	128430
208	804600000	24.3	128430
208	807278400	20.7	128430
208	809956800	15	128430
208	812548800	12.4	128430
208	815227200	2.3	128430
208	817819200	0	128430
208	820497600	-2.1	128430
208	823176000	-2.7	128430
208	825681600	2.1	128430
208	828360000	12.3	128430
208	830952000	17.5	128430
208	833630400	20.5	128430
208	836222400	19.8	128430
208	838900800	20.8	128430
208	841579200	12.9	128430
208	844171200	11.5	128430
208	846849600	7.8	128430
208	849441600	-1.6	128430
208	852120000	-2	128430
208	854798400	2.5	128430
208	857217600	5.8	128430
208	859896000	8.1	128430
208	862488000	17	128430
208	865166400	19.9	128430
208	867758400	20.1	128430
208	870436800	21.8	128430
208	873115200	16.8	128430
208	875707200	8.9	128430
208	878385600	5.8	128430
208	880977600	2.3	128430
208	883656000	2.5	128430
208	886334400	6	128430
208	888753600	4.9	128430
208	891432000	12.3	128430
208	894024000	15.8	128430
208	896702400	21	128430
208	899294400	21.7	128430
208	901972800	22	128430
208	904651200	15.4	128430
208	907243200	11.3	128430
208	909921600	3	128430
208	912513600	-3.2	128430
208	915192000	-0.8	128430
208	917870400	0.7	128430
208	920289600	7.3	128430
208	922968000	12.8	128430
208	925560000	16.3	128430
208	928238400	19.6	128430
208	930830400	22.1	128430
208	933508800	20.3	128430
208	936187200	18.9	128430
208	938779200	11	128430
208	941457600	3.2	128430
208	944049600	0.4	128430
208	946728000	-1.5	128430
208	949406400	3.7	128430
208	951912000	6.1	128430
208	954590400	14.6	128430
208	957182400	18.4	128430
208	959860800	21.8	128430
208	962452800	20.4	128430
208	965131200	23.4	128430
208	967809600	16	128430
208	970401600	13.8	128430
208	973080000	8.4	128430
208	975672000	2.2	128430
208	978350400	0.7	128430
208	981028800	3.6	128430
208	983448000	7.4	128430
208	986126400	11	128430
208	988718400	18.5	128430
208	991396800	18.4	128430
208	993988800	22	128430
208	996667200	22.9	128430
208	999345600	14.6	128430
208	1001937600	13.9	128430
208	1004616000	3.3	128430
208	1007208000	-4.3	128430
208	1009886400	0	128430
208	1012564800	4.9	128430
208	1014984000	7.9	128430
208	1017662400	11.5	128430
208	1020254400	19.1	128430
208	1022932800	21.3	128430
208	1025524800	23.6	128430
208	1028203200	21.5	128430
208	1030881600	16	128430
208	1033473600	10.1	128430
208	1036152000	7.4	128430
208	1038744000	-1.1	128430
208	1041422400	-1.4	128430
208	1044100800	-1.4	128430
208	1046520000	6.1	128430
208	1049198400	11.3	128430
208	1051790400	19.9	128430
208	1054468800	23.5	128430
208	1057060800	23.2	128430
208	1059739200	24.7	128430
208	1062417600	17.4	128430
208	1065009600	8.9	128430
208	1067688000	7.3	128430
208	1070280000	1.3	128430
208	1072958400	-2	128430
208	1075636800	2.1	128430
208	1078142400	5.5	128430
208	1080820800	12	128430
208	1083412800	14.9	128430
208	1086091200	19.1	128430
208	1088683200	21.6	128430
208	1091361600	21.5	128430
208	1094040000	16.3	128430
208	1096632000	12	128430
208	1099310400	6	128430
208	1101902400	0.9	128430
208	1104580800	0.5	128430
208	1107259200	-1.9	128430
208	1109678400	4.5	128430
208	1112356800	11.9	128430
208	1114948800	17.2	128430
208	1117627200	19.8	128430
208	1120219200	21.5	128430
208	1122897600	19.7	128430
208	1125576000	17.5	128430
208	1128168000	11.6	128430
208	1130846400	4.2	128430
208	1133438400	1	128430
208	1136116800	-2.4	128430
208	1138795200	-0.7	128430
208	1141214400	4.6	128430
208	1143892800	13.3	128430
208	1146484800	15.9	128430
208	1149163200	20.3	128430
208	1151755200	24.4	128430
208	1154433600	19.3	128430
208	1157112000	18.6	128430
208	1159704000	13.4	128430
208	1162382400	7.7	128430
208	1164974400	2.4	128430
208	1167652800	5.2	128430
208	1170331200	5.7	128430
208	1172750400	8.1	128430
208	1175428800	14.1	128430
208	1178020800	17.5	128430
208	1180699200	22.6	128430
208	1183291200	23.9	128430
208	1185969600	22.7	128430
208	1188648000	14.5	128430
208	1191240000	11.1	128430
208	1193918400	4.1	128430
208	1196510400	-0.5	128430
208	1199188800	1.2	128430
208	1201867200	4.5	128430
208	1204372800	6.8	128430
208	1207051200	12.1	128430
208	1209643200	17.4	128430
208	1212321600	21.2	128430
208	1214913600	21.5	128430
208	1217592000	21.8	128430
208	1220270400	15.6	128430
208	1222862400	12.3	128430
208	1225540800	6.9	128430
208	1228132800	3	128430
208	1230811200	-1.3	128430
208	1233489600	1.2	128430
208	1235908800	6	128430
208	1238587200	15.5	128430
208	1241179200	17.6	128430
208	1243857600	19	128430
208	1246449600	23	128430
208	1249128000	22.7	128430
208	1251806400	19.2	128430
208	1254398400	11.1	128430
208	1257076800	6.8	128430
208	1259668800	1.4	128430
208	1262347200	-2	128430
208	1265025600	0.7	128430
208	1267444800	6.6	128430
208	1270123200	12	128430
208	1272715200	15.9	128430
208	1275393600	20	128430
208	1277985600	23.6	128430
208	1280664000	21	128430
208	1283342400	14.7	128430
208	1285934400	8.4	128430
208	1288612800	8	128430
208	1291204800	-1.7	128430
208	1293883200	-0.1	128430
208	1296561600	0.1	128430
208	1298980800	6.6	128430
208	1301659200	13.5	128430
208	1304251200	16.8	128430
208	1306929600	20.6	128430
208	1309521600	20.8	128430
208	1312200000	22.7	128430
208	1314878400	19.9	128430
208	1317470400	10.8	128430
208	1320148800	3.2	128430
208	1322740800	2.6	128430
208	1325419200	1.6	128430
208	1328097600	-2.4	128430
208	1330603200	8.8	128430
208	1333281600	12.5	128430
208	1335873600	17.8	128430
208	1338552000	21.7	128430
208	1341144000	24.1	128430
208	1343822400	23.7	128430
208	1346500800	19	128430
208	1349092800	11.5	128430
208	1351771200	7.5	128430
208	1354363200	-0.6	128430
208	1357041600	0.2	128430
208	1359720000	2.4	128430
208	1362139200	3.8	128430
208	1364817600	12.9	128430
208	1367409600	16.8	128430
208	1370088000	20.4	128430
208	1372680000	23.9	128430
208	1375358400	23.5	128430
208	1378036800	15.3	128430
208	1380628800	13.2	128430
208	1383307200	7.7	128430
208	1385899200	2.2	128430
208	1388577600	2.9	128430
208	1391256000	4.8	128430
208	1393675200	10.4	128430
208	1396353600	13.5	128430
208	1398945600	16.1	128430
208	1401624000	20.8	128430
208	1404216000	22.8	128430
208	1406894400	20.3	128430
208	1409572800	17.5	128430
208	1412164800	12.5	128430
208	1414843200	7.3	128430
208	1417435200	3	128430
208	1420113600	2	128430
208	1422792000	2.7	128430
208	1425211200	7.2	128430
208	1427889600	11.8	128430
208	1430481600	16.6	128430
210	-283953600	0.2	129400
210	-281275200	4.1	129400
210	-278856000	9.1	129400
210	-276177600	14.8	129400
210	-273585600	15.2	129400
210	-270907200	20.8	129400
210	-268315200	20.7	129400
210	-265636800	21.2	129400
210	-262958400	18.9	129400
210	-260366400	14.1	129400
210	-257688000	7.5	129400
210	-255096000	1.1	129400
210	-252417600	1.3	129400
210	-249739200	1.4	129400
210	-247320000	2.6	129400
210	-244641600	12.9	129400
210	-242049600	16.2	129400
210	-239371200	18.5	129400
210	-236779200	20.2	129400
210	-234100800	23.1	129400
210	-231422400	16.5	129400
210	-228830400	12.5	129400
210	-226152000	6.2	129400
210	-223560000	-1.5	129400
210	-220881600	-5.6	129400
210	-218203200	-3	129400
210	-215784000	4.7	129400
210	-213105600	13	129400
210	-210513600	17.1	129400
210	-207835200	21.7	129400
210	-205243200	23.6	129400
210	-202564800	22.1	129400
210	-199886400	18.2	129400
210	-197294400	11.8	129400
210	-194616000	10.7	129400
210	-192024000	-3	129400
210	-189345600	-5.9	129400
210	-186667200	1.4	129400
210	-184161600	4.2	129400
210	-181483200	12.5	129400
210	-178891200	16.2	129400
210	-176212800	22.6	129400
210	-173620800	21.8	129400
210	-170942400	19.6	129400
210	-168264000	16.9	129400
210	-165672000	12.1	129400
210	-162993600	8.1	129400
210	-160401600	1.3	129400
210	-157723200	1.8	129400
210	-155044800	-1.1	129400
210	-152625600	7.1	129400
210	-149947200	10.2	129400
210	-147355200	15.1	129400
210	-144676800	20.1	129400
210	-142084800	21.7	129400
210	-139406400	19.8	129400
210	-136728000	17.9	129400
210	-134136000	10.9	129400
210	-131457600	4.2	129400
210	-128865600	3.8	129400
210	-126187200	-2.7	129400
210	-123508800	8.6	129400
210	-121089600	6.1	129400
210	-118411200	14.1	129400
210	-115819200	17.1	129400
210	-113140800	20.2	129400
210	-110548800	20.8	129400
210	-107870400	20.9	129400
210	-105192000	18.1	129400
210	-102600000	16.3	129400
210	-99921600	5.5	129400
210	-97329600	2.7	129400
210	-94651200	-0.9	129400
210	-91972800	3.5	129400
210	-89553600	8.2	129400
210	-86875200	11.3	129400
210	-84283200	16.9	129400
210	-81604800	19.8	129400
210	-79012800	23.8	129400
210	-76334400	22	129400
210	-73656000	19.1	129400
210	-71064000	14	129400
210	-68385600	7.2	129400
210	-65793600	1.2	129400
210	-63115200	-0.3	129400
210	-60436800	4.7	129400
210	-57931200	7.3	129400
210	-55252800	14.3	129400
210	-52660800	18.3	129400
210	-49982400	21.9	129400
210	-47390400	22.4	129400
210	-44712000	20.3	129400
210	-42033600	16.9	129400
210	-39441600	12.2	129400
210	-36763200	7.8	129400
210	-34171200	-0.2	129400
210	-31492800	-2	129400
210	-28814400	1.1	129400
210	-26395200	4.5	129400
210	-23716800	11.8	129400
210	-21124800	19.4	129400
210	-18446400	19.3	129400
210	-15854400	21.8	129400
210	-13176000	20.1	129400
210	-10497600	18.1	129400
210	-7905600	12.4	129400
210	-5227200	9.3	129400
210	-2635200	-1.6	129400
210	43200	-0.3	129400
210	2721600	1.5	129400
211	-599572800	2.1	129420
211	-596894400	3.5	129420
211	-594475200	4.9	129420
211	-591796800	10	129420
211	-589204800	14.6	129420
211	-586526400	18.3	129420
211	-583934400	19.5	129420
211	-581256000	20.3	129420
211	-578577600	17.1	129420
211	-575985600	9.2	129420
211	-573307200	7.7	129420
211	-570715200	1.8	129420
211	-568036800	-0.2	129420
211	-565358400	0.2	129420
211	-562852800	2.2	129420
211	-560174400	13	129420
211	-557582400	14.4	129420
211	-554904000	18.8	129420
211	-552312000	22.6	129420
211	-549633600	22.7	129420
211	-546955200	14.4	129420
211	-544363200	10.1	129420
211	-541684800	4	129420
211	-539092800	0.7	129420
211	-536414400	-0.5	129420
211	-533736000	-0.1	129420
211	-531316800	4	129420
211	-528638400	10.8	129420
211	-526046400	13.7	129420
211	-523368000	18.8	129420
211	-520776000	20.9	129420
211	-518097600	18	129420
211	-515419200	16.3	129420
211	-512827200	12.5	129420
211	-510148800	2.9	129420
211	-507556800	0	129420
211	-504878400	-6	129420
211	-502200000	-6.6	129420
211	-499780800	5.4	129420
211	-497102400	7.6	129420
211	-494510400	14	129420
211	-491832000	19.6	129420
211	-489240000	17.9	129420
211	-486561600	18.9	129420
211	-483883200	16.2	129420
211	-481291200	9.6	129420
211	-478612800	4.7	129420
211	-476020800	3.4	129420
211	-473342400	-0.6	129420
211	-470664000	1.4	129420
211	-468244800	2.5	129420
211	-465566400	6.8	129420
211	-462974400	13.5	129420
211	-460296000	17.5	129420
211	-457704000	18.9	129420
211	-455025600	17.5	129420
211	-452347200	14.9	129420
211	-449755200	9.7	129420
211	-447076800	4.2	129420
211	-444484800	2.7	129420
211	-441806400	1.1	129420
211	-439128000	-9.2	129420
211	-436622400	0.4	129420
211	-433944000	9.5	129420
211	-431352000	14.3	129420
211	-428673600	17.2	129420
211	-426081600	20.5	129420
211	-423403200	19.7	129420
211	-420724800	16.6	129420
211	-418132800	9.3	129420
211	-415454400	0.7	129420
211	-412862400	-1	129420
211	-410184000	-3.5	129420
211	-407505600	3.1	129420
211	-405086400	5.6	129420
211	-402408000	10	129420
211	-399816000	12.4	129420
211	-397137600	21.2	129420
211	-394545600	21	129420
211	-391867200	19	129420
211	-389188800	14.7	129420
211	-386596800	10	129420
211	-383918400	6.4	129420
211	-381326400	0.6	129420
211	-378648000	-2.1	129420
211	-375969600	3.8	129420
211	-373550400	1	129420
211	-370872000	8.2	129420
211	-368280000	19.1	129420
211	-365601600	17.8	129420
211	-363009600	21.5	129420
211	-360331200	20.9	129420
211	-357652800	15.8	129420
211	-355060800	11.2	129420
211	-352382400	5.7	129420
211	-349790400	3.9	129420
211	-347112000	-0.1	129420
211	-344433600	-0.8	129420
211	-342014400	7.8	129420
211	-339336000	10.6	129420
211	-336744000	14.8	129420
211	-334065600	17.5	129420
211	-331473600	21.2	129420
211	-328795200	18.7	129420
211	-326116800	13.9	129420
211	-323524800	8.8	129420
211	-320846400	5.3	129420
211	-318254400	4.1	129420
211	-315576000	-2	129420
211	-312897600	0.2	129420
211	-310392000	5.3	129420
211	-307713600	10	129420
211	-305121600	13.7	129420
211	-302443200	19.1	129420
211	-299851200	18.5	129420
211	-297172800	19.6	129420
211	-294494400	14.2	129420
211	-291902400	11.8	129420
211	-289224000	7.4	129420
211	-286632000	4.4	129420
211	-283953600	-1.3	129420
211	-281275200	2.9	129420
211	-278856000	8.2	129420
211	-276177600	13.3	129420
211	-273585600	13.3	129420
211	-270907200	18.9	129420
211	-268315200	18.9	129420
211	-265636800	19.7	129420
211	-262958400	18.1	129420
211	-260366400	12.4	129420
211	-257688000	5.9	129420
211	-255096000	-0.3	129420
211	-252417600	0.3	129420
211	-249739200	0.2	129420
211	-247320000	0.9	129420
211	-244641600	11	129420
211	-242049600	14.3	129420
211	-239371200	16.5	129420
211	-236779200	18.1	129420
211	-234100800	21.3	129420
211	-231422400	15	129420
211	-228830400	11.3	129420
211	-226152000	4.3	129420
211	-223560000	-3	129420
211	-220881600	-6.9	129420
211	-218203200	-5	129420
211	-215784000	2.8	129420
211	-213105600	11	129420
211	-210513600	15.3	129420
211	-207835200	19.7	129420
211	-205243200	21.7	129420
211	-202564800	20.1	129420
211	-199886400	16.4	129420
211	-197294400	10.1	129420
211	-194616000	9.5	129420
211	-192024000	-4.6	129420
211	-189345600	-7.1	129420
211	-186667200	-0.6	129420
211	-184161600	2.1	129420
211	-181483200	10.7	129420
211	-178891200	14.1	129420
211	-176212800	20.6	129420
211	-173620800	19.8	129420
211	-170942400	18.1	129420
211	-168264000	14.9	129420
211	-165672000	10.2	129420
211	-162993600	6.4	129420
211	-160401600	-0.2	129420
211	-157723200	-0.1	129420
211	-155044800	-2.7	129420
211	-152625600	5.5	129420
211	-149947200	8.3	129420
211	-147355200	12.9	129420
211	-144676800	18.3	129420
211	-142084800	19.5	129420
211	-139406400	17.6	129420
211	-136728000	15.9	129420
211	-134136000	9.9	129420
211	-131457600	2.5	129420
211	-128865600	2.6	129420
211	-126187200	-4.1	129420
211	-123508800	6.9	129420
211	-121089600	4.5	129420
211	-118411200	12	129420
211	-115819200	14.8	129420
211	-113140800	18.1	129420
211	-110548800	18.6	129420
211	-107870400	18.6	129420
211	-105192000	16	129420
211	-102600000	14.4	129420
211	-99921600	3.6	129420
211	-97329600	1.3	129420
211	-94651200	-2.8	129420
211	-91972800	1.8	129420
211	-89553600	6.5	129420
211	-86875200	9.3	129420
211	-84283200	14.7	129420
211	-81604800	17.5	129420
211	-79012800	21.5	129420
211	-76334400	20.1	129420
211	-73656000	17	129420
211	-71064000	12.4	129420
211	-68385600	5	129420
211	-65793600	-0.4	129420
211	-63115200	-1.7	129420
211	-60436800	2.8	129420
211	-57931200	5.7	129420
211	-55252800	12.5	129420
211	-52660800	15.7	129420
211	-49982400	18.8	129420
211	-47390400	19.9	129420
211	-44712000	17.6	129420
211	-42033600	14.7	129420
211	-39441600	10.6	129420
211	-36763200	5.9	129420
211	-34171200	-1.8	129420
211	-31492800	-3.9	129420
211	-28814400	-0.8	129420
211	-26395200	2.9	129420
211	-23716800	9.8	129420
211	-21124800	17.5	129420
211	-18446400	17	129420
211	-15854400	19.6	129420
211	-13176000	17.8	129420
211	-10497600	15.8	129420
211	-7905600	10.7	129420
211	-5227200	8	129420
211	-2635200	-3.2	129420
211	43200	-1.8	129420
211	2721600	0.1	129420
211	5140800	3.9	129420
211	7819200	9.5	129420
211	10411200	12.9	129420
211	13089600	19.5	129420
211	15681600	19.3	129420
211	18360000	19.4	129420
211	21038400	15	129420
211	23630400	9.3	129420
211	26308800	7.4	129420
211	28900800	0.3	129420
211	31579200	-1	129420
211	34257600	2.7	129420
211	36676800	2.2	129420
211	39355200	11.2	129420
211	41947200	17.1	129420
211	44625600	17.7	129420
211	47217600	20.5	129420
211	49896000	21	129420
211	52574400	13.4	129420
211	55166400	9.5	129420
211	57844800	4.8	129420
211	60436800	2.2	129420
211	63115200	-1.5	129420
211	65793600	2.5	129420
211	68299200	7.6	129420
211	70977600	10.9	129420
211	73569600	14.9	129420
211	76248000	19.3	129420
211	78840000	19.8	129420
211	81518400	18.1	129420
211	84196800	12.5	129420
211	86788800	8.1	129420
211	89467200	5.4	129420
211	92059200	0.6	129420
211	94737600	-1	129420
211	97416000	1.9	129420
211	99835200	4.8	129420
211	102513600	8.1	129420
211	105105600	15.8	129420
211	107784000	17.8	129420
211	110376000	20	129420
211	113054400	20.1	129420
211	115732800	16.9	129420
211	118324800	9.3	129420
211	121003200	3	129420
211	123595200	-0.1	129420
211	126273600	1	129420
211	128952000	5.2	129420
211	131371200	7	129420
211	134049600	9.5	129420
211	136641600	13.2	129420
211	139320000	16.2	129420
211	141912000	19.2	129420
211	144590400	21	129420
211	147268800	15.5	129420
211	149860800	6.2	129420
211	152539200	5.1	129420
211	155131200	3	129420
211	157809600	3.2	129420
211	160488000	1.2	129420
211	162907200	7.5	129420
211	165585600	10	129420
211	168177600	16.4	129420
211	170856000	17.2	129420
211	173448000	19.9	129420
211	176126400	18.8	129420
211	178804800	17.9	129420
211	181396800	9.7	129420
211	184075200	3	129420
211	186667200	0.6	129420
211	189345600	0.4	129420
211	192024000	-0.6	129420
211	194529600	1.8	129420
211	197208000	10.7	129420
211	199800000	14.8	129420
211	202478400	17.5	129420
211	205070400	21	129420
211	207748800	17.4	129420
211	210427200	14.7	129420
211	213019200	11	129420
211	215697600	6.8	129420
211	218289600	0.6	129420
211	220968000	0.8	129420
211	223646400	4.8	129420
211	226065600	8.9	129420
211	228744000	9	129420
211	231336000	15.9	129420
211	234014400	19	129420
211	236606400	19.2	129420
211	239284800	19.4	129420
211	241963200	13.9	129420
211	244555200	11.7	129420
211	247233600	5.6	129420
211	249825600	-1.6	129420
211	252504000	-0.2	129420
211	255182400	0.1	129420
211	257601600	6.6	129420
211	260280000	8.8	129420
211	262872000	12.8	129420
211	265550400	17.6	129420
211	268142400	18.9	129420
211	270820800	19.1	129420
211	273499200	15.4	129420
211	276091200	11.1	129420
211	278769600	1.3	129420
211	281361600	1.5	129420
211	284040000	-2.2	129420
211	286718400	1.6	129420
211	289137600	8	129420
211	291816000	9.4	129420
211	294408000	16.7	129420
211	297086400	21	129420
211	299678400	18.1	129420
211	302356800	18.8	129420
211	305035200	16.1	129420
211	307627200	9.4	129420
211	310305600	5.8	129420
211	312897600	4.5	129420
211	315576000	-3.5	129420
211	318254400	1.8	129420
211	320760000	4.9	129420
211	323438400	7.5	129420
211	326030400	12.7	129420
211	328708800	18	129420
211	331300800	18.5	129420
211	333979200	19	129420
211	336657600	15	129420
211	339249600	10.6	129420
211	341928000	4.1	129420
211	344520000	0	129420
211	347198400	-2.3	129420
211	349876800	1.2	129420
211	352296000	8.9	129420
211	354974400	11.1	129420
211	357566400	15.6	129420
211	360244800	19.4	129420
211	362836800	20.1	129420
211	365515200	20.6	129420
211	368193600	17.2	129420
211	370785600	12.7	129420
211	373464000	4.9	129420
211	376056000	0.1	129420
211	378734400	-2.7	129420
211	381412800	-0.6	129420
211	383832000	5.6	129420
211	386510400	7.7	129420
211	389102400	16.3	129420
211	391780800	19.7	129420
211	394372800	20.8	129420
211	397051200	20.3	129420
211	399729600	20.2	129420
211	402321600	12.4	129420
211	4.05e+08	5.6	129420
211	407592000	3.5	129420
211	410270400	3.8	129420
211	412948800	-0.6	129420
211	415368000	7.2	129420
211	418046400	13.2	129420
211	420638400	17.4	129420
211	423316800	18.5	129420
211	425908800	22.5	129420
211	428587200	20.6	129420
211	431265600	16.4	129420
211	433857600	11.5	129420
211	436536000	2.6	129420
211	439128000	0.8	129420
211	441806400	-0.1	129420
211	444484800	-0.1	129420
211	446990400	4.7	129420
211	449668800	10.2	129420
211	452260800	14.5	129420
211	454939200	17.6	129420
211	457531200	18.6	129420
211	460209600	19.3	129420
211	462888000	16.7	129420
211	465480000	12.5	129420
211	468158400	5.2	129420
211	470750400	-0.2	129420
211	473428800	-5.5	129420
211	476107200	-4.3	129420
211	478526400	3.8	129420
211	481204800	10.9	129420
211	483796800	16.6	129420
211	486475200	16.3	129420
211	489067200	21.4	129420
211	491745600	20.8	129420
211	494424000	17.2	129420
211	497016000	10.6	129420
211	499694400	3.4	129420
211	502286400	5.2	129420
211	504964800	0.6	129420
211	507643200	-3.6	129420
211	510062400	3	129420
211	512740800	12.7	129420
211	515332800	18	129420
211	518011200	18.1	129420
211	520603200	19.9	129420
211	523281600	21.8	129420
211	525960000	16.8	129420
211	528552000	11.5	129420
211	531230400	5.1	129420
211	533822400	-0.8	129420
211	536500800	-4	129420
211	539179200	0.8	129420
211	541598400	0.2	129420
211	544276800	11	129420
211	546868800	13.9	129420
211	549547200	18.8	129420
211	552139200	22.3	129420
211	554817600	18.4	129420
211	557496000	19.5	129420
211	560088000	11.7	129420
211	562766400	5.7	129420
211	565358400	2	129420
211	568036800	3.2	129420
211	570715200	3.2	129420
211	573220800	4.8	129420
211	575899200	9.6	129420
211	578491200	15.6	129420
211	581169600	18.2	129420
211	583761600	23.1	129420
211	586440000	21.8	129420
211	589118400	16.9	129420
211	591710400	10.7	129420
211	594388800	0.2	129420
211	596980800	1.7	129420
211	599659200	-0.7	129420
211	602337600	4.4	129420
211	604756800	9.2	129420
211	607435200	12.3	129420
211	610027200	14.6	129420
211	612705600	17.1	129420
211	615297600	21.6	129420
211	617976000	20.4	129420
211	620654400	16.6	129420
211	623246400	12.2	129420
211	625924800	4.4	129420
211	628516800	2.6	129420
211	631195200	0.1	129420
211	633873600	6.8	129420
211	636292800	10	129420
211	638971200	10.7	129420
211	641563200	17.1	129420
211	644241600	18.6	129420
211	646833600	20.2	129420
211	649512000	21.1	129420
211	652190400	14.6	129420
211	654782400	11.8	129420
211	657460800	6	129420
211	660052800	0.6	129420
211	662731200	-0.4	129420
211	665409600	-2.2	129420
211	667828800	8	129420
211	670507200	8	129420
211	673099200	12.5	129420
211	675777600	19.4	129420
211	678369600	22.1	129420
211	681048000	20.2	129420
211	683726400	17.5	129420
211	686318400	9.5	129420
211	688996800	5.9	129420
211	691588800	1.2	129420
211	694267200	1.2	129420
211	696945600	3.8	129420
211	699451200	6.5	129420
211	702129600	11.9	129420
211	704721600	16.3	129420
211	707400000	19.3	129420
211	709992000	21.8	129420
211	712670400	25.4	129420
211	715348800	17.6	129420
211	717940800	10.4	129420
211	720619200	6.9	129420
211	723211200	0.2	129420
211	725889600	0.7	129420
211	728568000	-1.4	129420
211	730987200	4.5	129420
211	733665600	10.8	129420
211	736257600	18.2	129420
211	738936000	19.3	129420
211	741528000	20.9	129420
211	744206400	21.9	129420
211	746884800	16	129420
211	749476800	12.3	129420
211	752155200	0.9	129420
211	754747200	2.1	129420
211	757425600	2.6	129420
211	760104000	2	129420
211	762523200	9	129420
211	765201600	11	129420
211	767793600	18.5	129420
211	770472000	19.4	129420
211	773064000	23.9	129420
211	775742400	22.8	129420
211	778420800	19.1	129420
211	781012800	9.8	129420
211	783691200	6.9	129420
211	786283200	1.8	129420
211	788961600	-0.3	129420
211	791640000	6	129420
211	794059200	5	129420
211	796737600	10.9	129420
211	799329600	14.8	129420
211	802008000	17.9	129420
211	804600000	23.7	129420
211	807278400	20.6	129420
211	809956800	15.1	129420
211	812548800	13	129420
211	815227200	2.8	129420
211	817819200	0.3	129420
211	820497600	-2.1	129420
211	823176000	-2.8	129420
211	825681600	2.1	129420
211	828360000	11.4	129420
211	830952000	17.1	129420
211	833630400	20	129420
211	836222400	19.4	129420
211	838900800	20.2	129420
211	841579200	12.7	129420
211	844171200	11.9	129420
211	846849600	8.2	129420
211	849441600	-1	129420
211	852120000	-2	129420
211	854798400	3.7	129420
211	857217600	6.2	129420
211	859896000	7.6	129420
211	862488000	16.5	129420
211	865166400	19.7	129420
211	867758400	20	129420
211	870436800	21	129420
211	873115200	16.8	129420
211	875707200	8.9	129420
211	878385600	5.6	129420
211	880977600	2.5	129420
211	883656000	3	129420
211	886334400	6.2	129420
211	888753600	4.5	129420
211	891432000	12	129420
211	894024000	15.4	129420
211	896702400	20.7	129420
211	899294400	21.2	129420
211	901972800	21.3	129420
211	904651200	15.4	129420
211	907243200	12.2	129420
211	909921600	3.6	129420
211	912513600	-2.9	129420
211	915192000	0.1	129420
211	917870400	0.7	129420
211	920289600	7.3	129420
211	922968000	12.1	129420
211	925560000	15.7	129420
211	928238400	18.9	129420
211	930830400	21.4	129420
211	933508800	20.4	129420
211	936187200	18.5	129420
211	938779200	11.6	129420
211	941457600	3	129420
211	944049600	0.7	129420
211	946728000	-1.6	129420
211	949406400	4.1	129420
211	951912000	6.4	129420
211	954590400	13.9	129420
211	957182400	17.6	129420
211	959860800	21	129420
211	962452800	20.5	129420
211	965131200	23.5	129420
211	967809600	16.4	129420
211	970401600	13.3	129420
211	973080000	9.3	129420
211	975672000	2.9	129420
211	978350400	1.7	129420
211	981028800	4	129420
211	983448000	8.6	129420
211	986126400	10.3	129420
211	988718400	17.8	129420
211	991396800	17.6	129420
211	993988800	20.7	129420
211	996667200	22.4	129420
211	999345600	14.5	129420
211	1001937600	14	129420
211	1004616000	3.5	129420
211	1007208000	-4	129420
211	1009886400	0.2	129420
211	1012564800	5.7	129420
211	1014984000	8.2	129420
211	1017662400	10.9	129420
211	1020254400	18.2	129420
211	1022932800	21.3	129420
214	-2776939200	0.7	131570
214	-2774260800	3.5	131570
214	-2771841600	11.4	131570
214	-2769163200	13.9	131570
214	-2766571200	16.7	131570
214	-2763892800	19.3	131570
214	-2761300800	22.2	131570
214	-2758622400	19.5	131570
214	-2755944000	18.5	131570
214	-2753352000	12.8	131570
214	-2750673600	7.1	131570
214	-2748081600	4.5	131570
214	-2745403200	-1	131570
214	-2742724800	1.9	131570
214	-2740305600	2.9	131570
214	-2737627200	10.5	131570
214	-2735035200	18.2	131570
214	-2732356800	21.1	131570
214	-2729764800	23	131570
214	-2727086400	21.3	131570
214	-2724408000	17.5	131570
214	-2721816000	12	131570
214	-2719137600	6.1	131570
214	-2716545600	0.3	131570
214	-2713867200	1.3	131570
214	-2711188800	4.2	131570
214	-2708683200	7.6	131570
214	-2706004800	11.9	131570
214	-2703412800	17.6	131570
214	-2700734400	17.5	131570
214	-2698142400	22.2	131570
214	-2695464000	20.2	131570
214	-2692785600	17.1	131570
214	-2690193600	10.4	131570
214	-2687515200	2.5	131570
214	-2684923200	1.7	131570
214	-2682244800	-1.3	131570
214	-2679566400	3.9	131570
214	-2677147200	7.3	131570
214	-2674468800	13.6	131570
214	-2671876800	15.9	131570
214	-2669198400	21	131570
214	-2666606400	22.9	131570
214	-2663928000	19.8	131570
214	-2661249600	17.6	131570
214	-2658657600	12.2	131570
214	-2655979200	6.5	131570
214	-2653387200	-1.4	131570
214	-2650708800	0	131570
214	-2648030400	-0.1	131570
214	-2645611200	3	131570
214	-2642932800	13	131570
214	-2640340800	16.6	131570
214	-2637662400	19.5	131570
214	-2635070400	22	131570
214	-2632392000	21.6	131570
214	-2629713600	18.5	131570
214	-2627121600	13.1	131570
214	-2624443200	6.8	131570
214	-2621851200	3.7	131570
214	-2619172800	-0.5	131570
214	-2616494400	-0.6	131570
214	-2614075200	4.9	131570
214	-2611396800	11.8	131570
214	-2608804800	16.4	131570
214	-2606126400	18.7	131570
214	-2603534400	24.4	131570
214	-2600856000	21	131570
214	-2598177600	18.6	131570
214	-2595585600	9.4	131570
214	-2592907200	6.8	131570
214	-2590315200	-0.7	131570
214	-2587636800	-5.5	131570
214	-2584958400	-2.8	131570
214	-2582452800	7	131570
214	-2579774400	11.6	131570
214	-2577182400	17	131570
214	-2574504000	21.7	131570
214	-2571912000	21.4	131570
214	-2569233600	19.8	131570
214	-2566555200	17.6	131570
214	-2563963200	10.4	131570
214	-2561284800	1.5	131570
214	-2558692800	1	131570
214	-2556014400	-2.8	131570
214	-2553336000	-0.9	131570
214	-2550916800	3.5	131570
214	-2548238400	11.3	131570
214	-2545646400	19.9	131570
214	-2542968000	22.4	131570
214	-2540376000	23.2	131570
214	-2537697600	22.9	131570
214	-2535019200	12.9	131570
214	-2532427200	13.4	131570
214	-2529748800	5.1	131570
214	-2527156800	-3.3	131570
214	-2524478400	1.3	131570
214	-2521800000	-0.8	131570
214	-2519380800	6.3	131570
214	-2516702400	11.9	131570
214	-2514110400	18.1	131570
214	-2511432000	18.6	131570
214	-2508840000	22.5	131570
214	-2506161600	23.8	131570
214	-2503483200	15.6	131570
214	-2500891200	9.7	131570
214	-2498212800	7	131570
214	-2495620800	-2.3	131570
214	-2492942400	-6.9	131570
214	-2490264000	-3.5	131570
214	-2487844800	5.9	131570
214	-2485166400	9.6	131570
214	-2482574400	18.7	131570
214	-2479896000	20.1	131570
214	-2477304000	22	131570
214	-2474625600	21.2	131570
214	-2471947200	16.3	131570
214	-2469355200	13.4	131570
214	-2466676800	6.3	131570
214	-2464084800	2.2	131570
214	-2461406400	0.6	131570
214	-2458728000	2.4	131570
214	-2456222400	4.2	131570
214	-2453544000	11.7	131570
214	-2450952000	16.5	131570
214	-2448273600	20.4	131570
214	-2445681600	21.2	131570
214	-2443003200	22.4	131570
214	-2440324800	20.1	131570
214	-2437732800	12.9	131570
214	-2435054400	3.8	131570
214	-2432462400	-2.2	131570
214	-2429784000	-8.4	131570
214	-2427105600	0.2	131570
214	-2424686400	6.1	131570
214	-2422008000	10.6	131570
214	-2419416000	15.9	131570
214	-2416737600	19.1	131570
214	-2414145600	22.5	131570
214	-2411467200	20.4	131570
214	-2408788800	16.8	131570
214	-2406196800	12.8	131570
214	-2403518400	5.5	131570
214	-2400926400	2.4	131570
214	-2398248000	-2.1	131570
214	-2395569600	2.4	131570
214	-2393150400	6.8	131570
214	-2390472000	14.3	131570
214	-2387880000	16.9	131570
214	-2385201600	18.6	131570
214	-2382609600	24.2	131570
214	-2379931200	21	131570
214	-2377252800	15.7	131570
214	-2374660800	13.5	131570
214	-2371982400	5.9	131570
214	-2369390400	0.8	131570
214	-2366712000	-0.7	131570
214	-2364033600	-4.7	131570
214	-2361614400	3.9	131570
214	-2358936000	11.3	131570
214	-2356344000	15.9	131570
214	-2353665600	20.7	131570
214	-2351073600	23	131570
214	-2348395200	20.4	131570
214	-2345716800	17	131570
214	-2343124800	11.3	131570
214	-2340446400	7	131570
214	-2337854400	1.3	131570
214	-2335176000	-4.9	131570
214	-2332497600	0.8	131570
214	-2329992000	7.9	131570
214	-2327313600	8.3	131570
214	-2324721600	15.5	131570
214	-2322043200	20.1	131570
214	-2319451200	22.1	131570
214	-2316772800	20.2	131570
214	-2314094400	17.6	131570
214	-2311502400	15.1	131570
214	-2308824000	5.1	131570
214	-2306232000	3.1	131570
214	-2303553600	0.6	131570
214	-2300875200	3.1	131570
214	-2298456000	9	131570
214	-2295777600	11.6	131570
214	-2293185600	14.5	131570
214	-2290507200	20.3	131570
214	-2287915200	22.3	131570
214	-2285236800	21.7	131570
214	-2282558400	17.7	131570
214	-2279966400	9.9	131570
214	-2277288000	3.4	131570
214	-2274696000	-0.1	131570
214	-2272017600	1.4	131570
214	-2269339200	2.5	131570
214	-2266920000	6.9	131570
214	-2264241600	13.3	131570
214	-2261649600	17.1	131570
214	-2258971200	20.3	131570
214	-2256379200	20.4	131570
214	-2253700800	20.9	131570
214	-2251022400	16.4	131570
214	-2248430400	13.6	131570
214	-2245752000	8.4	131570
214	-2243160000	2.7	131570
214	-2240481600	2.8	131570
214	-2237803200	2.9	131570
214	-2235384000	4.1	131570
214	-2232705600	12	131570
214	-2230113600	15.2	131570
214	-2227435200	17.9	131570
214	-2224843200	20.5	131570
214	-2222164800	19.8	131570
214	-2219486400	16	131570
214	-2216894400	9.5	131570
214	-2214216000	6.1	131570
214	-2211624000	-3.6	131570
214	-2208945600	1	131570
214	-2206267200	5.7	131570
214	-2203848000	3.4	131570
214	-2201169600	10.6	131570
214	-2198577600	15.6	131570
214	-2195899200	20.1	131570
214	-2193307200	22.4	131570
214	-2190628800	19.7	131570
214	-2187950400	16.5	131570
214	-2185358400	11.6	131570
214	-2182680000	8	131570
214	-2180088000	1.1	131570
214	-2177409600	-6.3	131570
214	-2174731200	-2.1	131570
214	-2172312000	6.7	131570
214	-2169633600	11	131570
214	-2167041600	15.6	131570
214	-2164363200	19.2	131570
214	-2161771200	21.2	131570
214	-2159092800	18.9	131570
214	-2156414400	15.5	131570
214	-2153822400	11.7	131570
214	-2151144000	2.8	131570
214	-2148552000	3.9	131570
214	-2145873600	2.5	131570
214	-2143195200	3.5	131570
214	-2140776000	5.3	131570
214	-2138097600	10.9	131570
214	-2135505600	12.2	131570
214	-2132827200	17.9	131570
214	-2130235200	20.1	131570
214	-2127556800	21.5	131570
214	-2124878400	16.1	131570
214	-2122286400	11.6	131570
214	-2119608000	1.7	131570
214	-2117016000	-3.3	131570
214	-2114337600	-1.9	131570
214	-2111659200	3.5	131570
214	-2109240000	7.3	131570
214	-2106561600	7.9	131570
214	-2103969600	15.3	131570
214	-2101291200	17.3	131570
214	-2098699200	19.4	131570
214	-2096020800	19.2	131570
214	-2093342400	16	131570
214	-2090750400	11.2	131570
214	-2088072000	5.4	131570
214	-2085480000	2.4	131570
214	-2082801600	-1.5	131570
214	-2080123200	3.6	131570
214	-2077617600	6.2	131570
214	-2074939200	11.3	131570
214	-2072347200	16	131570
214	-2069668800	19	131570
214	-2067076800	22.6	131570
214	-2064398400	20.6	131570
214	-2061720000	14.7	131570
214	-2059128000	11	131570
214	-2056449600	2.6	131570
214	-2053857600	1.3	131570
214	-2051179200	-4.8	131570
214	-2048500800	0.4	131570
214	-2046081600	6.2	131570
214	-2043403200	8.9	131570
214	-2040811200	15.9	131570
214	-2038132800	19.5	131570
214	-2035540800	22.7	131570
214	-2032862400	22.3	131570
214	-2030184000	17.5	131570
214	-2027592000	6	131570
214	-2024913600	7.2	131570
214	-2022321600	1.4	131570
214	-2019643200	-1.6	131570
214	-2016964800	0.1	131570
214	-2014545600	5.8	131570
214	-2011867200	11.6	131570
214	-2009275200	16.1	131570
214	-2006596800	18	131570
214	-2004004800	20.9	131570
214	-2001326400	19.3	131570
214	-1998648000	14	131570
214	-1996056000	10	131570
214	-1993377600	7.4	131570
214	-1990785600	-1.4	131570
214	-1988107200	-2.5	131570
214	-1985428800	-2.3	131570
214	-1983009600	1.9	131570
214	-1980331200	7.8	131570
214	-1977739200	18.7	131570
214	-1975060800	19.9	131570
214	-1972468800	19.6	131570
214	-1969790400	20.4	131570
214	-1967112000	16	131570
214	-1964520000	15.1	131570
214	-1961841600	4.2	131570
214	-1959249600	2.7	131570
214	-1956571200	-3	131570
214	-1953892800	0.5	131570
214	-1951387200	4.7	131570
214	-1948708800	9.6	131570
214	-1946116800	19.4	131570
214	-1943438400	21.4	131570
214	-1940846400	20.9	131570
214	-1938168000	18.5	131570
214	-1935489600	14.4	131570
214	-1932897600	8.7	131570
214	-1930219200	-0.6	131570
214	-1927627200	-1.2	131570
214	-1924948800	-4	131570
214	-1922270400	-3.7	131570
214	-1919851200	5.6	131570
214	-1917172800	11.1	131570
214	-1914580800	15	131570
214	-1911902400	18.4	131570
214	-1909310400	19.5	131570
214	-1906632000	20.6	131570
214	-1903953600	16.4	131570
214	-1901361600	12.3	131570
214	-1898683200	3.5	131570
214	-1896091200	4	131570
214	-1893412800	1.2	131570
214	-1890734400	4.5	131570
214	-1888315200	6.1	131570
214	-1885636800	10.5	131570
214	-1883044800	15.4	131570
214	-1880366400	19.7	131570
214	-1877774400	19.9	131570
214	-1875096000	20.1	131570
214	-1872417600	14.5	131570
214	-1869825600	10.9	131570
214	-1867147200	4.9	131570
214	-1864555200	4.4	131570
214	-1861876800	-0.4	131570
214	-1859198400	-0.5	131570
214	-1856779200	6.1	131570
214	-1854100800	9.5	131570
214	-1851508800	15.2	131570
214	-1848830400	18	131570
214	-1846238400	21.8	131570
214	-1843560000	21	131570
214	-1840881600	16.5	131570
214	-1838289600	11	131570
214	-1835611200	7.8	131570
214	-1833019200	2.9	131570
214	-1830340800	-2.8	131570
214	-1827662400	3.3	131570
214	-1825156800	8.3	131570
214	-1822478400	7.8	131570
214	-1819886400	15.1	131570
214	-1817208000	19.7	131570
214	-1814616000	20.4	131570
214	-1811937600	17.9	131570
214	-1809259200	10.8	131570
214	-1806667200	8.5	131570
214	-1803988800	2.5	131570
214	-1801396800	1.6	131570
214	-1798718400	-2	131570
214	-1796040000	-0.1	131570
214	-1793620800	8.4	131570
214	-1790942400	11.1	131570
214	-1788350400	14.6	131570
214	-1785672000	18.7	131570
214	-1783080000	17.7	131570
214	-1780401600	17.9	131570
214	-1777723200	15.8	131570
214	-1775131200	11.1	131570
214	-1772452800	6.7	131570
214	-1769860800	0.7	131570
214	-1767182400	-6.8	131570
214	-1764504000	-3.8	131570
214	-1762084800	6.6	131570
214	-1759406400	11.7	131570
214	-1756814400	14.9	131570
214	-1754136000	17.6	131570
214	-1751544000	19.7	131570
214	-1748865600	19.9	131570
214	-1746187200	14.8	131570
214	-1743595200	9.7	131570
214	-1740916800	3.1	131570
214	-1738324800	3.5	131570
214	-1735646400	1.7	131570
214	-1732968000	2.4	131570
214	-1730548800	4.4	131570
214	-1727870400	9.7	131570
214	-1725278400	16.1	131570
214	-1722600000	20.5	131570
214	-1720008000	20.6	131570
214	-1717329600	18.5	131570
214	-1714651200	13.2	131570
214	-1712059200	8.3	131570
214	-1709380800	3.4	131570
214	-1706788800	5	131570
214	-1704110400	2.3	131570
214	-1701432000	1.3	131570
214	-1698926400	9.8	131570
214	-1696248000	10.7	131570
214	-1693656000	16.2	131570
214	-1690977600	19.6	131570
214	-1688385600	21.5	131570
214	-1685707200	19.6	131570
214	-1683028800	14.4	131570
214	-1680436800	9.8	131570
214	-1677758400	6.8	131570
214	-1675166400	4.5	131570
214	-1672488000	0.1	131570
214	-1669809600	-6.1	131570
214	-1667390400	3.9	131570
214	-1664712000	9.4	131570
214	-1662120000	16.4	131570
214	-1659441600	21.2	131570
214	-1656849600	21.2	131570
214	-1654171200	21.6	131570
214	-1651492800	17.1	131570
214	-1648900800	11.1	131570
214	-1646222400	5.1	131570
214	-1643630400	-2.2	131570
214	-1640952000	-0.5	131570
214	-1638273600	-0.3	131570
214	-1635854400	5.5	131570
214	-1633176000	13.5	131570
214	-1630584000	15.7	131570
214	-1627905600	16.6	131570
214	-1625313600	20.6	131570
214	-1622635200	19	131570
214	-1619956800	17.4	131570
214	-1617364800	10.3	131570
214	-1614686400	3.8	131570
214	-1612094400	1.5	131570
214	-1609416000	2.5	131570
214	-1606737600	0.5	131570
214	-1604318400	6.4	131570
214	-1601640000	9.8	131570
214	-1599048000	11.2	131570
214	-1596369600	18.2	131570
214	-1593777600	19	131570
214	-1591099200	19.1	131570
214	-1588420800	17.2	131570
214	-1585828800	9.1	131570
214	-1583150400	5.1	131570
214	-1580558400	0.2	131570
214	-1577880000	2.7	131570
214	-1575201600	2.3	131570
214	-1572696000	7.4	131570
214	-1570017600	13.7	131570
214	-1567425600	17.7	131570
214	-1564747200	18	131570
214	-1562155200	21.2	131570
214	-1559476800	19	131570
214	-1556798400	16.2	131570
214	-1554206400	7.3	131570
214	-1551528000	0.4	131570
214	-1548936000	1.9	131570
214	-1546257600	3.7	131570
214	-1543579200	1.4	131570
214	-1541160000	7.2	131570
214	-1538481600	9.9	131570
214	-1535889600	17.4	131570
214	-1533211200	17.5	131570
214	-1530619200	22.7	131570
214	-1527940800	21.5	131570
214	-1525262400	15.6	131570
214	-1522670400	10.5	131570
214	-1519992000	1.6	131570
214	-1517400000	-1.2	131570
214	-1514721600	-2.6	131570
214	-1512043200	-4.2	131570
214	-1509624000	7.3	131570
214	-1506945600	9.8	131570
214	-1504353600	15.6	131570
214	-1501675200	19.3	131570
214	-1499083200	20.6	131570
214	-1496404800	20.2	131570
214	-1493726400	15.6	131570
214	-1491134400	8.5	131570
214	-1488456000	2.6	131570
214	-1485864000	1.4	131570
214	-1483185600	0.5	131570
214	-1480507200	0.6	131570
214	-1478088000	6.3	131570
214	-1475409600	10	131570
214	-1472817600	17.3	131570
214	-1470139200	15.8	131570
214	-1467547200	20.7	131570
214	-1464868800	20.1	131570
214	-1462190400	16.4	131570
214	-1459598400	13.5	131570
214	-1456920000	7.8	131570
214	-1454328000	0.8	131570
214	-1451649600	-4.4	131570
214	-1448971200	-1.6	131570
214	-1446465600	4.1	131570
214	-1443787200	10.1	131570
214	-1441195200	17.8	131570
214	-1438516800	19.7	131570
214	-1435924800	20.2	131570
214	-1433246400	17.8	131570
214	-1430568000	17.3	131570
214	-1427976000	10.5	131570
214	-1425297600	2.8	131570
214	-1422705600	-0.4	131570
214	-1420027200	0.3	131570
214	-1417348800	5.6	131570
214	-1414929600	4.7	131570
214	-1412251200	11.8	131570
214	-1409659200	16.3	131570
214	-1406980800	17.3	131570
214	-1404388800	20.6	131570
214	-1401710400	19.3	131570
214	-1399032000	14.5	131570
214	-1396440000	10.8	131570
214	-1393761600	6.1	131570
214	-1391169600	-1.8	131570
214	-1388491200	-0.3	131570
214	-1385812800	5	131570
214	-1383393600	5.1	131570
214	-1380715200	12.3	131570
214	-1378123200	15	131570
214	-1375444800	17.4	131570
214	-1372852800	18.8	131570
214	-1370174400	17.8	131570
214	-1367496000	16.8	131570
214	-1364904000	11.9	131570
214	-1362225600	11.4	131570
214	-1359633600	1.1	131570
214	-1356955200	2	131570
214	-1354276800	0.3	131570
214	-1351857600	8.3	131570
214	-1349179200	11.1	131570
214	-1346587200	15.5	131570
214	-1343908800	21	131570
214	-1341316800	22.5	131570
214	-1338638400	21.1	131570
214	-1335960000	17.8	131570
214	-1333368000	10.3	131570
214	-1330689600	7	131570
214	-1328097600	-2.8	131570
214	-1325419200	-1.3	131570
214	-1322740800	1.6	131570
214	-1320235200	3.6	131570
214	-1317556800	12	131570
214	-1314964800	13.3	131570
214	-1312286400	18.9	131570
214	-1309694400	24.4	131570
214	-1307016000	21.5	131570
214	-1304337600	16.1	131570
214	-1301745600	10.4	131570
214	-1299067200	7.4	131570
214	-1296475200	0.1	131570
214	-1293796800	-5.6	131570
214	-1291118400	-9.6	131570
214	-1288699200	2.7	131570
214	-1286020800	7.9	131570
214	-1283428800	17	131570
214	-1280750400	19	131570
214	-1278158400	20.9	131570
214	-1275480000	21.6	131570
214	-1272801600	15.6	131570
214	-1270209600	11.6	131570
214	-1267531200	7.7	131570
214	-1264939200	2.5	131570
214	-1262260800	0.2	131570
214	-1259582400	2.1	131570
214	-1257163200	8	131570
214	-1254484800	12.2	131570
214	-1251892800	15.2	131570
214	-1249214400	20.9	131570
214	-1246622400	21.4	131570
214	-1243944000	19.5	131570
214	-1241265600	17.5	131570
214	-1238673600	10.4	131570
214	-1235995200	7.4	131570
214	-1233403200	1.1	131570
214	-1230724800	0.8	131570
214	-1228046400	1.7	131570
214	-1225627200	2.7	131570
214	-1222948800	9	131570
214	-1220356800	18.1	131570
214	-1217678400	21.4	131570
214	-1215086400	22.4	131570
214	-1212408000	20.1	131570
214	-1209729600	12.4	131570
214	-1207137600	9.2	131570
214	-1204459200	4.8	131570
214	-1201867200	-1.4	131570
214	-1199188800	-1.7	131570
214	-1196510400	-5.7	131570
214	-1194004800	-0.6	131570
214	-1191326400	10.8	131570
214	-1188734400	16.4	131570
214	-1186056000	17.9	131570
214	-1183464000	22.2	131570
214	-1180785600	21.1	131570
214	-1178107200	19.6	131570
214	-1175515200	12.1	131570
214	-1172836800	4.7	131570
214	-1170244800	0.9	131570
214	-1167566400	-3.3	131570
214	-1164888000	0.7	131570
214	-1162468800	6.2	131570
214	-1159790400	8.6	131570
214	-1157198400	13.8	131570
214	-1154520000	16.9	131570
214	-1151928000	20.8	131570
214	-1149249600	19.9	131570
214	-1146571200	15.1	131570
214	-1143979200	11.2	131570
214	-1141300800	5.8	131570
214	-1138708800	-4.8	131570
214	-1136030400	-1.7	131570
214	-1133352000	0.7	131570
214	-1130932800	9.4	131570
214	-1128254400	14.1	131570
214	-1125662400	17.7	131570
214	-1122984000	18.4	131570
214	-1120392000	20.7	131570
214	-1117713600	20.6	131570
214	-1115035200	17.3	131570
214	-1112443200	10.7	131570
214	-1109764800	6.8	131570
214	-1107172800	4.7	131570
214	-1104494400	-4	131570
214	-1101816000	-0.3	131570
214	-1099396800	4.3	131570
214	-1096718400	11.1	131570
214	-1094126400	14.7	131570
214	-1091448000	21.6	131570
214	-1088856000	21.2	131570
214	-1086177600	20.3	131570
214	-1083499200	15.5	131570
214	-1080907200	14.1	131570
214	-1078228800	5.2	131570
214	-1075636800	2.5	131570
214	-1072958400	5	131570
214	-1070280000	2.6	131570
214	-1067774400	8.9	131570
214	-1065096000	11.7	131570
214	-1062504000	16.8	131570
214	-1059825600	18.9	131570
214	-1057233600	23	131570
214	-1054555200	19.3	131570
214	-1051876800	15.5	131570
214	-1049284800	6.3	131570
214	-1046606400	4.8	131570
214	-1044014400	0.9	131570
214	-1041336000	-2.1	131570
214	-1038657600	2.6	131570
214	-1036238400	8.6	131570
214	-1033560000	10.1	131570
214	-1030968000	17.7	131570
214	-1028289600	20.6	131570
214	-1025697600	20.9	131570
214	-1023019200	20	131570
214	-1020340800	17.3	131570
214	-1017748800	11	131570
214	-1015070400	5.6	131570
214	-1012478400	1.2	131570
214	-1009800000	-1.5	131570
214	-1007121600	1.5	131570
214	-1004702400	8	131570
214	-1002024000	8.1	131570
214	-999432000	14.6	131570
214	-996753600	21.6	131570
214	-994161600	21.6	131570
214	-991483200	19.7	131570
214	-988804800	14.7	131570
214	-986212800	11.2	131570
214	-983534400	6.3	131570
214	-980942400	-0.7	131570
214	-978264000	2.1	131570
214	-975585600	2.8	131570
214	-973166400	3.5	131570
214	-970488000	14.2	131570
214	-967896000	15.3	131570
214	-965217600	19.6	131570
214	-962625600	22.2	131570
214	-959947200	20.2	131570
214	-957268800	15.8	131570
214	-954676800	10.4	131570
214	-951998400	5.8	131570
214	-949406400	-0.2	131570
214	-946728000	-8.4	131570
214	-944049600	-5.2	131570
214	-941544000	3.3	131570
214	-938865600	11.1	131570
214	-936273600	14.2	131570
214	-933595200	18.2	131570
214	-931003200	20.1	131570
214	-928324800	16.9	131570
214	-925646400	15.8	131570
214	-923054400	10.4	131570
214	-920376000	7.9	131570
214	-917784000	-4.7	131570
214	-915105600	-1.8	131570
214	-912427200	3.6	131570
214	-910008000	6.9	131570
214	-907329600	10.7	131570
214	-904737600	13.3	131570
214	-902059200	18.3	131570
214	-899467200	20	131570
214	-896788800	18.7	131570
214	-894110400	13	131570
214	-891518400	8.9	131570
214	-888840000	2	131570
214	-886248000	0.2	131570
214	-883569600	-9.2	131570
214	-880891200	-3.7	131570
214	-878472000	2.9	131570
214	-875793600	9.3	131570
214	-873201600	17	131570
214	-870523200	19.8	131570
214	-867931200	21.2	131570
214	-865252800	20.7	131570
214	-862574400	19.9	131570
214	-859982400	11.8	131570
214	-857304000	3.9	131570
214	-854712000	1.9	131570
214	-852033600	-3.3	131570
214	-849355200	2.9	131570
214	-846936000	6.8	131570
214	-844257600	12.5	131570
214	-841665600	14.5	131570
214	-838987200	17.5	131570
214	-836395200	20.8	131570
214	-833716800	22.5	131570
214	-831038400	18.6	131570
214	-828446400	12.7	131570
214	-825768000	4.6	131570
214	-823176000	2.2	131570
214	-820497600	1.6	131570
214	-817819200	-0.8	131570
214	-815313600	2.5	131570
214	-812635200	11.8	131570
214	-810043200	14.7	131570
214	-807364800	19	131570
214	-804772800	21	131570
214	-802094400	22	131570
214	-799416000	15.7	131570
214	-796824000	11.6	131570
214	-794145600	5.5	131570
214	-791553600	0.5	131570
214	-788875200	-4.3	131570
214	-786196800	2.3	131570
214	-783777600	7.9	131570
214	-781099200	11.9	131570
214	-778507200	18.9	131570
214	-775828800	20.9	131570
214	-773236800	22.4	131570
214	-770558400	20.7	131570
214	-767880000	16.2	131570
214	-765288000	9.9	131570
214	-762609600	4.6	131570
214	-760017600	0.9	131570
214	-757339200	-3.6	131570
214	-754660800	2.3	131570
214	-752241600	7.2	131570
214	-749563200	13.6	131570
214	-746971200	18.8	131570
214	-744292800	21.4	131570
214	-741700800	22.9	131570
214	-739022400	22.5	131570
214	-736344000	18.4	131570
214	-733752000	7.2	131570
214	-731073600	5.8	131570
214	-728481600	-1.3	131570
214	-725803200	-7.2	131570
214	-723124800	-1.7	131570
214	-720705600	8.5	131570
214	-718027200	13.8	131570
214	-715435200	17.5	131570
214	-712756800	20.6	131570
214	-710164800	22	131570
214	-707486400	20.8	131570
214	-704808000	19.1	131570
214	-702216000	8.9	131570
214	-699537600	7.2	131570
214	-696945600	2.1	131570
214	-694267200	4.8	131570
214	-691588800	1	131570
214	-689083200	6.5	131570
214	-686404800	12.7	131570
214	-683812800	17.7	131570
214	-681134400	17.6	131570
214	-678542400	19	131570
214	-675864000	20.8	131570
214	-673185600	16.8	131570
214	-670593600	11.8	131570
214	-667915200	4.3	131570
214	-665323200	-2.6	131570
214	-662644800	1.1	131570
214	-659966400	1.2	131570
214	-657547200	2.3	131570
214	-654868800	12.7	131570
214	-652276800	16.8	131570
214	-649598400	16.9	131570
214	-647006400	19.7	131570
214	-644328000	18.8	131570
214	-641649600	17.3	131570
214	-639057600	11.1	131570
214	-636379200	7	131570
214	-633787200	2.1	131570
214	-631108800	-4.4	131570
214	-628430400	0.8	131570
214	-626011200	6.9	131570
214	-623332800	12.2	131570
214	-620740800	18.2	131570
214	-618062400	21.3	131570
214	-615470400	23.4	131570
214	-612792000	21.9	131570
214	-610113600	16.8	131570
214	-607521600	8.7	131570
214	-604843200	6	131570
214	-602251200	3.1	131570
214	-599572800	2.3	131570
214	-596894400	4.1	131570
214	-594475200	6.5	131570
214	-591796800	11	131570
214	-589204800	16.2	131570
214	-586526400	19.6	131570
214	-583934400	20.5	131570
214	-581256000	21.5	131570
214	-578577600	17.6	131570
214	-575985600	9.5	131570
214	-573307200	7.7	131570
214	-570715200	1.8	131570
214	-568036800	0.5	131570
214	-565358400	1	131570
214	-562852800	3.6	131570
214	-560174400	14.3	131570
214	-557582400	15.7	131570
214	-554904000	19.9	131570
214	-552312000	23.2	131570
214	-549633600	23.4	131570
214	-546955200	15.9	131570
214	-544363200	10.7	131570
214	-541684800	4.4	131570
214	-539092800	0.8	131570
214	-536414400	0.1	131570
214	-533736000	-0.1	131570
214	-531316800	4.8	131570
214	-528638400	12.1	131570
214	-526046400	14.8	131570
214	-523368000	19.6	131570
214	-520776000	21.7	131570
214	-518097600	18.9	131570
214	-515419200	16.9	131570
214	-512827200	12.3	131570
214	-510148800	3	131570
214	-507556800	-0.6	131570
214	-504878400	-6.7	131570
214	-502200000	-7.2	131570
214	-499780800	5.9	131570
214	-497102400	8.8	131570
214	-494510400	15.1	131570
214	-491832000	20.7	131570
214	-489240000	19	131570
214	-486561600	20	131570
214	-483883200	17.5	131570
214	-481291200	10.2	131570
214	-478612800	5	131570
214	-476020800	3.2	131570
214	-473342400	0.3	131570
214	-470664000	2.6	131570
214	-468244800	3.2	131570
214	-465566400	7.9	131570
214	-462974400	14.9	131570
214	-460296000	18.9	131570
214	-457704000	19.7	131570
214	-455025600	18.6	131570
214	-452347200	16	131570
214	-449755200	10.7	131570
214	-447076800	4.4	131570
214	-444484800	3.1	131570
214	-441806400	1.6	131570
214	-439128000	-9.6	131570
214	-436622400	1.2	131570
214	-433944000	10.5	131570
214	-431352000	15.3	131570
214	-428673600	18	131570
214	-426081600	20.7	131570
214	-423403200	20.4	131570
214	-420724800	16.6	131570
214	-418132800	10	131570
214	-415454400	1.8	131570
214	-412862400	-1.1	131570
214	-410184000	-3.3	131570
214	-407505600	4.3	131570
214	-405086400	7.1	131570
214	-402408000	11	131570
214	-399816000	13	131570
214	-397137600	21.2	131570
214	-394545600	21.5	131570
214	-391867200	19.6	131570
214	-389188800	15.9	131570
214	-386596800	10.8	131570
214	-383918400	6.7	131570
214	-381326400	0.5	131570
214	-378648000	-1.6	131570
214	-375969600	4	131570
214	-373550400	1.5	131570
214	-370872000	8.9	131570
214	-368280000	19.8	131570
214	-365601600	18.9	131570
214	-363009600	22.2	131570
214	-360331200	21.9	131570
214	-357652800	16.8	131570
214	-355060800	11.5	131570
214	-352382400	6.6	131570
214	-349790400	4.3	131570
214	-347112000	-0.3	131570
214	-344433600	-0.3	131570
214	-342014400	8.6	131570
214	-339336000	11.4	131570
214	-336744000	15.8	131570
214	-334065600	18.6	131570
214	-331473600	21.8	131570
214	-328795200	19.8	131570
214	-326116800	14.6	131570
214	-323524800	9.4	131570
214	-320846400	5.3	131570
214	-318254400	4.5	131570
214	-315576000	-2.1	131570
214	-312897600	0.5	131570
214	-310392000	6.6	131570
214	-307713600	10.9	131570
214	-305121600	14.8	131570
214	-302443200	19.9	131570
214	-299851200	19.5	131570
214	-297172800	20.6	131570
214	-294494400	15.4	131570
214	-291902400	13	131570
214	-289224000	7.9	131570
214	-286632000	4.6	131570
214	-283953600	-0.2	131570
214	-281275200	3.3	131570
214	-278856000	8.3	131570
214	-276177600	14.4	131570
214	-273585600	14.5	131570
214	-270907200	20.1	131570
214	-268315200	20.1	131570
214	-265636800	20.1	131570
214	-262958400	17.8	131570
214	-260366400	13.3	131570
214	-257688000	6.8	131570
214	-255096000	0.3	131570
214	-252417600	0.1	131570
214	-249739200	0.4	131570
214	-247320000	1.5	131570
214	-244641600	12.5	131570
214	-242049600	16.2	131570
214	-239371200	18.2	131570
214	-236779200	19.7	131570
214	-234100800	21.9	131570
214	-231422400	15.6	131570
214	-228830400	11.4	131570
214	-226152000	6	131570
214	-223560000	-2.2	131570
214	-220881600	-6.9	131570
214	-218203200	-3.9	131570
214	-215784000	3.8	131570
214	-213105600	12.3	131570
214	-210513600	16.7	131570
214	-207835200	21.2	131570
214	-205243200	22.7	131570
214	-202564800	21.6	131570
214	-199886400	17.5	131570
214	-197294400	10.9	131570
214	-194616000	10.1	131570
214	-192024000	-3.9	131570
214	-189345600	-7.7	131570
214	-186667200	0	131570
214	-184161600	3.3	131570
214	-181483200	12.1	131570
214	-178891200	15.8	131570
214	-176212800	22.1	131570
214	-173620800	21	131570
214	-170942400	19.2	131570
214	-168264000	16.1	131570
214	-165672000	11.6	131570
214	-162993600	7.4	131570
214	-160401600	0.7	131570
214	-157723200	-0.2	131570
214	-155044800	-2.3	131570
214	-152625600	6.7	131570
214	-149947200	9.7	131570
214	-147355200	14.8	131570
214	-144676800	19.5	131570
214	-142084800	21.5	131570
214	-139406400	19.1	131570
214	-136728000	17.3	131570
214	-134136000	9.9	131570
214	-131457600	4.1	131570
214	-128865600	3.5	131570
214	-126187200	-3.8	131570
214	-123508800	6.7	131570
214	-121089600	5.3	131570
214	-118411200	13.3	131570
214	-115819200	16.7	131570
214	-113140800	19.7	131570
214	-110548800	20.6	131570
214	-107870400	20.2	131570
214	-105192000	17.2	131570
214	-102600000	15.7	131570
214	-99921600	5.3	131570
214	-97329600	2.1	131570
214	-94651200	-3.5	131570
214	-91972800	2.5	131570
214	-89553600	7.6	131570
214	-86875200	10.4	131570
214	-84283200	16.5	131570
214	-81604800	18.9	131570
214	-79012800	22.6	131570
214	-76334400	20.8	131570
214	-73656000	18	131570
214	-71064000	13.1	131570
214	-68385600	5.9	131570
214	-65793600	-0.3	131570
214	-63115200	-1.6	131570
214	-60436800	3.8	131570
214	-57931200	6.3	131570
214	-55252800	13.5	131570
214	-52660800	17.7	131570
214	-49982400	20.6	131570
214	-47390400	20.9	131570
214	-44712000	19	131570
214	-42033600	16	131570
214	-39441600	11.4	131570
214	-36763200	7.1	131570
214	-34171200	-0.8	131570
214	-31492800	-3.6	131570
214	-28814400	-0.2	131570
214	-26395200	4.4	131570
214	-23716800	10.7	131570
214	-21124800	18.9	131570
214	-18446400	18.2	131570
214	-15854400	20.6	131570
214	-13176000	19.3	131570
214	-10497600	17.1	131570
214	-7905600	11.1	131570
214	-5227200	8.3	131570
214	-2635200	-2.5	131570
214	43200	-1.8	131570
214	2721600	0.4	131570
214	5140800	5.4	131570
214	7819200	10.8	131570
214	10411200	14.1	131570
214	13089600	20.4	131570
214	15681600	20.6	131570
214	18360000	20.6	131570
214	21038400	15.8	131570
214	23630400	10	131570
214	26308800	7.6	131570
214	28900800	0.7	131570
214	31579200	-1.4	131570
214	34257600	3.5	131570
214	36676800	3.2	131570
214	39355200	12.1	131570
214	41947200	18.2	131570
214	44625600	19	131570
214	47217600	21.4	131570
214	49896000	22.4	131570
214	52574400	14.2	131570
214	55166400	9.2	131570
214	57844800	5.2	131570
214	60436800	2.6	131570
214	63115200	-0.4	131570
214	65793600	3.4	131570
214	68299200	8.5	131570
214	70977600	12.2	131570
214	73569600	16.5	131570
214	76248000	20.9	131570
214	78840000	21.2	131570
214	81518400	19.6	131570
214	84196800	13.9	131570
214	86788800	8.9	131570
214	89467200	6.1	131570
214	92059200	1.3	131570
214	94737600	-0.5	131570
214	97416000	3	131570
214	99835200	5.4	131570
214	102513600	9.6	131570
214	105105600	17.9	131570
214	107784000	19.5	131570
214	110376000	21	131570
214	113054400	20.3	131570
214	115732800	17	131570
214	118324800	9.5	131570
214	121003200	2.8	131570
214	123595200	0	131570
214	126273600	1.7	131570
214	128952000	5.4	131570
214	131371200	8	131570
214	134049600	10.3	131570
214	136641600	14.7	131570
214	139320000	17.9	131570
214	141912000	20.4	131570
214	144590400	21.7	131570
214	147268800	16.8	131570
214	149860800	7.5	131570
214	152539200	5.1	131570
214	155131200	2.9	131570
214	157809600	2.4	131570
214	160488000	1.2	131570
214	162907200	8.3	131570
214	165585600	11.1	131570
214	168177600	17.8	131570
214	170856000	19.1	131570
214	173448000	21	131570
214	176126400	19.8	131570
214	178804800	19	131570
214	181396800	10.6	131570
214	184075200	4.4	131570
214	186667200	1.2	131570
214	189345600	0.5	131570
214	192024000	-0.1	131570
214	194529600	3.1	131570
214	197208000	11.7	131570
214	199800000	16.4	131570
214	202478400	18.5	131570
214	205070400	21.7	131570
214	207748800	17.7	131570
214	210427200	15.2	131570
214	213019200	11.4	131570
214	215697600	7.5	131570
214	218289600	1.2	131570
214	220968000	1.7	131570
214	223646400	5.9	131570
214	226065600	9.2	131570
214	228744000	10	131570
214	231336000	17	131570
214	234014400	19.7	131570
214	236606400	20.2	131570
214	239284800	20.1	131570
214	241963200	14	131570
214	244555200	11.5	131570
214	247233600	5.9	131570
214	249825600	-1.5	131570
214	252504000	0.4	131570
214	255182400	0.1	131570
214	257601600	7.3	131570
214	260280000	10.3	131570
214	262872000	14.4	131570
214	265550400	18.7	131570
214	268142400	19.6	131570
214	270820800	19.2	131570
214	273499200	15.3	131570
214	276091200	11	131570
214	278769600	2.1	131570
214	281361600	1.8	131570
214	284040000	-1.9	131570
214	286718400	2.5	131570
214	289137600	8.6	131570
214	291816000	9.9	131570
214	294408000	17.4	131570
214	297086400	22	131570
214	299678400	19.6	131570
214	302356800	19.8	131570
214	305035200	16.7	131570
214	307627200	9.8	131570
214	310305600	6.2	131570
214	312897600	4.3	131570
214	315576000	-3.3	131570
214	318254400	2.3	131570
214	320760000	5.8	131570
214	323438400	8.1	131570
214	326030400	13.4	131570
214	328708800	19.2	131570
214	331300800	19.7	131570
214	333979200	20	131570
214	336657600	15.9	131570
214	339249600	11.6	131570
214	341928000	4.3	131570
214	344520000	-0.8	131570
214	347198400	-2.7	131570
214	349876800	1	131570
214	352296000	9.2	131570
214	354974400	11.2	131570
214	357566400	16.3	131570
214	360244800	20.1	131570
214	362836800	20.4	131570
214	365515200	20.3	131570
214	368193600	17.2	131570
214	370785600	12.4	131570
214	373464000	4.5	131570
214	376056000	0.6	131570
214	378734400	-2	131570
214	381412800	-0.6	131570
214	383832000	5.8	131570
214	386510400	8.1	131570
214	389102400	17	131570
214	391780800	20.8	131570
214	394372800	21.5	131570
214	397051200	20.6	131570
214	399729600	19.9	131570
214	402321600	12.8	131570
214	4.05e+08	5.3	131570
214	407592000	3.6	131570
214	410270400	3.5	131570
214	412948800	0.2	131570
214	415368000	7.6	131570
214	418046400	13.5	131570
214	420638400	18.2	131570
214	423316800	19	131570
214	425908800	22.9	131570
214	428587200	21	131570
214	431265600	16.5	131570
214	433857600	10.9	131570
214	436536000	2.4	131570
214	439128000	0.4	131570
214	441806400	0.1	131570
214	444484800	0.5	131570
214	446990400	5.2	131570
214	449668800	10.4	131570
214	452260800	15.3	131570
214	454939200	18.1	131570
214	457531200	19.3	131570
214	460209600	19.9	131570
214	462888000	17.3	131570
214	465480000	12.7	131570
214	468158400	5.7	131570
214	470750400	-0.2	131570
214	473428800	-6	131570
214	476107200	-3.9	131570
214	478526400	4.7	131570
214	481204800	11.8	131570
214	483796800	18	131570
214	486475200	17.2	131570
214	489067200	21.7	131570
214	491745600	20.9	131570
214	494424000	16.7	131570
214	497016000	10.1	131570
214	499694400	3.7	131570
214	502286400	5	131570
214	504964800	0.8	131570
214	507643200	-3.4	131570
214	510062400	4.2	131570
214	512740800	13.4	131570
214	515332800	18.8	131570
214	518011200	19.2	131570
214	520603200	19.9	131570
214	523281600	21.7	131570
214	525960000	16.4	131570
214	528552000	10.5	131570
214	531230400	5.2	131570
214	533822400	-0.2	131570
214	536500800	-4	131570
214	539179200	0.3	131570
214	541598400	0.4	131570
214	544276800	11.6	131570
214	546868800	14.8	131570
214	549547200	20	131570
214	552139200	23.8	131570
214	554817600	19.6	131570
214	557496000	19.9	131570
214	560088000	12.3	131570
214	562766400	6.4	131570
214	565358400	2.1	131570
214	568036800	3.2	131570
214	570715200	3.6	131570
214	573220800	5.5	131570
214	575899200	10.4	131570
214	578491200	17	131570
214	581169600	19.6	131570
214	583761600	23.2	131570
214	586440000	21.5	131570
214	589118400	16.7	131570
214	591710400	10.5	131570
214	594388800	0.3	131570
214	596980800	1.9	131570
214	599659200	-0.3	131570
214	602337600	4.8	131570
214	604756800	9.6	131570
214	607435200	13.6	131570
214	610027200	15.4	131570
214	612705600	17.8	131570
214	615297600	21.8	131570
214	617976000	20.7	131570
214	620654400	16.5	131570
214	623246400	11.4	131570
214	625924800	4.9	131570
214	628516800	2.2	131570
214	631195200	0.5	131570
214	633873600	6.1	131570
214	636292800	9.5	131570
214	638971200	11.2	131570
214	641563200	17.6	131570
214	644241600	19.5	131570
214	646833600	20.9	131570
214	649512000	21.1	131570
214	652190400	14.9	131570
214	654782400	12.2	131570
214	657460800	6.4	131570
214	660052800	1	131570
214	662731200	1.1	131570
214	665409600	-2.6	131570
214	667828800	8.7	131570
214	670507200	9.7	131570
214	673099200	12.9	131570
214	675777600	20	131570
214	678369600	22.5	131570
214	681048000	20.5	131570
214	683726400	17.7	131570
214	686318400	9.8	131570
214	688996800	6.3	131570
214	691588800	-1.8	131570
214	694267200	0.8	131570
214	696945600	3.7	131570
214	699451200	6.5	131570
214	702129600	12.1	131570
214	704721600	17.1	131570
214	707400000	19.9	131570
214	709992000	21.6	131570
214	712670400	24.4	131570
214	715348800	16.8	131570
214	717940800	11	131570
214	720619200	7.1	131570
214	723211200	0.6	131570
214	725889600	-0.3	131570
214	728568000	-1.1	131570
214	730987200	4.8	131570
214	733665600	11.9	131570
214	736257600	19	131570
214	738936000	20	131570
214	741528000	21.1	131570
214	744206400	21.1	131570
214	746884800	16.5	131570
214	749476800	12.9	131570
214	752155200	1.9	131570
214	754747200	2.3	131570
214	757425600	2	131570
214	760104000	1.5	131570
214	762523200	9.2	131570
214	765201600	11.8	131570
214	767793600	17	131570
214	770472000	20.2	131570
214	773064000	23.9	131570
214	775742400	22.6	131570
214	778420800	19.4	131570
214	781012800	9.9	131570
214	783691200	7.1	131570
214	786283200	1.8	131570
214	788961600	-0.1	131570
214	791640000	6.1	131570
214	794059200	5.4	131570
214	796737600	11.7	131570
214	799329600	15.5	131570
214	802008000	18.7	131570
214	804600000	23.5	131570
214	807278400	20.2	131570
214	809956800	15	131570
214	812548800	12.1	131570
214	815227200	3.6	131570
214	817819200	1.4	131570
214	820497600	-1.1	131570
214	823176000	-2.4	131570
214	825681600	2.9	131570
214	828360000	11.5	131570
214	830952000	18	131570
214	833630400	21.1	131570
214	836222400	19.9	131570
214	838900800	20.6	131570
214	841579200	13.1	131570
214	844171200	11.5	131570
214	846849600	8.1	131570
214	849441600	-1.3	131570
214	852120000	-1.3	131570
214	854798400	3.5	131570
214	857217600	6	131570
214	859896000	7.9	131570
214	862488000	17.8	131570
214	865166400	20.8	131570
214	867758400	20.3	131570
214	870436800	20.5	131570
214	873115200	16.2	131570
214	875707200	8.9	131570
214	878385600	6.2	131570
214	880977600	2.7	131570
214	883656000	2.8	131570
214	886334400	5	131570
214	888753600	4.8	131570
214	891432000	12.6	131570
214	894024000	16.2	131570
214	896702400	21.4	131570
214	899294400	22.2	131570
214	901972800	21.8	131570
214	904651200	16	131570
214	907243200	12.3	131570
214	909921600	3.9	131570
214	912513600	-3.3	131570
214	915192000	0.4	131570
214	917870400	1.1	131570
214	920289600	8.2	131570
214	922968000	12.6	131570
214	925560000	17.3	131570
214	928238400	20.3	131570
214	930830400	21.9	131570
214	933508800	21.3	131570
214	936187200	18.8	131570
214	938779200	11.7	131570
214	941457600	4	131570
214	944049600	0.7	131570
214	946728000	-1.6	131570
214	949406400	4.2	131570
214	951912000	7	131570
214	954590400	14.9	131570
214	957182400	18.4	131570
214	959860800	22.5	131570
214	962452800	21.7	131570
214	965131200	23.7	131570
214	967809600	16.7	131570
214	970401600	14.1	131570
214	973080000	10	131570
214	975672000	3	131570
214	978350400	2.7	131570
214	981028800	4.2	131570
214	983448000	9.9	131570
214	986126400	10.9	131570
214	988718400	18.4	131570
214	991396800	18.1	131570
214	993988800	21.6	131570
214	996667200	22.7	131570
214	999345600	14.9	131570
214	1001937600	13.9	131570
214	1004616000	3.5	131570
214	1007208000	-3.8	131570
214	1009886400	-0.2	131570
214	1012564800	6	131570
214	1014984000	8.4	131570
214	1017662400	11.2	131570
214	1020254400	18.6	131570
214	1022932800	21.1	131570
214	1025524800	22.3	131570
214	1028203200	20.9	131570
214	1030881600	15.4	131570
214	1033473600	11.3	131570
214	1036152000	8.8	131570
214	1038744000	0.9	131570
214	1041422400	-1.4	131570
214	1044100800	-3	131570
214	1046520000	5.9	131570
214	1049198400	11.4	131570
214	1051790400	20.1	131570
214	1054468800	24.3	131570
214	1057060800	22.2	131570
214	1059739200	23.7	131570
214	1062417600	15.9	131570
214	1065009600	9.4	131570
214	1067688000	7.5	131570
214	1070280000	1.4	131570
214	1072958400	-1.4	131570
214	1075636800	2.3	131570
214	1078142400	5.8	131570
214	1080820800	11.7	131570
214	1083412800	14.6	131570
214	1086091200	19.2	131570
214	1088683200	21.5	131570
214	1091361600	21	131570
214	1094040000	15.5	131570
214	1096632000	13.2	131570
214	1099310400	6.2	131570
214	1101902400	1.9	131570
214	1104580800	0	131570
214	1107259200	-3.3	131570
214	1109678400	4.1	131570
214	1112356800	11.5	131570
214	1114948800	17	131570
214	1117627200	19.5	131570
214	1120219200	21.6	131570
214	1122897600	19.3	131570
214	1125576000	17.1	131570
214	1128168000	11.7	131570
214	1130846400	5	131570
214	1133438400	1.7	131570
214	1136116800	-1.6	131570
214	1138795200	1.2	131570
214	1141214400	5.4	131570
214	1143892800	12.7	131570
214	1146484800	16.2	131570
214	1149163200	20.1	131570
214	1151755200	23.5	131570
214	1154433600	19.3	131570
214	1157112000	17.8	131570
214	1159704000	13	131570
214	1162382400	7.8	131570
214	1164974400	3	131570
214	1167652800	5.8	131570
214	1170331200	6.1	131570
214	1172750400	8.5	131570
214	1175428800	13.3	131570
214	1178020800	18.3	131570
214	1180699200	22.3	131570
214	1183291200	23.8	131570
214	1185969600	22.2	131570
214	1188648000	14.5	131570
214	1191240000	10.3	131570
214	1193918400	4	131570
214	1196510400	0.1	131570
214	1199188800	1.5	131570
214	1201867200	4.9	131570
214	1204372800	7.5	131570
214	1207051200	12.5	131570
214	1209643200	18.1	131570
214	1212321600	21.5	131570
214	1214913600	21.8	131570
214	1217592000	21.8	131570
228	-3755246400	-0.7	140230
228	-3752568000	0.9	140230
228	-3750148800	4.1	140230
228	-3747470400	10.6	140230
228	-3744878400	10.4	140230
228	-3742200000	15.8	140230
228	-3739608000	17	140230
228	-3736929600	15.7	140230
228	-3734251200	11.6	140230
228	-3731659200	10.4	140230
228	-3728980800	0.6	140230
228	-3726388800	-5.4	140230
228	-3723710400	-1	140230
228	-3721032000	1.4	140230
228	-3718526400	0.8	140230
228	-3715848000	5.6	140230
228	-3713256000	13.4	140230
228	-3710577600	17.1	140230
228	-3707985600	18.7	140230
228	-3705307200	17.4	140230
228	-3702628800	13.7	140230
228	-3700036800	7.7	140230
228	-3697358400	8.2	140230
228	-3694766400	4.2	140230
228	-3692088000	1.6	140230
228	-3689409600	-0.9	140230
228	-3686990400	1.1	140230
228	-3684312000	6.7	140230
228	-3681720000	13.1	140230
228	-3679041600	17.1	140230
228	-3676449600	19.3	140230
228	-3673771200	17.9	140230
228	-3671092800	13.1	140230
228	-3668500800	9.9	140230
228	-3665822400	2.6	140230
228	-3663230400	-4.1	140230
228	-3660552000	-1.5	140230
228	-3657873600	-0.9	140230
228	-3655454400	3.1	140230
228	-3652776000	7.3	140230
228	-3650184000	13.9	140230
228	-3647505600	16.6	140230
228	-3644913600	18.1	140230
228	-3642235200	16.2	140230
228	-3639556800	11.5	140230
228	-3636964800	9.2	140230
228	-3634286400	2.3	140230
228	-3631694400	0.5	140230
228	-3629016000	-5.9	140230
228	-3626337600	-0.6	140230
228	-3623918400	4.8	140230
228	-3621240000	7.5	140230
228	-3618648000	13.2	140230
228	-3615969600	18.1	140230
228	-3613377600	18.4	140230
228	-3610699200	18.2	140230
228	-3608020800	13.1	140230
228	-3605428800	12.6	140230
228	-3602750400	4.3	140230
228	-3600158400	-7.7	140230
228	-3597480000	1.1	140230
228	-3594801600	1.8	140230
228	-3592296000	0.7	140230
228	-3589617600	10.7	140230
228	-3587025600	12.9	140230
228	-3584347200	18.2	140230
228	-3581755200	16.6	140230
228	-3579076800	19.5	140230
228	-3576398400	13.7	140230
228	-3573806400	9.1	140230
228	-3571128000	-0.7	140230
228	-3568536000	-2.1	140230
228	-3565857600	-3.2	140230
228	-3563179200	-3.1	140230
228	-3560760000	2.2	140230
228	-3558081600	8	140230
228	-3555489600	12.2	140230
228	-3552811200	16.8	140230
228	-3550219200	19.6	140230
228	-3547540800	18.8	140230
228	-3544862400	14.1	140230
228	-3542270400	12.1	140230
228	-3539592000	2.7	140230
228	-3.537e+09	-1.9	140230
228	-3534321600	-9.2	140230
228	-3531643200	-8.6	140230
228	-3529224000	0.4	140230
228	-3526545600	8.1	140230
228	-3523953600	12.3	140230
228	-3521275200	19.4	140230
228	-3518683200	18.2	140230
228	-3516004800	16.6	140230
228	-3513326400	15.1	140230
228	-3510734400	11.1	140230
228	-3508056000	-0.2	140230
228	-3505464000	-0.5	140230
228	-3502785600	-3.4	140230
228	-3500107200	2.6	140230
228	-3497688000	5.7	140230
228	-3495009600	8.8	140230
228	-3492417600	12.8	140230
228	-3489739200	17.1	140230
228	-3487147200	21.2	140230
228	-3484468800	19.5	140230
228	-3481790400	13.3	140230
228	-3479198400	10.8	140230
228	-3476520000	3.2	140230
228	-3473928000	-4.6	140230
228	-3471249600	-0.1	140230
228	-3468571200	-3.4	140230
228	-3466065600	1.4	140230
228	-3463387200	7.7	140230
228	-3460795200	14	140230
228	-3458116800	17.7	140230
228	-3455524800	16.2	140230
228	-3452846400	17.8	140230
228	-3450168000	14.5	140230
228	-3447576000	7.1	140230
228	-3444897600	1.7	140230
228	-3442305600	-0.1	140230
228	-3439627200	-5.7	140230
228	-3436948800	3.1	140230
228	-3434529600	4.7	140230
228	-3431851200	7.3	140230
228	-3429259200	11.7	140230
228	-3426580800	18.6	140230
228	-3423988800	19.1	140230
228	-3421310400	21	140230
228	-3418632000	15.7	140230
228	-3416040000	9.1	140230
228	-3413361600	5.5	140230
228	-3410769600	-2.5	140230
228	-3408091200	-2.8	140230
228	-3405412800	0.4	140230
228	-3402993600	7.7	140230
228	-3400315200	11.5	140230
228	-3397723200	14.8	140230
228	-3395044800	16.7	140230
228	-3392452800	19.3	140230
228	-3389774400	18	140230
228	-3387096000	15	140230
228	-3384504000	11.7	140230
228	-3381825600	4.4	140230
228	-3379233600	-0.8	140230
228	-3376555200	2.7	140230
228	-3373876800	0.6	140230
228	-3371457600	6.2	140230
228	-3368779200	10	140230
228	-3366187200	14.6	140230
228	-3363508800	17.1	140230
228	-3360916800	18	140230
228	-3358238400	19.2	140230
228	-3355560000	14.5	140230
228	-3352968000	10.9	140230
228	-3350289600	4.4	140230
228	-3347697600	0.6	140230
228	-3345019200	-10.8	140230
228	-3342340800	-3	140230
228	-3339835200	5	140230
228	-3337156800	5.3	140230
228	-3334564800	12	140230
228	-3331886400	16.9	140230
228	-3329294400	17.7	140230
228	-3326616000	16.8	140230
228	-3323937600	14.9	140230
228	-3321345600	8.4	140230
228	-3318667200	3	140230
228	-3316075200	-2.5	140230
228	-3313396800	-0.6	140230
228	-3310718400	-4.1	140230
228	-3308299200	-0.7	140230
228	-3305620800	10.8	140230
228	-3303028800	16.7	140230
228	-3300350400	16.2	140230
228	-3297758400	21.3	140230
228	-3295080000	19.1	140230
228	-3292401600	14.7	140230
228	-3289809600	10	140230
228	-3287131200	6.3	140230
228	-3284539200	-0.8	140230
228	-3281860800	-0.5	140230
228	-3279182400	4.2	140230
228	-3276763200	6.3	140230
228	-3274084800	10.9	140230
228	-3271492800	12	140230
228	-3268814400	19.7	140230
228	-3266222400	19.7	140230
228	-3263544000	16.5	140230
228	-3260865600	15.4	140230
228	-3258273600	6	140230
228	-3255595200	3.8	140230
228	-3253003200	0.1	140230
228	-3250324800	0.3	140230
228	-3247646400	3.7	140230
228	-3245227200	3.5	140230
228	-3242548800	10.3	140230
228	-3239956800	14.2	140230
228	-3237278400	17.1	140230
228	-3234686400	18.1	140230
228	-3232008000	18.3	140230
228	-3229329600	15.2	140230
228	-3226737600	8.3	140230
228	-3224059200	1.5	140230
228	-3221467200	-2.7	140230
228	-3218788800	-2.8	140230
228	-3216110400	1.1	140230
228	-3213604800	3.9	140230
228	-3210926400	8.4	140230
228	-3208334400	17.6	140230
228	-3205656000	18.3	140230
228	-3203064000	19.3	140230
228	-3200385600	19	140230
228	-3197707200	17.6	140230
228	-3195115200	11.9	140230
228	-3192436800	2.5	140230
228	-3189844800	5.3	140230
228	-3187166400	-2.9	140230
228	-3184488000	5.5	140230
228	-3182068800	3.4	140230
228	-3179390400	11.5	140230
228	-3176798400	17.3	140230
228	-3174120000	15.8	140230
228	-3171528000	20.5	140230
228	-3168849600	17.4	140230
228	-3166171200	13.9	140230
228	-3163579200	6.2	140230
228	-3160900800	2.2	140230
228	-3158308800	0.6	140230
228	-3155630400	-2.4	140230
228	-3152952000	-3.8	140230
228	-3150532800	1.5	140230
228	-3147854400	7.2	140230
228	-3145262400	14.7	140230
228	-3142584000	16.8	140230
228	-3139992000	19.4	140230
228	-3137313600	16.3	140230
228	-3134635200	11.7	140230
228	-3132043200	8.2	140230
228	-3129364800	6.4	140230
228	-3126772800	-3.9	140230
228	-3124094400	-3.7	140230
228	-3121416000	-2.6	140230
228	-3118996800	3.2	140230
228	-3116318400	8.6	140230
228	-3113726400	10.8	140230
228	-3111048000	14.7	140230
228	-3108456000	19.3	140230
228	-3105777600	16.9	140230
228	-3103099200	14.4	140230
228	-3100507200	6.3	140230
228	-3097828800	3	140230
228	-3095236800	-6.7	140230
228	-3092558400	-0.9	140230
228	-3089880000	1.7	140230
228	-3087374400	4.9	140230
228	-3084696000	9.9	140230
228	-3082104000	14.1	140230
228	-3079425600	16.2	140230
228	-3076833600	18.5	140230
228	-3074155200	16.9	140230
228	-3071476800	14	140230
228	-3068884800	11.2	140230
228	-3066206400	6.5	140230
228	-3063614400	4.5	140230
228	-3060936000	1.4	140230
228	-3058257600	-1.3	140230
228	-3055838400	6.6	140230
228	-3053160000	7.5	140230
228	-3050568000	11.2	140230
228	-3047889600	16	140230
228	-3045297600	19.6	140230
228	-3042619200	18.1	140230
228	-3039940800	12.4	140230
228	-3037348800	11.5	140230
228	-3034670400	4.1	140230
228	-3032078400	-1.7	140230
228	-3029400000	-1.2	140230
228	-3026721600	0.8	140230
228	-3024302400	2.6	140230
228	-3021624000	10.2	140230
228	-3019032000	10.1	140230
228	-3016353600	17.2	140230
228	-3013761600	21.1	140230
228	-3011083200	16.8	140230
228	-3008404800	15.4	140230
228	-3005812800	9.1	140230
228	-3003134400	-0.8	140230
228	-3000542400	-1.1	140230
228	-2997864000	-1.6	140230
228	-2995185600	-4.7	140230
228	-2992766400	-1.2	140230
228	-2990088000	8	140230
228	-2987496000	14.7	140230
228	-2984817600	19.3	140230
228	-2982225600	18.6	140230
228	-2979547200	18.6	140230
228	-2976868800	12.7	140230
228	-2974276800	8	140230
228	-2971598400	3.5	140230
228	-2969006400	-4.4	140230
228	-2966328000	-6.3	140230
228	-2963649600	-1	140230
228	-2961144000	5.5	140230
228	-2958465600	10.4	140230
228	-2955873600	9.3	140230
228	-2953195200	17.5	140230
228	-2950603200	18.4	140230
228	-2947924800	18.3	140230
228	-2945246400	13.6	140230
228	-2942654400	10.3	140230
228	-2939976000	0.5	140230
228	-2937384000	3.9	140230
228	-2934705600	3.3	140230
228	-2932027200	2.1	140230
228	-2929608000	3.5	140230
228	-2926929600	8.5	140230
228	-2924337600	12.9	140230
228	-2921659200	19.5	140230
228	-2919067200	20.1	140230
228	-2916388800	20.7	140230
228	-2913710400	11.2	140230
228	-2911118400	6.9	140230
228	-2908440000	4.9	140230
228	-2905848000	-2.3	140230
228	-2903169600	-3.1	140230
228	-2900491200	-0.7	140230
228	-2898072000	3.9	140230
228	-2895393600	9.5	140230
228	-2892801600	14.7	140230
228	-2890123200	17.6	140230
228	-2887531200	18.6	140230
228	-2884852800	19.5	140230
228	-2882174400	15.7	140230
228	-2879582400	11.6	140230
228	-2876904000	4.9	140230
228	-2874312000	-3.3	140230
228	-2871633600	-1.1	140230
228	-2868955200	3	140230
228	-2866536000	4.4	140230
228	-2863857600	9.6	140230
228	-2861265600	11.6	140230
228	-2858587200	19.1	140230
228	-2855995200	17	140230
228	-2853316800	19.2	140230
228	-2850638400	15.1	140230
228	-2848046400	8.3	140230
228	-2845368000	0.7	140230
228	-2842776000	-9.4	140230
228	-2840097600	-6.7	140230
228	-2837419200	-2.4	140230
228	-2834913600	3.8	140230
228	-2832235200	11	140230
228	-2829643200	12.6	140230
228	-2826964800	17	140230
228	-2824372800	20.7	140230
228	-2821694400	17.2	140230
228	-2819016000	14.3	140230
228	-2816424000	10.5	140230
228	-2813745600	4.8	140230
228	-2811153600	3.6	140230
228	-2808475200	-5	140230
228	-2805796800	-1.3	140230
228	-2803377600	5.2	140230
228	-2800699200	7.5	140230
228	-2798107200	12.7	140230
228	-2795428800	16.9	140230
228	-2792836800	20.2	140230
228	-2790158400	17.9	140230
228	-2787480000	13	140230
228	-2784888000	6.7	140230
228	-2782209600	2.6	140230
228	-2779617600	0.3	140230
228	-2776939200	-0.7	140230
228	-2774260800	-0.7	140230
228	-2771841600	7	140230
228	-2769163200	8.9	140230
228	-2766571200	14.8	140230
228	-2763892800	16.2	140230
228	-2761300800	19.3	140230
228	-2758622400	17	140230
228	-2755944000	13.8	140230
228	-2753352000	11.2	140230
228	-2750673600	4.8	140230
228	-2748081600	2.3	140230
228	-2745403200	-2.5	140230
228	-2742724800	1.9	140230
228	-2740305600	0.7	140230
228	-2737627200	7.4	140230
228	-2735035200	14.1	140230
228	-2732356800	17.8	140230
228	-2729764800	19.4	140230
228	-2727086400	19	140230
228	-2724408000	13.9	140230
228	-2721816000	9.8	140230
228	-2719137600	3.7	140230
228	-2716545600	-2.4	140230
228	-2713867200	-2.2	140230
228	-2711188800	1.8	140230
228	-2708683200	5.4	140230
228	-2706004800	9.4	140230
228	-2703412800	14.4	140230
228	-2700734400	14.2	140230
228	-2698142400	19.7	140230
228	-2695464000	17.6	140230
228	-2692785600	14.7	140230
228	-2690193600	7.5	140230
228	-2687515200	0.7	140230
228	-2684923200	0.3	140230
228	-2682244800	-3.4	140230
228	-2679566400	2.1	140230
228	-2677147200	4.9	140230
228	-2674468800	10.2	140230
228	-2671876800	12.3	140230
228	-2669198400	17.3	140230
228	-2666606400	20.2	140230
228	-2663928000	17.1	140230
228	-2661249600	14.5	140230
228	-2658657600	10.3	140230
228	-2655979200	6.3	140230
228	-2653387200	-3.2	140230
228	-2650708800	-1.5	140230
228	-2648030400	-0.9	140230
228	-2645611200	0.9	140230
228	-2642932800	10.7	140230
228	-2640340800	14.6	140230
228	-2637662400	16.5	140230
228	-2635070400	19.6	140230
228	-2632392000	17.3	140230
228	-2629713600	15.3	140230
228	-2627121600	10.1	140230
228	-2624443200	5	140230
228	-2621851200	1.6	140230
228	-2619172800	-4.4	140230
228	-2616494400	-3.8	140230
228	-2614075200	1.8	140230
228	-2611396800	9.3	140230
228	-2608804800	13.1	140230
228	-2606126400	17.7	140230
228	-2603534400	21.4	140230
228	-2600856000	18.3	140230
228	-2598177600	14.9	140230
228	-2595585600	6.1	140230
228	-2592907200	5	140230
228	-2590315200	-1.6	140230
228	-2587636800	-6	140230
228	-2584958400	-2.2	140230
228	-2582452800	3.3	140230
228	-2579774400	9	140230
228	-2577182400	15.1	140230
228	-2574504000	19.1	140230
228	-2571912000	17.8	140230
228	-2569233600	17.9	140230
228	-2566555200	14.6	140230
228	-2563963200	6.9	140230
228	-2561284800	1.2	140230
228	-2558692800	-0.1	140230
228	-2556014400	-3.7	140230
228	-2553336000	-3.6	140230
228	-2550916800	2.6	140230
228	-2548238400	8.3	140230
228	-2545646400	16.8	140230
228	-2542968000	19.9	140230
228	-2540376000	18.8	140230
228	-2537697600	17.8	140230
228	-2535019200	12.1	140230
228	-2532427200	10.9	140230
228	-2529748800	2.8	140230
228	-2527156800	-2.6	140230
228	-2524478400	0.2	140230
228	-2521800000	-1.9	140230
228	-2519380800	4.6	140230
228	-2516702400	9.3	140230
228	-2514110400	15	140230
228	-2511432000	17.2	140230
228	-2508840000	19.1	140230
228	-2506161600	20.1	140230
228	-2503483200	13.4	140230
228	-2500891200	7.1	140230
228	-2498212800	2.1	140230
228	-2495620800	-4.5	140230
228	-2492942400	-8	140230
228	-2490264000	-4.6	140230
228	-2487844800	3.8	140230
228	-2485166400	6.5	140230
228	-2482574400	14.5	140230
228	-2479896000	17.6	140230
228	-2477304000	18.9	140230
228	-2474625600	17	140230
228	-2471947200	13.9	140230
228	-2469355200	11.4	140230
228	-2466676800	4.5	140230
228	-2464084800	1	140230
228	-2461406400	-2.9	140230
228	-2458728000	0.6	140230
228	-2456222400	0.7	140230
228	-2453544000	8.9	140230
228	-2450952000	13.8	140230
228	-2448273600	18	140230
228	-2445681600	18.2	140230
228	-2443003200	18.7	140230
228	-2440324800	15.3	140230
228	-2437732800	9	140230
228	-2435054400	2.6	140230
228	-2432462400	-4	140230
228	-2429784000	-8	140230
228	-2427105600	0	140230
228	-2424686400	5	140230
228	-2422008000	9.4	140230
228	-2419416000	13.2	140230
228	-2416737600	16.6	140230
228	-2414145600	18.8	140230
228	-2411467200	18.1	140230
228	-2408788800	13.8	140230
228	-2406196800	9.7	140230
228	-2403518400	3	140230
228	-2400926400	-0.4	140230
228	-2398248000	-4	140230
228	-2395569600	0.7	140230
228	-2393150400	5.2	140230
228	-2390472000	11.1	140230
228	-2387880000	12.8	140230
228	-2385201600	16.1	140230
228	-2382609600	20	140230
228	-2379931200	16.9	140230
228	-2377252800	12.2	140230
228	-2374660800	9.5	140230
228	-2371982400	3.9	140230
228	-2369390400	-3.1	140230
228	-2366712000	-3	140230
228	-2364033600	-6.1	140230
228	-2361614400	0.2	140230
228	-2358936000	8.5	140230
228	-2356344000	13.2	140230
228	-2353665600	17.9	140230
228	-2351073600	19.6	140230
228	-2348395200	16.9	140230
228	-2345716800	15.2	140230
228	-2343124800	8.3	140230
228	-2340446400	5.1	140230
228	-2337854400	0.5	140230
228	-2335176000	-3.6	140230
228	-2332497600	-1.5	140230
228	-2329992000	5.3	140230
228	-2327313600	7.1	140230
228	-2324721600	12.2	140230
228	-2322043200	16.7	140230
228	-2319451200	19.2	140230
228	-2316772800	15.6	140230
228	-2314094400	13.5	140230
228	-2311502400	10.8	140230
228	-2308824000	2.5	140230
228	-2306232000	0.6	140230
228	-2303553600	-1	140230
228	-2300875200	1.6	140230
228	-2298456000	7.6	140230
228	-2295777600	9.4	140230
228	-2293185600	11.7	140230
228	-2290507200	17.9	140230
228	-2287915200	19.2	140230
228	-2285236800	18	140230
228	-2282558400	14.2	140230
228	-2279966400	7.9	140230
228	-2277288000	2.3	140230
228	-2274696000	-0.5	140230
228	-2272017600	0.4	140230
228	-2269339200	-0.5	140230
228	-2266920000	4.3	140230
228	-2264241600	10.3	140230
228	-2261649600	13.8	140230
228	-2258971200	16.5	140230
228	-2256379200	17.5	140230
228	-2253700800	18.6	140230
228	-2251022400	14.4	140230
228	-2248430400	10.7	140230
228	-2245752000	8.5	140230
228	-2243160000	0.3	140230
228	-2240481600	3.1	140230
228	-2237803200	2.1	140230
228	-2235384000	3	140230
228	-2232705600	8.6	140230
228	-2230113600	12.5	140230
228	-2227435200	16.4	140230
228	-2224843200	18.6	140230
228	-2222164800	18	140230
228	-2219486400	13.7	140230
228	-2216894400	8.3	140230
228	-2214216000	4.8	140230
228	-2211624000	-4	140230
228	-2208945600	1.7	140230
228	-2206267200	4.2	140230
228	-2203848000	2	140230
228	-2201169600	7.6	140230
228	-2198577600	12.7	140230
228	-2195899200	17.5	140230
228	-2193307200	20.5	140230
228	-2190628800	17.2	140230
228	-2187950400	16	140230
228	-2185358400	9.6	140230
228	-2182680000	5.7	140230
228	-2180088000	-0.4	140230
228	-2177409600	-6.5	140230
228	-2174731200	-5.6	140230
228	-2172312000	3.2	140230
228	-2169633600	8.9	140230
228	-2167041600	13.5	140230
228	-2164363200	16.8	140230
228	-2161771200	19.9	140230
228	-2159092800	18.3	140230
228	-2156414400	13.7	140230
228	-2153822400	10.5	140230
228	-2151144000	2	140230
228	-2148552000	2.3	140230
228	-2145873600	0.8	140230
228	-2143195200	1	140230
228	-2140776000	4.8	140230
228	-2138097600	9.5	140230
228	-2135505600	9.8	140230
228	-2132827200	16.3	140230
228	-2130235200	19	140230
228	-2127556800	17.9	140230
228	-2124878400	13.4	140230
228	-2122286400	8.5	140230
228	-2119608000	0.3	140230
228	-2117016000	-3.4	140230
228	-2114337600	-3.8	140230
228	-2111659200	1.7	140230
228	-2109240000	5.4	140230
228	-2106561600	5.9	140230
228	-2103969600	13.7	140230
228	-2101291200	17.1	140230
228	-2098699200	18.3	140230
228	-2096020800	17.8	140230
228	-2093342400	13.4	140230
228	-2090750400	9.6	140230
228	-2088072000	4.2	140230
228	-2085480000	0.6	140230
228	-2082801600	-2.5	140230
228	-2080123200	2	140230
228	-2077617600	4.6	140230
228	-2074939200	9.7	140230
228	-2072347200	13.9	140230
228	-2069668800	17.9	140230
228	-2067076800	20.7	140230
228	-2064398400	19.2	140230
228	-2061720000	13.7	140230
228	-2059128000	10	140230
228	-2056449600	3.3	140230
228	-2053857600	1.6	140230
228	-2051179200	-5.3	140230
228	-2048500800	-0.6	140230
228	-2046081600	5.8	140230
228	-2043403200	8.9	140230
228	-2040811200	13.4	140230
228	-2038132800	17.6	140230
228	-2035540800	20.7	140230
228	-2032862400	19.5	140230
228	-2030184000	15.7	140230
228	-2027592000	4.9	140230
228	-2024913600	5	140230
228	-2022321600	0.5	140230
228	-2019643200	-1.4	140230
228	-2016964800	0.1	140230
228	-2014545600	4.4	140230
228	-2011867200	8.7	140230
228	-2009275200	13.7	140230
228	-2006596800	16.3	140230
228	-2004004800	18.1	140230
228	-2001326400	16.3	140230
228	-1998648000	12.7	140230
228	-1996056000	9.3	140230
228	-1993377600	6.4	140230
228	-1990785600	-1.1	140230
228	-1988107200	-2.8	140230
228	-1985428800	-2.5	140230
228	-1983009600	2.4	140230
228	-1980331200	6.4	140230
228	-1977739200	15.3	140230
228	-1975060800	17.8	140230
228	-1972468800	17.6	140230
228	-1969790400	16.9	140230
228	-1967112000	13.9	140230
228	-1964520000	13	140230
228	-1961841600	4.3	140230
228	-1959249600	1.9	140230
228	-1956571200	-2.6	140230
228	-1953892800	1.7	140230
228	-1951387200	3.7	140230
228	-1948708800	7.9	140230
228	-1946116800	17	140230
228	-1943438400	19.1	140230
228	-1940846400	19	140230
228	-1938168000	16.8	140230
228	-1935489600	12.4	140230
228	-1932897600	7.7	140230
228	-1930219200	-0.4	140230
228	-1927627200	-1.7	140230
228	-1924948800	-4.5	140230
228	-1922270400	-3.1	140230
228	-1919851200	4.1	140230
228	-1917172800	10.7	140230
228	-1914580800	13.4	140230
228	-1911902400	18.3	140230
228	-1909310400	18.9	140230
228	-1906632000	19	140230
228	-1903953600	15.4	140230
228	-1901361600	11.1	140230
228	-1898683200	3.8	140230
228	-1896091200	4.3	140230
228	-1893412800	-1.5	140230
228	-1890734400	2.7	140230
228	-1888315200	5.3	140230
228	-1885636800	8.4	140230
228	-1883044800	12.7	140230
228	-1880366400	16.9	140230
228	-1877774400	17	140230
228	-1875096000	17.4	140230
228	-1872417600	12	140230
228	-1869825600	9.2	140230
228	-1867147200	3.4	140230
228	-1864555200	3.7	140230
228	-1861876800	-5	140230
228	-1859198400	-2	140230
228	-1856779200	4.3	140230
228	-1854100800	8.1	140230
228	-1851508800	13.2	140230
228	-1848830400	16.4	140230
228	-1846238400	19.5	140230
228	-1843560000	19.2	140230
228	-1840881600	14.7	140230
228	-1838289600	9.2	140230
228	-1835611200	7.6	140230
228	-1833019200	2.8	140230
228	-1830340800	-2.1	140230
228	-1827662400	3.4	140230
228	-1825156800	6.4	140230
228	-1822478400	6.8	140230
228	-1819886400	13.8	140230
228	-1817208000	16.9	140230
228	-1814616000	18.2	140230
228	-1811937600	15.4	140230
228	-1809259200	9.2	140230
228	-1806667200	7	140230
228	-1803988800	0.6	140230
228	-1801396800	0.4	140230
228	-1798718400	-1.6	140230
228	-1796040000	-0.8	140230
228	-1793620800	6.6	140230
228	-1790942400	8.8	140230
228	-1788350400	13	140230
228	-1785672000	16.9	140230
228	-1783080000	15.6	140230
228	-1780401600	15.7	140230
228	-1777723200	13.6	140230
228	-1775131200	9.9	140230
228	-1772452800	5.8	140230
228	-1769860800	-0.1	140230
228	-1767182400	-7.2	140230
228	-1764504000	-1.9	140230
228	-1762084800	5.2	140230
228	-1759406400	9.6	140230
228	-1756814400	12.8	140230
228	-1754136000	15.8	140230
228	-1751544000	17.3	140230
228	-1748865600	17.2	140230
228	-1746187200	12.2	140230
228	-1743595200	7.7	140230
228	-1740916800	2.1	140230
228	-1738324800	1.6	140230
228	-1735646400	-0.4	140230
228	-1732968000	-0.1	140230
228	-1730548800	3.3	140230
228	-1727870400	8.4	140230
228	-1725278400	14.6	140230
228	-1722600000	17.5	140230
228	-1720008000	17.7	140230
228	-1717329600	16.2	140230
228	-1714651200	11.7	140230
228	-1712059200	6.2	140230
228	-1709380800	1.3	140230
228	-1706788800	5.7	140230
228	-1704110400	1.1	140230
228	-1701432000	1.3	140230
228	-1698926400	7	140230
228	-1696248000	9	140230
228	-1693656000	14.7	140230
228	-1690977600	16.5	140230
228	-1688385600	18.6	140230
228	-1685707200	17.8	140230
228	-1683028800	13.1	140230
228	-1680436800	8.9	140230
228	-1677758400	5.7	140230
228	-1675166400	4.1	140230
228	-1672488000	-0.4	140230
228	-1669809600	-3.6	140230
228	-1667390400	2.3	140230
228	-1664712000	7.2	140230
228	-1662120000	14.7	140230
228	-1659441600	19.9	140230
228	-1656849600	19.6	140230
228	-1654171200	20.4	140230
228	-1651492800	15.8	140230
228	-1648900800	10	140230
228	-1646222400	3.3	140230
228	-1643630400	-2	140230
228	-1640952000	0.7	140230
228	-1638273600	0	140230
228	-1635854400	4.1	140230
228	-1633176000	10.1	140230
228	-1630584000	15	140230
228	-1627905600	15.3	140230
228	-1625313600	19.4	140230
228	-1622635200	17.8	140230
228	-1619956800	15.2	140230
228	-1617364800	8.5	140230
228	-1614686400	3	140230
228	-1612094400	1.6	140230
228	-1609416000	2.5	140230
228	-1606737600	1.1	140230
228	-1604318400	5.9	140230
228	-1601640000	6.8	140230
228	-1599048000	10.3	140230
228	-1596369600	17.4	140230
228	-1593777600	16.8	140230
228	-1591099200	19.5	140230
228	-1588420800	16.8	140230
228	-1585828800	7.3	140230
228	-1583150400	4	140230
228	-1580558400	0.6	140230
228	-1577880000	3.3	140230
228	-1575201600	3.3	140230
228	-1572696000	7.6	140230
228	-1570017600	11.4	140230
228	-1567425600	15.7	140230
228	-1564747200	15.2	140230
228	-1562155200	19.9	140230
228	-1559476800	16.7	140230
228	-1556798400	15.2	140230
228	-1554206400	7.1	140230
228	-1551528000	0.9	140230
228	-1548936000	0.5	140230
228	-1546257600	1.9	140230
228	-1543579200	-0.7	140230
228	-1541160000	3.7	140230
228	-1538481600	7.3	140230
228	-1535889600	14.7	140230
228	-1533211200	16.2	140230
228	-1530619200	20.9	140230
228	-1527940800	19.1	140230
228	-1525262400	13.5	140230
228	-1522670400	9.1	140230
228	-1519992000	1.6	140230
228	-1517400000	-2.1	140230
228	-1514721600	-3.2	140230
228	-1512043200	-3.1	140230
228	-1509624000	6.2	140230
228	-1506945600	8.1	140230
228	-1504353600	13.9	140230
228	-1501675200	18.3	140230
228	-1499083200	19.1	140230
228	-1496404800	18.8	140230
228	-1493726400	13.7	140230
228	-1491134400	8	140230
228	-1488456000	2.1	140230
228	-1485864000	2	140230
228	-1483185600	0.6	140230
228	-1480507200	0.6	140230
228	-1478088000	4.5	140230
228	-1475409600	8.2	140230
228	-1472817600	14.6	140230
228	-1470139200	13.8	140230
228	-1467547200	19.1	140230
228	-1464868800	18.3	140230
228	-1462190400	14	140230
228	-1459598400	12.5	140230
228	-1456920000	5.4	140230
228	-1454328000	-0.3	140230
228	-1451649600	-4	140230
228	-1448971200	-2.2	140230
228	-1446465600	3	140230
228	-1443787200	9.2	140230
228	-1441195200	15.1	140230
228	-1438516800	17.3	140230
228	-1435924800	18.7	140230
228	-1433246400	15.8	140230
228	-1430568000	15.5	140230
228	-1427976000	8.9	140230
228	-1425297600	3.4	140230
228	-1422705600	0.2	140230
228	-1420027200	-0.1	140230
228	-1417348800	4.2	140230
228	-1414929600	3	140230
228	-1412251200	9	140230
228	-1409659200	14.5	140230
228	-1406980800	16.1	140230
228	-1404388800	19.1	140230
228	-1401710400	17.8	140230
228	-1399032000	12.7	140230
228	-1396440000	9.1	140230
228	-1393761600	3.6	140230
228	-1391169600	-2.4	140230
228	-1388491200	-3.3	140230
228	-1385812800	5.4	140230
228	-1383393600	3.8	140230
228	-1380715200	9.3	140230
228	-1378123200	12.5	140230
228	-1375444800	15.5	140230
228	-1372852800	17.8	140230
228	-1370174400	16.6	140230
228	-1367496000	14.9	140230
228	-1364904000	10.3	140230
228	-1362225600	9.9	140230
228	-1359633600	-0.9	140230
228	-1356955200	0.3	140230
228	-1354276800	-0.4	140230
228	-1351857600	6.7	140230
228	-1349179200	9.4	140230
228	-1346587200	13.6	140230
228	-1343908800	18.1	140230
228	-1341316800	20.1	140230
228	-1338638400	18.3	140230
228	-1335960000	15.3	140230
228	-1333368000	8.7	140230
228	-1330689600	4.5	140230
228	-1328097600	-2.4	140230
228	-1325419200	-1.1	140230
228	-1322740800	1.5	140230
228	-1320235200	2.7	140230
228	-1317556800	9.8	140230
228	-1314964800	11	140230
228	-1312286400	16.6	140230
228	-1309694400	20.9	140230
228	-1307016000	19.2	140230
228	-1304337600	13.9	140230
228	-1301745600	9.5	140230
228	-1299067200	5.8	140230
228	-1296475200	-0.9	140230
228	-1293796800	-7.4	140230
228	-1291118400	-10.4	140230
228	-1288699200	1.7	140230
228	-1286020800	6.3	140230
228	-1283428800	14.9	140230
228	-1280750400	17.1	140230
228	-1278158400	19.3	140230
228	-1275480000	18.7	140230
228	-1272801600	14.2	140230
228	-1270209600	10.2	140230
228	-1267531200	6.1	140230
228	-1264939200	2.4	140230
228	-1262260800	0	140230
228	-1259582400	0.4	140230
228	-1257163200	6.7	140230
228	-1254484800	10.4	140230
228	-1251892800	13.1	140230
228	-1249214400	19	140230
228	-1246622400	18.7	140230
228	-1243944000	17.3	140230
228	-1241265600	15.1	140230
228	-1238673600	9.1	140230
228	-1235995200	7.1	140230
228	-1233403200	0	140230
228	-1230724800	0.3	140230
228	-1228046400	-0.6	140230
228	-1225627200	1.2	140230
228	-1222948800	6.9	140230
228	-1220356800	15	140230
228	-1217678400	18.9	140230
228	-1215086400	19.7	140230
228	-1212408000	17.8	140230
228	-1209729600	10.9	140230
228	-1207137600	8.2	140230
228	-1204459200	3.8	140230
228	-1201867200	-2.9	140230
228	-1199188800	-1.5	140230
228	-1196510400	-6.4	140230
228	-1194004800	-0.7	140230
228	-1191326400	8.1	140230
228	-1188734400	13.9	140230
228	-1186056000	16.2	140230
228	-1183464000	19.9	140230
228	-1180785600	20.3	140230
228	-1178107200	17.2	140230
228	-1175515200	10	140230
228	-1172836800	4.1	140230
228	-1170244800	0.4	140230
228	-1167566400	-3.6	140230
228	-1164888000	-0.7	140230
228	-1162468800	4.8	140230
228	-1159790400	7.4	140230
228	-1157198400	12.5	140230
228	-1154520000	15.1	140230
228	-1151928000	18.9	140230
228	-1149249600	18.6	140230
228	-1146571200	13.9	140230
228	-1143979200	9.4	140230
228	-1141300800	3.2	140230
228	-1138708800	-5.2	140230
228	-1136030400	-1.9	140230
228	-1133352000	-1	140230
228	-1130932800	7.3	140230
228	-1128254400	11.5	140230
228	-1125662400	14.8	140230
228	-1122984000	16.7	140230
228	-1120392000	19.9	140230
228	-1117713600	18	140230
228	-1115035200	15.9	140230
228	-1112443200	8.8	140230
228	-1109764800	4.6	140230
228	-1107172800	4.8	140230
228	-1104494400	-3.9	140230
228	-1101816000	1.2	140230
228	-1099396800	3.7	140230
228	-1096718400	9.1	140230
228	-1094126400	11.7	140230
228	-1091448000	19	140230
228	-1088856000	19	140230
228	-1086177600	17.6	140230
228	-1083499200	13.8	140230
228	-1080907200	11.9	140230
228	-1078228800	4.7	140230
228	-1075636800	0.4	140230
228	-1072958400	4.8	140230
228	-1070280000	2.9	140230
228	-1067774400	7.3	140230
228	-1065096000	9.9	140230
228	-1062504000	14.3	140230
228	-1059825600	16.8	140230
228	-1057233600	20.1	140230
228	-1054555200	17.3	140230
228	-1051876800	14.1	140230
228	-1049284800	4.9	140230
228	-1046606400	4.2	140230
228	-1044014400	-1	140230
228	-1041336000	-3	140230
228	-1038657600	2.4	140230
228	-1036238400	6.2	140230
228	-1033560000	8.3	140230
228	-1030968000	15.1	140230
228	-1028289600	18.3	140230
228	-1025697600	19	140230
228	-1023019200	17.8	140230
228	-1020340800	14.1	140230
228	-1017748800	9.9	140230
228	-1015070400	3.1	140230
228	-1012478400	-0.6	140230
228	-1009800000	-1.7	140230
228	-1007121600	-1.1	140230
228	-1004702400	5.7	140230
228	-1002024000	5.3	140230
228	-999432000	12.3	140230
228	-996753600	19	140230
228	-994161600	19.7	140230
228	-991483200	18.9	140230
228	-988804800	13.7	140230
228	-986212800	10.1	140230
228	-983534400	5.3	140230
228	-980942400	-2.4	140230
228	-978264000	2.2	140230
228	-975585600	2	140230
228	-973166400	1.9	140230
228	-970488000	11.5	140230
228	-967896000	12.3	140230
228	-965217600	17.3	140230
228	-962625600	19.6	140230
228	-959947200	17.3	140230
228	-957268800	13.2	140230
228	-954676800	9	140230
228	-951998400	5.5	140230
228	-949406400	-2.5	140230
228	-946728000	-7.5	140230
228	-944049600	-5	140230
228	-941544000	3.2	140230
228	-938865600	9.6	140230
228	-936273600	13	140230
228	-933595200	17.1	140230
228	-931003200	18.3	140230
228	-928324800	16.3	140230
228	-925646400	13.7	140230
228	-923054400	9	140230
228	-920376000	6.8	140230
228	-917784000	-7.3	140230
228	-915105600	-3.4	140230
228	-912427200	-0.4	140230
228	-910008000	4.7	140230
228	-907329600	8	140230
228	-904737600	10.9	140230
228	-902059200	17.3	140230
228	-899467200	18.9	140230
228	-896788800	16.5	140230
228	-894110400	12.2	140230
228	-891518400	7.9	140230
228	-888840000	1.6	140230
228	-886248000	-1.6	140230
228	-883569600	-8.3	140230
228	-880891200	-3.5	140230
228	-878472000	2.8	140230
228	-875793600	7.9	140230
228	-873201600	14.5	140230
228	-870523200	17.8	140230
228	-867931200	18.3	140230
228	-865252800	17.4	140230
228	-862574400	17	140230
228	-859982400	10.5	140230
228	-857304000	3.9	140230
228	-854712000	2.3	140230
228	-852033600	-5	140230
228	-849355200	2.1	140230
228	-846936000	5.3	140230
228	-844257600	10.4	140230
228	-841665600	13.7	140230
228	-838987200	15.8	140230
228	-836395200	18.6	140230
228	-833716800	19.3	140230
228	-831038400	16	140230
228	-828446400	11.3	140230
228	-825768000	1.9	140230
228	-823176000	1.2	140230
228	-820497600	-0.5	140230
228	-817819200	-0.7	140230
228	-815313600	2.2	140230
228	-812635200	10.1	140230
228	-810043200	12.8	140230
228	-807364800	15.7	140230
228	-804772800	17.9	140230
228	-802094400	19.7	140230
228	-799416000	13.5	140230
228	-796824000	9.2	140230
228	-794145600	3.2	140230
228	-791553600	-0.1	140230
228	-788875200	-5.5	140230
228	-786196800	0.7	140230
228	-783777600	6.2	140230
228	-781099200	9.6	140230
228	-778507200	15.9	140230
228	-775828800	19	140230
228	-773236800	20.3	140230
228	-770558400	17.6	140230
228	-767880000	14.2	140230
228	-765288000	9	140230
228	-762609600	3.4	140230
228	-760017600	1.4	140230
228	-757339200	-3.2	140230
228	-754660800	3	140230
228	-752241600	5.8	140230
228	-749563200	11.2	140230
228	-746971200	15.3	140230
228	-744292800	18.1	140230
228	-741700800	19.8	140230
228	-739022400	19.8	140230
228	-736344000	14.4	140230
228	-733752000	5.4	140230
228	-731073600	3.9	140230
228	-728481600	-1.8	140230
228	-725803200	-7.6	140230
228	-723124800	-3.1	140230
228	-720705600	5.4	140230
228	-718027200	11.4	140230
228	-715435200	13.7	140230
228	-712756800	19	140230
228	-710164800	20.1	140230
228	-707486400	18.3	140230
228	-704808000	16.1	140230
228	-702216000	5.9	140230
228	-699537600	5.4	140230
228	-696945600	1.5	140230
228	-694267200	4.1	140230
228	-691588800	-1	140230
228	-689083200	4.3	140230
228	-686404800	10.8	140230
228	-683812800	14.9	140230
228	-681134400	16	140230
228	-678542400	17.1	140230
228	-675864000	18.5	140230
228	-673185600	14.8	140230
228	-670593600	10.5	140230
228	-667915200	3.5	140230
228	-665323200	-1	140230
228	-662644800	0.9	140230
228	-659966400	-0.2	140230
228	-657547200	2.2	140230
228	-654868800	11	140230
228	-652276800	13.6	140230
228	-649598400	15.9	140230
228	-647006400	18.8	140230
228	-644328000	17.5	140230
228	-641649600	15.4	140230
228	-639057600	10.5	140230
228	-636379200	6	140230
228	-633787200	2	140230
228	-631108800	-3.7	140230
228	-628430400	2.2	140230
228	-626011200	5.9	140230
228	-623332800	9.2	140230
228	-620740800	15.9	140230
228	-618062400	19.4	140230
228	-615470400	21.5	140230
228	-612792000	19.1	140230
228	-610113600	15.1	140230
228	-607521600	8.4	140230
228	-604843200	5.5	140230
228	-602251200	0.9	140230
228	-599572800	1.9	140230
228	-596894400	3.3	140230
228	-594475200	4.8	140230
228	-591796800	9.3	140230
228	-589204800	13.9	140230
228	-586526400	17.8	140230
228	-583934400	18.7	140230
228	-581256000	19.1	140230
228	-578577600	16.6	140230
228	-575985600	8.1	140230
228	-573307200	8	140230
228	-570715200	1.5	140230
228	-568036800	-2.1	140230
228	-565358400	-2.5	140230
228	-562852800	2.7	140230
228	-560174400	12.2	140230
228	-557582400	13.7	140230
228	-554904000	18.7	140230
228	-552312000	20.9	140230
228	-549633600	19.9	140230
228	-546955200	12.6	140230
228	-544363200	9.8	140230
228	-541684800	3.8	140230
228	-539092800	-0.8	140230
228	-536414400	-2.7	140230
228	-533736000	-0.8	140230
228	-531316800	4.1	140230
228	-528638400	10.2	140230
228	-526046400	13.5	140230
228	-523368000	17.5	140230
228	-520776000	19.6	140230
228	-518097600	16.7	140230
228	-515419200	15.2	140230
228	-512827200	11.8	140230
228	-510148800	3.2	140230
228	-507556800	0.9	140230
228	-504878400	-6.1	140230
228	-502200000	-4.9	140230
228	-499780800	5.3	140230
228	-497102400	7.9	140230
228	-494510400	13	140230
228	-491832000	18.6	140230
228	-489240000	17.5	140230
228	-486561600	17.2	140230
228	-483883200	15.4	140230
228	-481291200	9	140230
228	-478612800	3.7	140230
228	-476020800	2.7	140230
228	-473342400	0.2	140230
228	-470664000	0.8	140230
228	-468244800	0.8	140230
228	-465566400	7.3	140230
228	-462974400	12.5	140230
228	-460296000	16.6	140230
228	-457704000	18.9	140230
228	-455025600	17.5	140230
228	-452347200	13.6	140230
228	-449755200	8.8	140230
228	-447076800	3	140230
228	-444484800	1.3	140230
228	-441806400	1.8	140230
228	-439128000	-9.1	140230
228	-436622400	1.8	140230
228	-433944000	8.2	140230
228	-431352000	14	140230
228	-428673600	16.1	140230
228	-426081600	19.4	140230
228	-423403200	18.2	140230
228	-420724800	14.5	140230
228	-418132800	8.6	140230
228	-415454400	1.9	140230
228	-412862400	-1.3	140230
228	-410184000	-4.1	140230
228	-407505600	4	140230
228	-405086400	5.8	140230
228	-402408000	8.9	140230
228	-399816000	10.7	140230
228	-397137600	18.9	140230
228	-394545600	19.2	140230
228	-391867200	16.8	140230
228	-389188800	13.5	140230
228	-386596800	8.7	140230
228	-383918400	5.9	140230
228	-381326400	1.3	140230
228	-378648000	-3	140230
228	-375969600	3.7	140230
228	-373550400	1	140230
228	-370872000	7.1	140230
228	-368280000	17.6	140230
228	-365601600	17.2	140230
228	-363009600	19.4	140230
228	-360331200	18.8	140230
228	-357652800	14.2	140230
228	-355060800	10.6	140230
228	-352382400	6.1	140230
228	-349790400	2.7	140230
228	-347112000	0.6	140230
228	-344433600	-1.6	140230
228	-342014400	7.2	140230
228	-339336000	10	140230
228	-336744000	13.6	140230
228	-334065600	17.1	140230
228	-331473600	20.2	140230
228	-328795200	17.8	140230
228	-326116800	12.5	140230
228	-323524800	7	140230
228	-320846400	5	140230
228	-318254400	3.1	140230
228	-315576000	-0.9	140230
228	-312897600	1.6	140230
228	-310392000	5	140230
228	-307713600	9.6	140230
228	-305121600	14.1	140230
228	-302443200	18.5	140230
228	-299851200	17.8	140230
228	-297172800	18.8	140230
228	-294494400	13.4	140230
228	-291902400	11.5	140230
228	-289224000	6.5	140230
228	-286632000	3.1	140230
228	-283953600	-2.3	140230
228	-281275200	3.1	140230
228	-278856000	6.6	140230
228	-276177600	12.3	140230
228	-273585600	12.7	140230
228	-270907200	18.1	140230
228	-268315200	17.5	140230
228	-265636800	17.3	140230
228	-262958400	15.4	140230
228	-260366400	11.3	140230
228	-257688000	5.1	140230
228	-255096000	-1.9	140230
228	-252417600	0.1	140230
228	-249739200	0.5	140230
228	-247320000	1.8	140230
228	-244641600	8.6	140230
228	-242049600	12.2	140230
228	-239371200	14.9	140230
228	-236779200	17.1	140230
228	-234100800	18.9	140230
228	-231422400	13	140230
228	-228830400	8.8	140230
228	-226152000	3.9	140230
228	-223560000	-4.3	140230
228	-220881600	-7.1	140230
228	-218203200	-4.2	140230
228	-215784000	2.9	140230
228	-213105600	10.4	140230
228	-210513600	13.8	140230
228	-207835200	18.3	140230
228	-205243200	19.7	140230
228	-202564800	18.9	140230
228	-199886400	15.5	140230
228	-197294400	9.3	140230
228	-194616000	10.2	140230
228	-192024000	-4.1	140230
228	-189345600	-7.5	140230
228	-186667200	-0.4	140230
228	-184161600	3.4	140230
228	-181483200	10	140230
228	-178891200	14	140230
228	-176212800	19.5	140230
228	-173620800	19.2	140230
228	-170942400	17.3	140230
228	-168264000	14.8	140230
228	-165672000	9.3	140230
228	-162993600	6	140230
228	-160401600	0.3	140230
228	-157723200	0	140230
228	-155044800	-2.7	140230
228	-152625600	5.1	140230
228	-149947200	7.9	140230
228	-147355200	13	140230
228	-144676800	17.6	140230
228	-142084800	18.7	140230
228	-139406400	16.4	140230
228	-136728000	14.8	140230
228	-134136000	8	140230
228	-131457600	3	140230
228	-128865600	1.5	140230
228	-126187200	-4.4	140230
228	-123508800	6.6	140230
228	-121089600	3.7	140230
228	-118411200	11.2	140230
228	-115819200	13.5	140230
228	-113140800	17.9	140230
228	-110548800	17.5	140230
228	-107870400	16.6	140230
228	-105192000	14.6	140230
228	-102600000	13.1	140230
228	-99921600	2.1	140230
228	-97329600	0.3	140230
228	-94651200	-2.1	140230
228	-91972800	1.1	140230
228	-89553600	6.1	140230
228	-86875200	8.2	140230
228	-84283200	14.7	140230
228	-81604800	17.1	140230
228	-79012800	21	140230
228	-76334400	18.9	140230
228	-73656000	15.7	140230
228	-71064000	10.6	140230
228	-68385600	4.7	140230
228	-65793600	-1.5	140230
228	-63115200	-4.8	140230
228	-60436800	2.4	140230
228	-57931200	4.5	140230
228	-55252800	11	140230
228	-52660800	14.2	140230
228	-49982400	17.7	140230
228	-47390400	18.7	140230
228	-44712000	17.2	140230
228	-42033600	14.1	140230
228	-39441600	10.3	140230
228	-36763200	4.9	140230
228	-34171200	-3.4	140230
228	-31492800	-2.7	140230
228	-28814400	-2.2	140230
228	-26395200	3.2	140230
228	-23716800	8.7	140230
228	-21124800	15.9	140230
228	-18446400	16.6	140230
228	-15854400	18.3	140230
228	-13176000	16.8	140230
228	-10497600	14.7	140230
228	-7905600	8.4	140230
228	-5227200	7.4	140230
228	-2635200	-4.1	140230
228	43200	-1.1	140230
228	2721600	0.1	140230
228	5140800	2.7	140230
228	7819200	8	140230
228	10411200	12	140230
228	13089600	18.6	140230
228	15681600	18.5	140230
228	18360000	18.7	140230
228	21038400	14.7	140230
228	23630400	8.4	140230
228	26308800	6.6	140230
228	28900800	-1.4	140230
228	31579200	-2.2	140230
228	34257600	1	140230
228	36676800	1.7	140230
228	39355200	10.1	140230
228	41947200	15.4	140230
228	44625600	16.7	140230
228	47217600	19	140230
228	49896000	19.4	140230
228	52574400	11.4	140230
228	55166400	7.2	140230
228	57844800	3.6	140230
228	60436800	-0.8	140230
228	63115200	-3.2	140230
228	65793600	3	140230
228	68299200	6	140230
228	70977600	9.5	140230
228	73569600	13.4	140230
228	76248000	17.7	140230
228	78840000	18.9	140230
228	81518400	17.7	140230
228	84196800	11.5	140230
228	86788800	7.9	140230
228	89467200	4.2	140230
228	92059200	0	140230
228	94737600	-1.4	140230
228	97416000	0.5	140230
228	99835200	3.5	140230
228	102513600	7.2	140230
228	105105600	15.1	140230
228	107784000	17.9	140230
228	110376000	18.8	140230
228	113054400	18.2	140230
228	115732800	14.7	140230
228	118324800	6.9	140230
228	121003200	1.9	140230
228	123595200	-0.7	140230
228	126273600	1.3	140230
228	128952000	5.3	140230
228	131371200	6.1	140230
228	134049600	8.1	140230
228	136641600	13.5	140230
228	139320000	15.8	140230
228	141912000	18.8	140230
228	144590400	19.7	140230
228	147268800	14.6	140230
228	149860800	6.1	140230
228	152539200	5.3	140230
228	155131200	2.2	140230
228	157809600	3.6	140230
228	160488000	0.3	140230
228	162907200	5.3	140230
228	165585600	8.8	140230
228	168177600	15.4	140230
228	170856000	16	140230
228	173448000	19.7	140230
228	176126400	17.6	140230
228	178804800	16.6	140230
228	181396800	8.6	140230
228	184075200	2.9	140230
228	186667200	-0.8	140230
228	189345600	-0.6	140230
228	192024000	-0.5	140230
228	194529600	0.6	140230
228	197208000	9	140230
228	199800000	14.3	140230
228	202478400	17.9	140230
228	205070400	20.4	140230
228	207748800	15.4	140230
228	210427200	13.7	140230
228	213019200	9.9	140230
228	215697600	6.2	140230
228	218289600	-0.2	140230
228	220968000	1.9	140230
228	223646400	4.9	140230
228	226065600	8.1	140230
228	228744000	8.6	140230
228	231336000	14.8	140230
228	234014400	19.6	140230
228	236606400	19.6	140230
228	239284800	18.8	140230
228	241963200	12.8	140230
228	244555200	11.7	140230
228	247233600	5.7	140230
228	249825600	-0.1	140230
228	252504000	-0.1	140230
228	255182400	0.9	140230
228	257601600	6.6	140230
228	260280000	7.9	140230
228	262872000	12.2	140230
228	265550400	17.2	140230
228	268142400	17.9	140230
228	270820800	16.9	140230
228	273499200	14	140230
228	276091200	8.9	140230
228	278769600	0.7	140230
228	281361600	-0.4	140230
228	284040000	-2.8	140230
228	286718400	1.6	140230
228	289137600	6.9	140230
228	291816000	8.2	140230
228	294408000	14.7	140230
228	297086400	19.4	140230
228	299678400	18.3	140230
228	302356800	16.9	140230
228	305035200	14.5	140230
228	307627200	8.8	140230
228	310305600	4.8	140230
228	312897600	2.7	140230
228	315576000	-2.9	140230
228	318254400	2	140230
228	320760000	4.3	140230
228	323438400	7.6	140230
228	326030400	11.9	140230
228	328708800	16.7	140230
228	331300800	18.1	140230
228	333979200	18.8	140230
228	336657600	14.9	140230
228	339249600	9.3	140230
228	341928000	2.5	140230
228	344520000	-2.3	140230
228	347198400	-4.2	140230
228	349876800	-0.6	140230
228	352296000	7.1	140230
228	354974400	9.6	140230
228	357566400	13.9	140230
228	360244800	18.2	140230
228	362836800	18.5	140230
228	365515200	18	140230
228	368193600	15.7	140230
228	370785600	11.8	140230
228	373464000	3.7	140230
228	376056000	-0.6	140230
228	378734400	-2.5	140230
228	381412800	-1.6	140230
228	383832000	4.1	140230
228	386510400	7.4	140230
228	389102400	14.3	140230
228	391780800	18.5	140230
228	394372800	20.3	140230
228	397051200	18.8	140230
228	399729600	17	140230
228	402321600	10.6	140230
228	4.05e+08	6	140230
228	407592000	3.5	140230
228	410270400	1.6	140230
228	412948800	-2	140230
228	415368000	5.1	140230
228	418046400	11.7	140230
228	420638400	15	140230
228	423316800	17.9	140230
228	425908800	21.6	140230
228	428587200	18.9	140230
228	431265600	15.1	140230
228	433857600	9.4	140230
228	436536000	0.9	140230
228	439128000	0.2	140230
228	441806400	-1.3	140230
228	444484800	-0.1	140230
228	446990400	3.6	140230
228	449668800	8.7	140230
228	452260800	13	140230
228	454939200	17.2	140230
228	457531200	18.2	140230
228	460209600	17.7	140230
228	462888000	14.5	140230
228	465480000	11.2	140230
228	468158400	4.9	140230
228	470750400	0.5	140230
228	473428800	-6.9	140230
228	476107200	-4.4	140230
228	478526400	4	140230
228	481204800	9.4	140230
228	483796800	15	140230
228	486475200	16.5	140230
228	489067200	20.2	140230
228	491745600	19.1	140230
228	494424000	15.4	140230
228	497016000	8.9	140230
228	499694400	2.2	140230
228	502286400	4	140230
228	504964800	0.2	140230
228	507643200	-4.1	140230
228	510062400	2.3	140230
228	512740800	9.9	140230
228	515332800	17.1	140230
228	518011200	16.8	140230
228	520603200	19	140230
228	523281600	19.5	140230
228	525960000	14	140230
228	528552000	9.4	140230
228	531230400	4.9	140230
228	533822400	-2.2	140230
228	536500800	-4.1	140230
228	539179200	-0.8	140230
228	541598400	0.1	140230
228	544276800	10.7	140230
228	546868800	13.2	140230
228	549547200	17.9	140230
228	552139200	20.8	140230
228	554817600	17.9	140230
228	557496000	17.7	140230
228	560088000	11	140230
228	562766400	4.4	140230
228	565358400	1.5	140230
228	568036800	3	140230
228	570715200	3.1	140230
228	573220800	4.8	140230
228	575899200	9.6	140230
228	578491200	15	140230
228	581169600	17.1	140230
228	583761600	21.1	140230
228	586440000	19.4	140230
228	589118400	14.7	140230
228	591710400	10.7	140230
228	594388800	0.9	140230
228	596980800	-0.4	140230
228	599659200	-1	140230
228	602337600	3.7	140230
228	604756800	8	140230
228	607435200	10.6	140230
228	610027200	14	140230
228	612705600	16.5	140230
228	615297600	20	140230
228	617976000	18.8	140230
228	620654400	14.8	140230
228	623246400	9.2	140230
228	625924800	2.8	140230
228	628516800	2	140230
228	631195200	-1.2	140230
228	633873600	5.1	140230
228	636292800	7.1	140230
228	638971200	9.1	140230
228	641563200	15.6	140230
228	644241600	17.9	140230
228	646833600	19.1	140230
228	649512000	18.8	140230
228	652190400	13.3	140230
228	654782400	10.6	140230
228	657460800	4.5	140230
228	660052800	-0.5	140230
228	662731200	0.2	140230
228	665409600	-3.5	140230
228	667828800	7.4	140230
228	670507200	8.5	140230
228	673099200	11.6	140230
228	675777600	18.1	140230
228	678369600	20.9	140230
228	681048000	19.6	140230
228	683726400	16.4	140230
228	686318400	8.5	140230
228	688996800	5	140230
228	691588800	-2.3	140230
228	694267200	0.6	140230
228	696945600	2.6	140230
228	699451200	5.4	140230
228	702129600	10.3	140230
228	704721600	15.3	140230
228	707400000	18.3	140230
228	709992000	20.4	140230
228	712670400	23.1	140230
228	715348800	15.5	140230
228	717940800	9.2	140230
228	720619200	6.3	140230
228	723211200	0.4	140230
228	725889600	1	140230
228	728568000	-0.4	140230
228	730987200	4.4	140230
228	733665600	10.2	140230
228	736257600	16.5	140230
228	738936000	18.9	140230
228	741528000	19.6	140230
228	744206400	19.9	140230
228	746884800	14.7	140230
228	749476800	11.1	140230
228	752155200	1.8	140230
228	754747200	1.6	140230
228	757425600	3.4	140230
228	760104000	2.1	140230
228	762523200	9.5	140230
228	765201600	9.7	140230
228	767793600	15.1	140230
228	770472000	18.9	140230
228	773064000	21.4	140230
228	775742400	21.1	140230
228	778420800	16.8	140230
228	781012800	8.3	140230
228	783691200	7.3	140230
228	786283200	1.4	140230
228	788961600	0.2	140230
228	791640000	4.2	140230
228	794059200	4.4	140230
228	796737600	10.5	140230
228	799329600	14.8	140230
228	802008000	16.9	140230
228	804600000	21.7	140230
228	807278400	18.4	140230
228	809956800	14	140230
228	812548800	11.2	140230
228	815227200	3.9	140230
228	817819200	0.6	140230
228	820497600	-1	140230
228	823176000	-1.8	140230
228	825681600	2.4	140230
228	828360000	9.8	140230
228	830952000	16.1	140230
228	833630400	19.2	140230
228	836222400	18.4	140230
228	838900800	18.7	140230
228	841579200	12.5	140230
228	844171200	10.6	140230
228	846849600	7.2	140230
228	849441600	-1.6	140230
228	852120000	-1.3	140230
228	854798400	3	140230
228	857217600	5.6	140230
228	859896000	7.5	140230
228	862488000	15.8	140230
228	865166400	18.9	140230
228	867758400	19.3	140230
228	870436800	19.1	140230
228	873115200	15.2	140230
228	875707200	8.5	140230
228	878385600	4.8	140230
228	880977600	2.1	140230
228	883656000	2.7	140230
228	886334400	3.6	140230
228	888753600	4.6	140230
228	891432000	10.9	140230
228	894024000	14.8	140230
228	896702400	19.6	140230
228	899294400	20.6	140230
228	901972800	20.1	140230
228	904651200	15	140230
228	907243200	10.7	140230
228	909921600	2.5	140230
228	912513600	-3.7	140230
228	915192000	0.8	140230
228	917870400	-0.2	140230
228	920289600	7.3	140230
228	922968000	11	140230
228	925560000	15.9	140230
228	928238400	18.8	140230
228	930830400	20.2	140230
228	933508800	19.4	140230
228	936187200	16.8	140230
228	938779200	11.2	140230
228	941457600	2.3	140230
228	944049600	0	140230
228	946728000	-3.3	140230
228	949406400	3.2	140230
228	951912000	6.9	140230
228	954590400	13.1	140230
228	957182400	16.5	140230
228	959860800	20.3	140230
228	962452800	19.2	140230
228	965131200	21	140230
228	967809600	15.4	140230
228	970401600	12.3	140230
228	973080000	8.3	140230
228	975672000	4.4	140230
228	978350400	2.9	140230
228	981028800	3.8	140230
228	983448000	8.9	140230
228	986126400	9.2	140230
228	988718400	16.6	140230
228	991396800	17.7	140230
228	993988800	21	140230
228	996667200	21	140230
228	999345600	13.1	140230
228	1001937600	13.2	140230
228	1004616000	2.7	140230
228	1007208000	-3.1	140230
228	1009886400	-0.1	140230
228	1012564800	4.7	140230
228	1014984000	7.4	140230
228	1017662400	9.5	140230
228	1020254400	16.9	140230
228	1022932800	20.5	140230
228	1025524800	20.9	140230
228	1028203200	19.4	140230
228	1030881600	13.9	140230
228	1033473600	11	140230
228	1036152000	8.6	140230
228	1038744000	2.1	140230
228	1041422400	-2	140230
228	1044100800	-2.7	140230
228	1046520000	6	140230
228	1049198400	9.2	140230
228	1051790400	17.4	140230
228	1054468800	23	140230
228	1057060800	22	140230
228	1059739200	23.7	140230
228	1062417600	14.2	140230
228	1065009600	8.3	140230
228	1067688000	7.6	140230
228	1070280000	1	140230
228	1072958400	-1	140230
228	1075636800	1.6	140230
228	1078142400	4.2	140230
228	1080820800	10	140230
228	1083412800	13.3	140230
228	1086091200	18.1	140230
228	1088683200	19.9	140230
228	1091361600	19.9	140230
228	1094040000	14.7	140230
228	1096632000	12.3	140230
228	1099310400	5.4	140230
228	1101902400	1.2	140230
228	1104580800	-0.7	140230
228	1107259200	-2.2	140230
228	1109678400	3.9	140230
228	1112356800	10.4	140230
228	1114948800	15.6	140230
228	1117627200	19	140230
228	1120219200	20.3	140230
228	1122897600	17.9	140230
228	1125576000	15.6	140230
228	1128168000	10.9	140230
228	1130846400	4.6	140230
228	1133438400	-0.2	140230
228	1136116800	-3	140230
228	1138795200	-0.6	140230
228	1141214400	3.9	140230
228	1143892800	10.9	140230
228	1146484800	14.7	140230
228	1149163200	19.6	140230
228	1151755200	22.4	140230
228	1154433600	17.1	140230
228	1157112000	16.3	140230
228	1159704000	12.2	140230
228	1162382400	7.5	140230
228	1164974400	3.6	140230
228	1167652800	4	140230
228	1170331200	5.4	140230
228	1172750400	7.2	140230
228	1175428800	12.7	140230
228	1178020800	16.8	140230
228	1180699200	20.8	140230
228	1183291200	21.5	140230
228	1185969600	19.4	140230
228	1188648000	13.5	140230
228	1191240000	9.2	140230
228	1193918400	4.1	140230
228	1196510400	-0.5	140230
228	1199188800	2.5	140230
228	1201867200	3.3	140230
228	1204372800	5.3	140230
228	1207051200	10	140230
228	1209643200	15.9	140230
228	1212321600	19.4	140230
228	1214913600	20.1	140230
228	1217592000	19.4	140230
228	1220270400	13.9	140230
228	1222862400	10.8	140230
228	1225540800	5.6	140230
228	1228132800	1.9	140230
228	1230811200	-1.9	140230
228	1233489600	1.5	140230
228	1235908800	5.8	140230
228	1238587200	12.2	140230
228	1241179200	16.8	140230
228	1243857600	17.9	140230
228	1246449600	20.2	140230
228	1249128000	20.2	140230
228	1251806400	16.2	140230
228	1254398400	10.1	140230
228	1257076800	7.1	140230
228	1259668800	1.6	140230
231	-3410769600	-0.6	142360
231	-3408091200	-0.8	142360
231	-3405412800	2.7	142360
231	-3402993600	10.2	142360
231	-3400315200	14.1	142360
231	-3397723200	17.3	142360
231	-3395044800	19.1	142360
231	-3392452800	22	142360
231	-3389774400	21.1	142360
231	-3387096000	18	142360
231	-3384504000	14.3	142360
231	-3381825600	6.5	142360
231	-3379233600	1.1	142360
231	-3376555200	4.7	142360
231	-3373876800	3.7	142360
231	-3371457600	8.6	142360
231	-3368779200	12.9	142360
231	-3366187200	19.2	142360
231	-3363508800	20.9	142360
231	-3360916800	21.9	142360
231	-3358238400	24.2	142360
231	-3355560000	18.8	142360
231	-3352968000	13.3	142360
231	-3350289600	5.8	142360
231	-3347697600	1.5	142360
231	-3345019200	-7.1	142360
231	-3342340800	0.3	142360
231	-3339835200	8.4	142360
231	-3337156800	8.6	142360
231	-3334564800	14.9	142360
231	-3331886400	19.6	142360
231	-3329294400	20.5	142360
231	-3326616000	19.5	142360
231	-3323937600	17.1	142360
231	-3321345600	10.8	142360
231	-3318667200	5.1	142360
231	-3316075200	-1.5	142360
231	-3313396800	0.9	142360
231	-3310718400	-2.3	142360
231	-3308299200	1.7	142360
231	-3305620800	13.7	142360
231	-3303028800	19.6	142360
231	-3300350400	17.9	142360
231	-3297758400	24.2	142360
231	-3295080000	21.6	142360
231	-3292401600	18.2	142360
231	-3289809600	12.6	142360
231	-3287131200	8.3	142360
231	-3284539200	0.8	142360
231	-3281860800	1.4	142360
231	-3279182400	6	142360
231	-3276763200	8.5	142360
231	-3274084800	13.4	142360
231	-3271492800	14.4	142360
231	-3268814400	23	142360
231	-3266222400	21.9	142360
231	-3263544000	19.5	142360
231	-3260865600	18.7	142360
231	-3258273600	10	142360
231	-3255595200	5.8	142360
231	-3253003200	1.5	142360
231	-3250324800	2.1	142360
231	-3247646400	5.8	142360
231	-3245227200	5.9	142360
231	-3242548800	12.8	142360
231	-3239956800	17.6	142360
231	-3237278400	20.4	142360
231	-3234686400	21.3	142360
231	-3232008000	22.4	142360
231	-3229329600	19.3	142360
231	-3226737600	10.5	142360
231	-3224059200	3.9	142360
231	-3221467200	-1.2	142360
231	-3218788800	-1	142360
231	-3216110400	4.3	142360
231	-3213604800	6	142360
231	-3210926400	11.2	142360
231	-3208334400	20.9	142360
231	-3205656000	21.8	142360
231	-3203064000	21.8	142360
231	-3200385600	21.5	142360
231	-3197707200	19.9	142360
231	-3195115200	14.1	142360
231	-3192436800	4.8	142360
231	-3189844800	6.8	142360
231	-3187166400	-1	142360
231	-3184488000	8	142360
231	-3182068800	5.6	142360
231	-3179390400	13.8	142360
231	-3176798400	19.2	142360
231	-3174120000	17.7	142360
231	-3171528000	23.1	142360
231	-3168849600	20.4	142360
231	-3166171200	17.5	142360
231	-3163579200	9.7	142360
231	-3160900800	5.1	142360
231	-3158308800	2.6	142360
231	-3155630400	0.1	142360
231	-3152952000	-1.9	142360
231	-3150532800	3.7	142360
231	-3147854400	10.4	142360
231	-3145262400	17.9	142360
231	-3142584000	19.3	142360
231	-3139992000	22.6	142360
231	-3137313600	19	142360
231	-3134635200	15	142360
231	-3132043200	11.1	142360
231	-3129364800	8.7	142360
231	-3126772800	-1.1	142360
231	-3124094400	-1.6	142360
231	-3121416000	0.4	142360
231	-3118996800	7.1	142360
231	-3116318400	11.9	142360
231	-3113726400	12.9	142360
231	-3111048000	17.3	142360
231	-3108456000	22.9	142360
231	-3105777600	21	142360
231	-3103099200	18.1	142360
231	-3100507200	8.7	142360
231	-3097828800	4.6	142360
231	-3095236800	-4.9	142360
231	-3092558400	0.6	142360
231	-3089880000	2.7	142360
231	-3087374400	8	142360
231	-3084696000	13	142360
231	-3082104000	17.7	142360
231	-3079425600	18.6	142360
231	-3076833600	21.7	142360
231	-3074155200	20.3	142360
231	-3071476800	18	142360
231	-3068884800	14.4	142360
231	-3066206400	9.2	142360
231	-3063614400	5.7	142360
231	-3060936000	2.4	142360
231	-3058257600	1.5	142360
231	-3055838400	10	142360
231	-3053160000	10.7	142360
231	-3050568000	13.8	142360
231	-3047889600	19.1	142360
231	-3045297600	23.2	142360
231	-3042619200	22.4	142360
231	-3039940800	16.3	142360
231	-3037348800	14.6	142360
231	-3034670400	7.1	142360
231	-3032078400	0.9	142360
231	-3029400000	0.3	142360
231	-3026721600	2.5	142360
231	-3024302400	5.6	142360
231	-3021624000	13.1	142360
231	-3019032000	12.5	142360
231	-3016353600	20.6	142360
231	-3013761600	24.2	142360
231	-3011083200	19.4	142360
231	-3008404800	18.8	142360
231	-3005812800	11.6	142360
231	-3003134400	1.3	142360
231	-3000542400	0.7	142360
231	-2997864000	0.5	142360
231	-2995185600	-3.2	142360
231	-2992766400	1.3	142360
231	-2990088000	10	142360
231	-2987496000	17.3	142360
231	-2984817600	22	142360
231	-2982225600	21.6	142360
231	-2979547200	21.9	142360
231	-2976868800	15.5	142360
231	-2974276800	11	142360
231	-2971598400	5.1	142360
231	-2969006400	-2.3	142360
231	-2966328000	-4.3	142360
231	-2963649600	1.7	142360
231	-2961144000	7.9	142360
231	-2958465600	13.3	142360
231	-2955873600	12	142360
231	-2953195200	20	142360
231	-2950603200	20.7	142360
231	-2947924800	20.8	142360
231	-2945246400	15.7	142360
231	-2942654400	12.7	142360
231	-2939976000	1.5	142360
231	-2937384000	5.7	142360
231	-2934705600	4.3	142360
231	-2932027200	4.1	142360
231	-2929608000	5.6	142360
231	-2926929600	10.8	142360
231	-2924337600	14.4	142360
231	-2921659200	21.1	142360
231	-2919067200	22.4	142360
231	-2916388800	24	142360
231	-2913710400	14.6	142360
231	-2911118400	9.4	142360
231	-2908440000	7.5	142360
231	-2905848000	0.6	142360
231	-2903169600	-0.7	142360
231	-2900491200	3.1	142360
231	-2898072000	6	142360
231	-2895393600	12	142360
231	-2892801600	17.4	142360
231	-2890123200	20.1	142360
231	-2887531200	21.3	142360
231	-2884852800	21.6	142360
231	-2882174400	18.5	142360
231	-2879582400	13.3	142360
231	-2876904000	7.3	142360
231	-2874312000	-0.9	142360
231	-2871633600	0.6	142360
231	-2868955200	5.7	142360
231	-2866536000	6.8	142360
231	-2863857600	11.4	142360
231	-2861265600	14.2	142360
231	-2858587200	21.8	142360
231	-2855995200	20.6	142360
231	-2853316800	22.4	142360
231	-2850638400	18.4	142360
231	-2848046400	10.1	142360
231	-2845368000	2.1	142360
231	-2842776000	-7.1	142360
231	-2840097600	-4.8	142360
231	-2837419200	-1.4	142360
231	-2834913600	6.4	142360
231	-2832235200	14.1	142360
231	-2829643200	15	142360
231	-2826964800	18.9	142360
231	-2824372800	23.5	142360
231	-2821694400	19.2	142360
231	-2819016000	17.3	142360
231	-2816424000	12.5	142360
231	-2813745600	6.3	142360
231	-2811153600	5.5	142360
231	-2808475200	-3.2	142360
231	-2805796800	0.3	142360
231	-2803377600	7	142360
231	-2800699200	9.4	142360
231	-2798107200	15.4	142360
231	-2795428800	19.1	142360
231	-2792836800	23.1	142360
231	-2790158400	21.3	142360
231	-2787480000	16	142360
231	-2784888000	8	142360
231	-2782209600	4.9	142360
231	-2779617600	1.5	142360
231	-2776939200	1.7	142360
231	-2774260800	3.6	142360
231	-2771841600	10.7	142360
231	-2769163200	11.3	142360
231	-2766571200	16.6	142360
231	-2763892800	18.4	142360
231	-2761300800	21.5	142360
231	-2758622400	19	142360
231	-2755944000	16.8	142360
231	-2753352000	13	142360
231	-2750673600	7.4	142360
231	-2748081600	4.5	142360
231	-2745403200	-0.4	142360
231	-2742724800	3.5	142360
231	-2740305600	2.3	142360
231	-2737627200	9.9	142360
231	-2735035200	16.8	142360
231	-2732356800	19.8	142360
231	-2729764800	21.7	142360
231	-2727086400	20.7	142360
231	-2724408000	16.7	142360
231	-2721816000	11.5	142360
231	-2719137600	5.4	142360
231	-2716545600	0.1	142360
231	-2713867200	0.7	142360
231	-2711188800	4.1	142360
231	-2708683200	7.6	142360
231	-2706004800	11.7	142360
231	-2703412800	17.4	142360
231	-2700734400	16.5	142360
231	-2698142400	22.5	142360
231	-2695464000	19.9	142360
231	-2692785600	16.9	142360
231	-2690193600	10.4	142360
231	-2687515200	3.2	142360
231	-2684923200	2.9	142360
231	-2682244800	-0.1	142360
231	-2679566400	5.3	142360
231	-2677147200	7.5	142360
231	-2674468800	13.4	142360
231	-2671876800	15.4	142360
231	-2669198400	20.7	142360
231	-2666606400	23.5	142360
231	-2663928000	20.4	142360
231	-2661249600	18.3	142360
231	-2658657600	11.6	142360
231	-2655979200	7.3	142360
231	-2653387200	-0.2	142360
231	-2650708800	0.6	142360
231	-2648030400	0.6	142360
231	-2645611200	3.9	142360
231	-2642932800	12.8	142360
231	-2640340800	16.6	142360
231	-2637662400	18.9	142360
231	-2635070400	22.1	142360
231	-2632392000	21	142360
231	-2629713600	19.3	142360
231	-2627121600	12.9	142360
231	-2624443200	7.2	142360
231	-2621851200	4.6	142360
231	-2619172800	-1.2	142360
231	-2616494400	-1.2	142360
231	-2614075200	4.5	142360
231	-2611396800	12	142360
231	-2608804800	15.5	142360
231	-2606126400	19.6	142360
231	-2603534400	24.2	142360
231	-2600856000	21.7	142360
231	-2598177600	17.9	142360
231	-2595585600	9.2	142360
231	-2592907200	7.2	142360
231	-2590315200	0.7	142360
231	-2587636800	-3.6	142360
231	-2584958400	-0.6	142360
231	-2582452800	6.7	142360
231	-2579774400	10.9	142360
231	-2577182400	16.4	142360
231	-2574504000	20.7	142360
231	-2571912000	20.2	142360
231	-2569233600	20.7	142360
231	-2566555200	17.7	142360
231	-2563963200	10.3	142360
231	-2561284800	2.7	142360
231	-2558692800	2.2	142360
231	-2556014400	-2.2	142360
231	-2553336000	0.1	142360
231	-2550916800	4.5	142360
231	-2548238400	10.9	142360
231	-2545646400	18.9	142360
231	-2542968000	21.4	142360
231	-2540376000	21.3	142360
231	-2537697600	20.6	142360
231	-2535019200	14.3	142360
231	-2532427200	13.3	142360
231	-2529748800	5	142360
231	-2527156800	-1.1	142360
231	-2524478400	2.8	142360
231	-2521800000	-0.3	142360
231	-2519380800	7.6	142360
231	-2516702400	11.4	142360
231	-2514110400	17.3	142360
231	-2511432000	18.6	142360
231	-2508840000	21.8	142360
231	-2506161600	23.8	142360
231	-2503483200	15.9	142360
231	-2500891200	9.9	142360
231	-2498212800	5.2	142360
231	-2495620800	-3	142360
231	-2492942400	-6.1	142360
231	-2490264000	-2.4	142360
231	-2487844800	6	142360
231	-2485166400	8.9	142360
231	-2482574400	17.7	142360
231	-2479896000	19.8	142360
231	-2477304000	21.5	142360
231	-2474625600	20.5	142360
231	-2471947200	17.4	142360
231	-2469355200	13.7	142360
231	-2466676800	5.8	142360
231	-2464084800	3	142360
231	-2461406400	0.5	142360
231	-2458728000	3.2	142360
231	-2456222400	4.2	142360
231	-2453544000	11.9	142360
231	-2450952000	16.2	142360
231	-2448273600	19.9	142360
231	-2445681600	20.7	142360
231	-2443003200	22	142360
231	-2440324800	18.9	142360
231	-2437732800	12.1	142360
231	-2435054400	4.1	142360
231	-2432462400	-1	142360
231	-2429784000	-5.9	142360
231	-2427105600	3.6	142360
231	-2424686400	7.1	142360
231	-2422008000	11.7	142360
231	-2419416000	16	142360
231	-2416737600	18.6	142360
231	-2414145600	21.2	142360
231	-2411467200	20.6	142360
231	-2408788800	16.7	142360
231	-2406196800	13.2	142360
231	-2403518400	4.5	142360
231	-2400926400	2.4	142360
231	-2398248000	-1.6	142360
231	-2395569600	4.1	142360
231	-2393150400	7.9	142360
231	-2390472000	14.5	142360
231	-2387880000	16	142360
231	-2385201600	18.7	142360
231	-2382609600	23.4	142360
231	-2379931200	20.4	142360
231	-2377252800	15.4	142360
231	-2374660800	12.7	142360
231	-2371982400	6.2	142360
231	-2369390400	0.8	142360
231	-2366712000	0.1	142360
231	-2364033600	-3.4	142360
231	-2361614400	4.6	142360
231	-2358936000	11.1	142360
231	-2356344000	15.6	142360
231	-2353665600	19.9	142360
231	-2351073600	22.5	142360
231	-2348395200	19.9	142360
231	-2345716800	18.5	142360
231	-2343124800	11.1	142360
231	-2340446400	7.1	142360
231	-2337854400	1.7	142360
231	-2335176000	-3.7	142360
231	-2332497600	0.5	142360
231	-2329992000	8.5	142360
231	-2327313600	9.5	142360
231	-2324721600	15.1	142360
231	-2322043200	20.2	142360
231	-2319451200	22	142360
231	-2316772800	18.9	142360
231	-2314094400	16.9	142360
231	-2311502400	13.9	142360
231	-2308824000	4.9	142360
231	-2306232000	2.5	142360
231	-2303553600	0.4	142360
231	-2300875200	4.5	142360
231	-2298456000	10.1	142360
231	-2295777600	11.8	142360
231	-2293185600	14.2	142360
231	-2290507200	20.3	142360
231	-2287915200	22	142360
231	-2285236800	21.3	142360
231	-2282558400	17.4	142360
231	-2279966400	9.9	142360
231	-2277288000	3.9	142360
231	-2274696000	1.1	142360
231	-2272017600	1.7	142360
231	-2269339200	3.1	142360
231	-2266920000	7.1	142360
231	-2264241600	13.1	142360
231	-2261649600	16.2	142360
231	-2258971200	19.5	142360
231	-2256379200	19.9	142360
231	-2253700800	21.5	142360
231	-2251022400	17	142360
231	-2248430400	13.3	142360
231	-2245752000	9.3	142360
231	-2243160000	2.9	142360
231	-2240481600	4.8	142360
231	-2237803200	5.1	142360
231	-2235384000	5.8	142360
231	-2232705600	12	142360
231	-2230113600	15.4	142360
231	-2227435200	18.8	142360
231	-2224843200	21.6	142360
231	-2222164800	21	142360
231	-2219486400	16.7	142360
231	-2216894400	11.1	142360
231	-2214216000	7.5	142360
231	-2211624000	-2.7	142360
231	-2208945600	3.3	142360
231	-2206267200	6.8	142360
231	-2203848000	4.6	142360
231	-2201169600	10.2	142360
231	-2198577600	15.2	142360
231	-2195899200	20.1	142360
231	-2193307200	22.8	142360
231	-2190628800	20	142360
231	-2187950400	18.1	142360
231	-2185358400	12.4	142360
231	-2182680000	8.3	142360
231	-2180088000	2.3	142360
231	-2177409600	-3.6	142360
231	-2174731200	-2	142360
231	-2172312000	6.5	142360
231	-2169633600	12	142360
231	-2167041600	16.9	142360
231	-2164363200	20.7	142360
231	-2161771200	22.8	142360
231	-2159092800	20.7	142360
231	-2156414400	16.6	142360
231	-2153822400	12.6	142360
231	-2151144000	4.3	142360
231	-2148552000	4.4	142360
231	-2145873600	4.2	142360
231	-2143195200	3.1	142360
231	-2140776000	6.9	142360
231	-2138097600	12	142360
231	-2135505600	12.5	142360
231	-2132827200	18.2	142360
231	-2130235200	20.9	142360
231	-2127556800	21	142360
231	-2124878400	16.8	142360
231	-2122286400	11.6	142360
231	-2119608000	3	142360
231	-2117016000	-0.5	142360
231	-2114337600	-0.7	142360
231	-2111659200	5.5	142360
231	-2109240000	9.2	142360
231	-2106561600	8.7	142360
231	-2103969600	16.2	142360
231	-2101291200	18.6	142360
231	-2098699200	21.1	142360
231	-2096020800	21.2	142360
231	-2093342400	17.1	142360
231	-2090750400	12.8	142360
231	-2088072000	7.3	142360
231	-2085480000	2.9	142360
231	-2082801600	0	142360
231	-2080123200	5.4	142360
231	-2077617600	7.9	142360
231	-2074939200	12.8	142360
231	-2072347200	16.7	142360
231	-2069668800	20.4	142360
231	-2067076800	24	142360
231	-2064398400	21.5	142360
231	-2061720000	15.4	142360
231	-2059128000	12.1	142360
231	-2056449600	5	142360
231	-2053857600	3.7	142360
231	-2051179200	-2.7	142360
231	-2048500800	1.6	142360
231	-2046081600	8.3	142360
231	-2043403200	10.7	142360
231	-2040811200	15.8	142360
231	-2038132800	19.9	142360
231	-2035540800	23.4	142360
231	-2032862400	22.1	142360
231	-2030184000	18.5	142360
231	-2027592000	6.6	142360
231	-2024913600	6.9	142360
231	-2022321600	2.6	142360
231	-2019643200	-0.4	142360
231	-2016964800	1.7	142360
231	-2014545600	6.8	142360
231	-2011867200	12.3	142360
231	-2009275200	16.6	142360
231	-2006596800	18.9	142360
231	-2004004800	21.3	142360
231	-2001326400	20.9	142360
231	-1998648000	15.4	142360
231	-1996056000	11.5	142360
231	-1993377600	8.6	142360
231	-1990785600	-1	142360
231	-1988107200	-1.2	142360
231	-1985428800	-0.5	142360
231	-1983009600	4.4	142360
231	-1980331200	8.7	142360
231	-1977739200	18.2	142360
231	-1975060800	20.8	142360
231	-1972468800	20.3	142360
231	-1969790400	21.7	142360
231	-1967112000	17.5	142360
231	-1964520000	15.4	142360
231	-1961841600	5.8	142360
231	-1959249600	3.2	142360
231	-1956571200	-1.7	142360
231	-1953892800	2.7	142360
231	-1951387200	5.5	142360
231	-1948708800	9.9	142360
231	-1946116800	19.5	142360
231	-1943438400	21.8	142360
231	-1940846400	21.9	142360
231	-1938168000	19.3	142360
231	-1935489600	15.4	142360
231	-1932897600	10.6	142360
231	-1930219200	0.7	142360
231	-1927627200	-1.5	142360
231	-1924948800	-2.3	142360
231	-1922270400	-0.7	142360
231	-1919851200	6.1	142360
231	-1917172800	12.4	142360
231	-1914580800	15.3	142360
231	-1911902400	19	142360
231	-1909310400	20.5	142360
231	-1906632000	21.2	142360
231	-1903953600	17.2	142360
231	-1901361600	13.2	142360
231	-1898683200	4.1	142360
231	-1896091200	5	142360
231	-1893412800	1.7	142360
231	-1890734400	5	142360
231	-1888315200	7.7	142360
231	-1885636800	10.8	142360
231	-1883044800	15.5	142360
231	-1880366400	19.7	142360
231	-1877774400	19.9	142360
231	-1875096000	20.7	142360
231	-1872417600	15	142360
231	-1869825600	11.9	142360
231	-1867147200	5.7	142360
231	-1864555200	5.8	142360
231	-1861876800	-1.2	142360
231	-1859198400	1.6	142360
231	-1856779200	7.3	142360
231	-1854100800	10.9	142360
231	-1851508800	15.8	142360
231	-1848830400	19.1	142360
231	-1846238400	22.8	142360
231	-1843560000	22.6	142360
231	-1840881600	17.8	142360
231	-1838289600	11.7	142360
231	-1835611200	9.1	142360
231	-1833019200	4.2	142360
231	-1830340800	-0.5	142360
231	-1827662400	6.2	142360
231	-1825156800	9.5	142360
231	-1822478400	9.3	142360
231	-1819886400	16.2	142360
231	-1817208000	19.7	142360
231	-1814616000	21.5	142360
231	-1811937600	19.1	142360
231	-1809259200	11.9	142360
231	-1806667200	9.8	142360
231	-1803988800	3.2	142360
231	-1801396800	2.5	142360
231	-1798718400	-1.1	142360
231	-1796040000	1.5	142360
231	-1793620800	9.5	142360
231	-1790942400	11.7	142360
231	-1788350400	15.6	142360
231	-1785672000	19.7	142360
231	-1783080000	18.6	142360
231	-1780401600	19	142360
231	-1777723200	16.4	142360
231	-1775131200	12.5	142360
231	-1772452800	8.3	142360
231	-1769860800	2	142360
231	-1767182400	-4.9	142360
231	-1764504000	-0.8	142360
231	-1762084800	7.6	142360
231	-1759406400	12.9	142360
231	-1756814400	15.1	142360
231	-1754136000	18.5	142360
231	-1751544000	20.3	142360
231	-1748865600	21	142360
231	-1746187200	15.7	142360
231	-1743595200	10.8	142360
231	-1740916800	4.4	142360
231	-1738324800	4.3	142360
231	-1735646400	1.6	142360
231	-1732968000	3.2	142360
231	-1730548800	5.8	142360
231	-1727870400	11	142360
231	-1725278400	16.7	142360
231	-1722600000	20.4	142360
231	-1720008000	21.1	142360
231	-1717329600	19.4	142360
231	-1714651200	14.9	142360
231	-1712059200	8.7	142360
231	-1709380800	4.1	142360
231	-1706788800	6.9	142360
231	-1704110400	3.2	142360
231	-1701432000	2.8	142360
231	-1698926400	10.1	142360
231	-1696248000	11.8	142360
231	-1693656000	17	142360
231	-1690977600	19.9	142360
231	-1688385600	22.4	142360
231	-1685707200	20.8	142360
231	-1683028800	15.4	142360
231	-1680436800	11	142360
231	-1677758400	7.5	142360
231	-1675166400	5.3	142360
231	-1672488000	0.4	142360
231	-1669809600	-3.6	142360
231	-1667390400	4.3	142360
231	-1664712000	9.7	142360
231	-1662120000	17.4	142360
231	-1659441600	22.2	142360
231	-1656849600	22.4	142360
231	-1654171200	22.9	142360
231	-1651492800	19.1	142360
231	-1648900800	12.2	142360
231	-1646222400	5.6	142360
231	-1643630400	-1	142360
231	-1640952000	2.4	142360
231	-1638273600	1.9	142360
231	-1635854400	7.1	142360
231	-1633176000	13.3	142360
231	-1630584000	17	142360
231	-1627905600	17.1	142360
231	-1625313600	21.3	142360
231	-1622635200	20.2	142360
231	-1619956800	17.9	142360
231	-1617364800	11	142360
231	-1614686400	4.3	142360
231	-1612094400	3.3	142360
231	-1609416000	3.3	142360
231	-1606737600	2	142360
231	-1604318400	7.5	142360
231	-1601640000	9.5	142360
231	-1599048000	13.2	142360
231	-1596369600	18.5	142360
231	-1593777600	18.8	142360
231	-1591099200	20.6	142360
231	-1588420800	18.3	142360
231	-1585828800	9.7	142360
231	-1583150400	5.3	142360
231	-1580558400	2.3	142360
231	-1577880000	3.8	142360
231	-1575201600	4.9	142360
231	-1572696000	9.4	142360
231	-1570017600	14	142360
231	-1567425600	18.5	142360
231	-1564747200	18.5	142360
231	-1562155200	22.4	142360
231	-1559476800	19.3	142360
231	-1556798400	17.7	142360
231	-1554206400	9.2	142360
231	-1551528000	1.6	142360
231	-1548936000	2.1	142360
231	-1546257600	4.7	142360
231	-1543579200	2.9	142360
231	-1541160000	9	142360
231	-1538481600	10.6	142360
231	-1535889600	17.9	142360
231	-1533211200	18.5	142360
231	-1530619200	23.8	142360
231	-1527940800	22.5	142360
231	-1525262400	17.3	142360
231	-1522670400	13.1	142360
231	-1519992000	2.9	142360
231	-1517400000	0	142360
231	-1514721600	-1.3	142360
231	-1512043200	-0.8	142360
231	-1509624000	8.9	142360
231	-1506945600	10.1	142360
231	-1504353600	16.8	142360
231	-1501675200	20.5	142360
231	-1499083200	21.7	142360
231	-1496404800	21.6	142360
231	-1493726400	15.4	142360
231	-1491134400	9	142360
231	-1488456000	3.8	142360
231	-1485864000	3.3	142360
231	-1483185600	1.8	142360
231	-1480507200	1.8	142360
231	-1478088000	7.4	142360
231	-1475409600	10.5	142360
231	-1472817600	17.7	142360
231	-1470139200	16.1	142360
231	-1467547200	22.3	142360
231	-1464868800	21.6	142360
231	-1462190400	16.9	142360
231	-1459598400	15	142360
231	-1456920000	7.6	142360
231	-1454328000	1.4	142360
231	-1451649600	-2.4	142360
231	-1448971200	-0.4	142360
231	-1446465600	5.2	142360
231	-1443787200	11.3	142360
231	-1441195200	17.7	142360
231	-1438516800	19.9	142360
231	-1435924800	21	142360
231	-1433246400	18.5	142360
231	-1430568000	17.9	142360
231	-1427976000	11.5	142360
231	-1425297600	5.1	142360
231	-1422705600	1	142360
231	-1420027200	1.3	142360
231	-1417348800	6	142360
231	-1414929600	5.2	142360
231	-1412251200	12.2	142360
231	-1409659200	16.8	142360
231	-1406980800	18.6	142360
231	-1404388800	21.4	142360
231	-1401710400	20.5	142360
231	-1399032000	14.8	142360
231	-1396440000	11.7	142360
231	-1393761600	5.8	142360
231	-1391169600	0.4	142360
231	-1388491200	0.1	142360
231	-1385812800	7.2	142360
231	-1383393600	6	142360
231	-1380715200	12.8	142360
231	-1378123200	15.5	142360
231	-1375444800	17.7	142360
231	-1372852800	20	142360
231	-1370174400	19.3	142360
231	-1367496000	18	142360
231	-1364904000	13.1	142360
231	-1362225600	12.5	142360
231	-1359633600	0.9	142360
231	-1356955200	2.4	142360
231	-1354276800	2	142360
231	-1351857600	9.1	142360
231	-1349179200	12	142360
231	-1346587200	15.9	142360
231	-1343908800	21	142360
231	-1341316800	23.3	142360
231	-1338638400	21.8	142360
231	-1335960000	18.2	142360
231	-1333368000	11.4	142360
231	-1330689600	7.1	142360
231	-1328097600	-1.9	142360
231	-1325419200	0.4	142360
231	-1322740800	3.3	142360
231	-1320235200	4.9	142360
231	-1317556800	12.4	142360
231	-1314964800	13.3	142360
231	-1312286400	19.1	142360
231	-1309694400	25	142360
231	-1307016000	22.3	142360
231	-1304337600	16.8	142360
231	-1301745600	12.1	142360
231	-1299067200	8.3	142360
231	-1296475200	1.2	142360
231	-1293796800	-4.5	142360
231	-1291118400	-7.6	142360
231	-1288699200	4.4	142360
231	-1286020800	8.7	142360
231	-1283428800	17.5	142360
231	-1280750400	19.7	142360
231	-1278158400	22	142360
231	-1275480000	22.2	142360
231	-1272801600	18.1	142360
231	-1270209600	12.7	142360
231	-1267531200	7.9	142360
231	-1264939200	3.5	142360
231	-1262260800	1.1	142360
231	-1259582400	2.6	142360
231	-1257163200	9.4	142360
231	-1254484800	12.7	142360
231	-1251892800	15.4	142360
231	-1249214400	22	142360
231	-1246622400	21	142360
231	-1243944000	20.1	142360
231	-1241265600	18	142360
231	-1238673600	11.4	142360
231	-1235995200	9.9	142360
231	-1233403200	2	142360
231	-1230724800	2.1	142360
231	-1228046400	1.5	142360
231	-1225627200	3.2	142360
231	-1222948800	9.6	142360
231	-1220356800	18.1	142360
231	-1217678400	21.7	142360
231	-1215086400	23.4	142360
231	-1212408000	21	142360
231	-1209729600	13.4	142360
231	-1207137600	10.8	142360
231	-1204459200	5.8	142360
231	-1201867200	0.2	142360
231	-1199188800	0.1	142360
231	-1196510400	-3.6	142360
231	-1194004800	1.1	142360
231	-1191326400	10.8	142360
231	-1188734400	16.4	142360
231	-1186056000	18.6	142360
231	-1183464000	22.4	142360
231	-1180785600	23.3	142360
231	-1178107200	20.6	142360
231	-1175515200	12.4	142360
231	-1172836800	6.1	142360
231	-1170244800	1.3	142360
231	-1167566400	-2.5	142360
231	-1164888000	2	142360
231	-1162468800	7.5	142360
231	-1159790400	10.2	142360
231	-1157198400	14.6	142360
231	-1154520000	17	142360
231	-1151928000	21.5	142360
231	-1149249600	21	142360
231	-1146571200	16.3	142360
231	-1143979200	11.5	142360
231	-1141300800	5.8	142360
231	-1138708800	-3.3	142360
231	-1136030400	-0.4	142360
231	-1133352000	2.4	142360
231	-1130932800	9.4	142360
231	-1128254400	14.5	142360
231	-1125662400	18.1	142360
231	-1122984000	18.5	142360
231	-1120392000	21.9	142360
231	-1117713600	20.7	142360
231	-1115035200	18.2	142360
231	-1112443200	11	142360
231	-1109764800	7.5	142360
231	-1107172800	6.3	142360
231	-1104494400	-2.2	142360
231	-1101816000	3	142360
231	-1099396800	5.7	142360
231	-1096718400	11.5	142360
231	-1094126400	14.7	142360
231	-1091448000	22	142360
231	-1088856000	21.9	142360
231	-1086177600	20.8	142360
231	-1083499200	17.1	142360
231	-1080907200	13.9	142360
231	-1078228800	6	142360
231	-1075636800	3	142360
231	-1072958400	6.2	142360
231	-1070280000	4.1	142360
231	-1067774400	9.5	142360
231	-1065096000	12	142360
231	-1062504000	17.3	142360
231	-1059825600	19.3	142360
231	-1057233600	22.7	142360
231	-1054555200	20.5	142360
231	-1051876800	17.1	142360
231	-1049284800	7.6	142360
231	-1046606400	5.8	142360
231	-1044014400	1.1	142360
231	-1041336000	-1.5	142360
231	-1038657600	3.7	142360
231	-1036238400	8.2	142360
231	-1033560000	10.7	142360
231	-1030968000	18.2	142360
231	-1028289600	20.8	142360
231	-1025697600	21.6	142360
231	-1023019200	20.3	142360
231	-1020340800	17	142360
231	-1017748800	12.2	142360
231	-1015070400	5.5	142360
231	-1012478400	2	142360
231	-1009800000	1.1	142360
231	-1007121600	2.2	142360
231	-1004702400	10	142360
231	-1002024000	8.5	142360
231	-999432000	14.8	142360
231	-996753600	21.8	142360
231	-994161600	22.7	142360
231	-991483200	20.7	142360
231	-988804800	16.6	142360
231	-986212800	12.4	142360
231	-983534400	7.9	142360
231	-980942400	0.1	142360
231	-978264000	3.9	142360
231	-975585600	4.1	142360
231	-973166400	4.5	142360
231	-970488000	14.8	142360
231	-967896000	14.7	142360
231	-965217600	19.8	142360
231	-962625600	22.9	142360
231	-959947200	21.9	142360
231	-957268800	16.9	142360
231	-954676800	11.2	142360
231	-951998400	7	142360
231	-949406400	0.7	142360
231	-946728000	-6.4	142360
231	-944049600	-3.3	142360
231	-941544000	5.1	142360
231	-938865600	11.8	142360
231	-936273600	14.8	142360
231	-933595200	19.3	142360
231	-931003200	20.7	142360
231	-928324800	18.2	142360
231	-925646400	16.7	142360
231	-923054400	11.1	142360
231	-920376000	9	142360
231	-917784000	-3.5	142360
231	-915105600	-1.3	142360
231	-912427200	3.2	142360
231	-910008000	7.3	142360
231	-907329600	10.6	142360
231	-904737600	13.5	142360
231	-902059200	19.7	142360
231	-899467200	21.3	142360
231	-896788800	19.7	142360
231	-894110400	14.7	142360
231	-891518400	10.6	142360
231	-888840000	3	142360
231	-886248000	1.4	142360
231	-883569600	-7	142360
231	-880891200	-2.5	142360
231	-878472000	3.8	142360
231	-875793600	10	142360
231	-873201600	17	142360
231	-870523200	19.6	142360
231	-867931200	21	142360
231	-865252800	21.6	142360
231	-862574400	20.8	142360
231	-859982400	13.6	142360
231	-857304000	5.3	142360
231	-854712000	3.8	142360
231	-852033600	-2.2	142360
231	-849355200	4.9	142360
231	-846936000	8.3	142360
231	-844257600	13.1	142360
231	-841665600	15.7	142360
231	-838987200	18.2	142360
231	-836395200	21.7	142360
231	-833716800	23.1	142360
231	-831038400	18.7	142360
231	-828446400	13.7	142360
231	-825768000	4.7	142360
231	-823176000	2.5	142360
231	-820497600	2.5	142360
231	-817819200	0	142360
231	-815313600	3.4	142360
231	-812635200	12.5	142360
231	-810043200	15	142360
231	-807364800	18.5	142360
231	-804772800	21.1	142360
231	-802094400	23.4	142360
231	-799416000	16.5	142360
231	-796824000	11.9	142360
231	-794145600	6	142360
231	-791553600	0.9	142360
231	-788875200	-3.8	142360
231	-786196800	3.7	142360
231	-783777600	8.4	142360
231	-781099200	12.5	142360
231	-778507200	19.2	142360
231	-775828800	21.7	142360
231	-773236800	23.1	142360
231	-770558400	21.3	142360
231	-767880000	17.7	142360
231	-765288000	11.5	142360
231	-762609600	5	142360
231	-760017600	2.5	142360
231	-757339200	-2.4	142360
231	-754660800	4.4	142360
231	-752241600	8.2	142360
231	-749563200	14.4	142360
231	-746971200	18.7	142360
231	-744292800	21	142360
231	-741700800	23.8	142360
231	-739022400	23.9	142360
231	-736344000	19.7	142360
231	-733752000	9	142360
231	-731073600	6	142360
231	-728481600	-0.6	142360
231	-725803200	-5.3	142360
231	-723124800	-1.7	142360
231	-720705600	8.3	142360
231	-718027200	14.5	142360
231	-715435200	17.7	142360
231	-712756800	21.2	142360
231	-710164800	22.8	142360
231	-707486400	21.9	142360
231	-704808000	20.8	142360
231	-702216000	10.7	142360
231	-699537600	7.6	142360
231	-696945600	3.1	142360
231	-694267200	5.5	142360
231	-691588800	2.3	142360
231	-689083200	8.3	142360
231	-686404800	13.1	142360
231	-683812800	17.9	142360
231	-681134400	18.8	142360
231	-678542400	19.5	142360
231	-675864000	21	142360
231	-673185600	17.4	142360
231	-670593600	12.5	142360
231	-667915200	5.7	142360
231	-665323200	-0.5	142360
231	-662644800	3.2	142360
231	-659966400	3.9	142360
231	-657547200	4.5	142360
231	-654868800	14	142360
231	-652276800	16.3	142360
231	-649598400	18	142360
231	-647006400	21.6	142360
231	-644328000	20.2	142360
231	-641649600	18.9	142360
231	-639057600	13.3	142360
231	-636379200	7.6	142360
231	-633787200	3.9	142360
231	-631108800	-2	142360
231	-628430400	3.6	142360
231	-626011200	8.6	142360
231	-623332800	11.9	142360
231	-620740800	18.8	142360
231	-618062400	22.4	142360
231	-615470400	24.6	142360
231	-612792000	23.3	142360
231	-610113600	17.7	142360
231	-607521600	10.3	142360
231	-604843200	7.3	142360
231	-602251200	2.6	142360
231	-599572800	3.3	142360
231	-596894400	5.7	142360
231	-594475200	6.5	142360
231	-591796800	11.9	142360
231	-589204800	16.2	142360
231	-586526400	20	142360
231	-583934400	21	142360
231	-581256000	22.3	142360
231	-578577600	18.9	142360
231	-575985600	10.6	142360
231	-573307200	9.5	142360
231	-570715200	3	142360
231	-568036800	0.4	142360
231	-565358400	1	142360
231	-562852800	5.6	142360
231	-560174400	15	142360
231	-557582400	16.1	142360
231	-554904000	20.9	142360
231	-552312000	24.4	142360
231	-549633600	23.9	142360
231	-546955200	15.6	142360
231	-544363200	11.7	142360
231	-541684800	5.5	142360
231	-539092800	1.1	142360
231	-536414400	0.3	142360
231	-533736000	1.8	142360
231	-531316800	7.2	142360
231	-528638400	13.1	142360
231	-526046400	16.1	142360
231	-523368000	19.9	142360
231	-520776000	22.4	142360
231	-518097600	20	142360
231	-515419200	17.8	142360
231	-512827200	13.3	142360
231	-510148800	4.6	142360
231	-507556800	1.2	142360
231	-504878400	-4.1	142360
231	-502200000	-3.6	142360
231	-499780800	7.4	142360
231	-497102400	9.4	142360
231	-494510400	15	142360
231	-491832000	20.8	142360
231	-489240000	19.4	142360
231	-486561600	20.2	142360
231	-483883200	17.9	142360
231	-481291200	11.3	142360
231	-478612800	5.6	142360
231	-476020800	4.4	142360
231	-473342400	1.2	142360
231	-470664000	3.2	142360
231	-468244800	3.5	142360
231	-465566400	9.8	142360
231	-462974400	14.8	142360
231	-460296000	18.5	142360
231	-457704000	20.8	142360
231	-455025600	19.5	142360
231	-452347200	17	142360
231	-449755200	11.4	142360
231	-447076800	5	142360
231	-444484800	3.7	142360
231	-441806400	3.3	142360
231	-439128000	-7.1	142360
231	-436622400	3.3	142360
231	-433944000	10.8	142360
231	-431352000	16.8	142360
231	-428673600	18.1	142360
231	-426081600	22	142360
231	-423403200	20.6	142360
231	-420724800	18.2	142360
231	-418132800	11.4	142360
231	-415454400	3.2	142360
231	-412862400	0.6	142360
231	-410184000	-2.4	142360
231	-407505600	6.4	142360
231	-405086400	9.4	142360
231	-402408000	11.3	142360
231	-399816000	13.7	142360
231	-397137600	21.9	142360
231	-394545600	22	142360
231	-391867200	19.8	142360
231	-389188800	16.1	142360
231	-386596800	11.4	142360
231	-383918400	7.3	142360
231	-381326400	2.1	142360
231	-378648000	-1	142360
231	-375969600	5.4	142360
231	-373550400	3.4	142360
231	-370872000	9.5	142360
231	-368280000	20	142360
231	-365601600	19	142360
231	-363009600	23.3	142360
231	-360331200	22.9	142360
231	-357652800	18.3	142360
231	-355060800	12.9	142360
231	-352382400	7.1	142360
231	-349790400	5.1	142360
231	-347112000	2.1	142360
231	-344433600	0.9	142360
231	-342014400	10	142360
231	-339336000	12.7	142360
231	-336744000	16.5	142360
231	-334065600	19.1	142360
231	-331473600	22.8	142360
231	-328795200	20.7	142360
231	-326116800	16.4	142360
231	-323524800	11.3	142360
231	-320846400	7.1	142360
231	-318254400	5.5	142360
231	-315576000	0.6	142360
231	-312897600	3.1	142360
231	-310392000	7.4	142360
231	-307713600	11.5	142360
231	-305121600	15.8	142360
231	-302443200	20.9	142360
231	-299851200	20.1	142360
231	-297172800	21.6	142360
231	-294494400	16.6	142360
231	-291902400	13.7	142360
231	-289224000	9.2	142360
231	-286632000	5.2	142360
231	-283953600	0.4	142360
231	-281275200	5.2	142360
231	-278856000	10.4	142360
231	-276177600	15.1	142360
231	-273585600	15.3	142360
231	-270907200	20.7	142360
231	-268315200	20.5	142360
231	-265636800	21.5	142360
231	-262958400	19.8	142360
231	-260366400	13.9	142360
231	-257688000	7.5	142360
231	-255096000	1	142360
231	-252417600	1.2	142360
231	-249739200	2	142360
231	-247320000	3.6	142360
231	-244641600	12.5	142360
231	-242049600	15.4	142360
231	-239371200	18.1	142360
231	-236779200	20.3	142360
231	-234100800	23.3	142360
231	-231422400	16.9	142360
231	-228830400	12.9	142360
231	-226152000	5.4	142360
231	-223560000	-2	142360
231	-220881600	-4.8	142360
231	-218203200	-2.2	142360
231	-215784000	5.5	142360
231	-213105600	13.1	142360
231	-210513600	16.4	142360
231	-207835200	21.1	142360
231	-205243200	23.6	142360
231	-202564800	22.1	142360
231	-199886400	18.4	142360
231	-197294400	11.8	142360
231	-194616000	12.1	142360
231	-192024000	-2.6	142360
231	-189345600	-4.9	142360
231	-186667200	1.9	142360
231	-184161600	4.6	142360
231	-181483200	12.9	142360
231	-178891200	16.5	142360
231	-176212800	21.9	142360
231	-173620800	22.2	142360
231	-170942400	20.2	142360
231	-168264000	17.2	142360
231	-165672000	11.7	142360
231	-162993600	8.7	142360
231	-160401600	1.3	142360
231	-157723200	2.3	142360
231	-155044800	-0.5	142360
231	-152625600	7.4	142360
231	-149947200	10.6	142360
231	-147355200	15.2	142360
231	-144676800	20.1	142360
231	-142084800	21.5	142360
231	-139406400	19.4	142360
231	-136728000	17.6	142360
231	-134136000	11.8	142360
231	-131457600	4.8	142360
231	-128865600	3.9	142360
231	-126187200	-1.8	142360
231	-123508800	8.8	142360
231	-121089600	6.5	142360
231	-118411200	14.1	142360
231	-115819200	16.5	142360
231	-113140800	21	142360
231	-110548800	20.5	142360
231	-107870400	20.1	142360
231	-105192000	18	142360
231	-102600000	15.8	142360
231	-99921600	4.9	142360
231	-97329600	2.7	142360
231	-94651200	-0.3	142360
231	-91972800	4.2	142360
231	-89553600	8.7	142360
231	-86875200	11	142360
231	-84283200	17.4	142360
231	-81604800	19.3	142360
231	-79012800	23.7	142360
231	-76334400	21.7	142360
231	-73656000	18.4	142360
231	-71064000	13.7	142360
231	-68385600	7.1	142360
231	-65793600	0.8	142360
231	-63115200	-0.3	142360
231	-60436800	4.2	142360
231	-57931200	8.2	142360
231	-55252800	14.3	142360
231	-52660800	17	142360
231	-49982400	20	142360
231	-47390400	21.8	142360
231	-44712000	20	142360
231	-42033600	16.7	142360
231	-39441600	13.1	142360
231	-36763200	7.1	142360
231	-34171200	-1	142360
231	-31492800	-1	142360
231	-28814400	1.1	142360
231	-26395200	5	142360
231	-23716800	11.7	142360
231	-21124800	18.4	142360
231	-18446400	19.2	142360
231	-15854400	21.7	142360
231	-13176000	19.8	142360
231	-10497600	17.8	142360
231	-7905600	11.8	142360
231	-5227200	9.9	142360
231	-2635200	-1.9	142360
231	43200	0.1	142360
231	2721600	2.1	142360
231	5140800	5.5	142360
231	7819200	10.8	142360
231	10411200	14.4	142360
231	13089600	21.2	142360
231	15681600	21.5	142360
231	18360000	21.4	142360
231	21038400	17.4	142360
231	23630400	11.2	142360
231	26308800	9.6	142360
231	28900800	1.2	142360
231	31579200	0.7	142360
231	34257600	4.5	142360
231	36676800	3.9	142360
231	39355200	13.1	142360
231	41947200	17.9	142360
231	44625600	19.2	142360
231	47217600	22.8	142360
231	49896000	22.6	142360
231	52574400	15.3	142360
231	55166400	11.7	142360
231	57844800	6.3	142360
231	60436800	1.9	142360
231	63115200	-0.7	142360
231	65793600	5	142360
231	68299200	9.7	142360
231	70977600	11.7	142360
231	73569600	15.7	142360
231	76248000	20.5	142360
231	78840000	21.7	142360
231	81518400	20.4	142360
231	84196800	14.6	142360
231	86788800	10.8	142360
231	89467200	6.5	142360
231	92059200	1.9	142360
231	94737600	0.2	142360
231	97416000	3.3	142360
231	99835200	7	142360
231	102513600	9.7	142360
231	105105600	17.8	142360
231	107784000	20.2	142360
231	110376000	21.9	142360
231	113054400	21.6	142360
231	115732800	17.9	142360
231	118324800	10.5	142360
231	121003200	4.9	142360
231	123595200	2.5	142360
231	126273600	2.1	142360
231	128952000	7.1	142360
231	131371200	9.4	142360
231	134049600	11.4	142360
231	136641600	15.3	142360
231	139320000	18.5	142360
231	141912000	21.6	142360
231	144590400	22.7	142360
231	147268800	17.3	142360
231	149860800	8	142360
231	152539200	7.4	142360
231	155131200	4.5	142360
231	157809600	5.5	142360
231	160488000	3.1	142360
231	162907200	8.4	142360
231	165585600	12	142360
231	168177600	17.9	142360
231	170856000	18.9	142360
231	173448000	21.9	142360
231	176126400	20.6	142360
231	178804800	19.8	142360
231	181396800	11.2	142360
231	184075200	5.3	142360
231	186667200	2	142360
231	189345600	2.4	142360
231	192024000	1.6	142360
231	194529600	4.1	142360
231	197208000	11.9	142360
231	199800000	16.8	142360
231	202478400	19.7	142360
231	205070400	22.7	142360
231	207748800	18.3	142360
231	210427200	16	142360
231	213019200	11.8	142360
231	215697600	8.5	142360
231	218289600	1.7	142360
231	220968000	3.1	142360
231	223646400	6.2	142360
231	226065600	11	142360
231	228744000	10.5	142360
231	231336000	16.7	142360
231	234014400	20.8	142360
231	236606400	21.3	142360
231	239284800	20.8	142360
231	241963200	15.2	142360
231	244555200	12.8	142360
231	247233600	7	142360
231	249825600	0.8	142360
231	252504000	1.3	142360
231	255182400	2	142360
231	257601600	8.4	142360
231	260280000	10.7	142360
231	262872000	14.3	142360
231	265550400	19.3	142360
231	268142400	20.1	142360
231	270820800	19.6	142360
231	273499200	16.3	142360
231	276091200	11.4	142360
231	278769600	2.3	142360
231	281361600	2	142360
231	284040000	-0.4	142360
231	286718400	3	142360
231	289137600	9.1	142360
231	291816000	11	142360
231	294408000	17.8	142360
231	297086400	22	142360
231	299678400	20.5	142360
231	302356800	20.3	142360
231	305035200	17.3	142360
231	307627200	10.9	142360
231	310305600	7.1	142360
231	312897600	5.3	142360
231	315576000	-0.8	142360
231	318254400	4.1	142360
231	320760000	6.9	142360
231	323438400	9.5	142360
231	326030400	13.8	142360
231	328708800	19.4	142360
231	331300800	20.8	142360
231	333979200	21.3	142360
231	336657600	17	142360
231	339249600	11.7	142360
231	341928000	5.2	142360
231	344520000	0.5	142360
231	347198400	-0.6	142360
231	349876800	1.7	142360
231	352296000	10.3	142360
231	354974400	12.3	142360
231	357566400	16.4	142360
231	360244800	20.4	142360
231	362836800	21.9	142360
231	365515200	21.5	142360
231	368193600	17.7	142360
231	370785600	13.9	142360
231	373464000	6.3	142360
231	376056000	2	142360
231	378734400	-1	142360
231	381412800	0.6	142360
231	383832000	6.9	142360
231	386510400	9.5	142360
231	389102400	17.4	142360
231	391780800	21.1	142360
231	394372800	22.8	142360
231	397051200	21.3	142360
231	399729600	20	142360
231	402321600	12.8	142360
231	4.05e+08	7.3	142360
231	407592000	5	142360
231	410270400	4.2	142360
231	412948800	0.7	142360
231	415368000	8.7	142360
231	418046400	14.2	142360
231	420638400	18.1	142360
231	423316800	19.8	142360
231	425908800	24.5	142360
231	428587200	22	142360
231	431265600	17.8	142360
231	433857600	12.4	142360
231	436536000	4	142360
231	439128000	2.2	142360
231	441806400	1.4	142360
231	444484800	1.2	142360
231	446990400	6.2	142360
231	449668800	11.4	142360
231	452260800	14.8	142360
231	454939200	18.9	142360
231	457531200	20.1	142360
231	460209600	20.5	142360
231	462888000	17.3	142360
231	465480000	13.1	142360
231	468158400	7.2	142360
231	470750400	1.8	142360
231	473428800	-3.5	142360
231	476107200	-1.4	142360
231	478526400	6.1	142360
231	481204800	11.8	142360
231	483796800	17.8	142360
231	486475200	18.1	142360
231	489067200	22.6	142360
231	491745600	22.1	142360
231	494424000	18.3	142360
231	497016000	11.8	142360
231	499694400	4.3	142360
231	502286400	6.2	142360
231	504964800	2.1	142360
231	507643200	-2.2	142360
231	510062400	4.5	142360
231	512740800	12.9	142360
231	515332800	19.5	142360
231	518011200	18.8	142360
231	520603200	21.1	142360
231	523281600	22.5	142360
231	525960000	16.6	142360
231	528552000	11.9	142360
231	531230400	7.2	142360
231	533822400	0.6	142360
231	536500800	-1.9	142360
231	539179200	2.9	142360
231	541598400	2.7	142360
231	544276800	12.7	142360
231	546868800	15.1	142360
231	549547200	20	142360
231	552139200	23.8	142360
231	554817600	20.4	142360
231	557496000	21.1	142360
231	560088000	13.1	142360
231	562766400	6.2	142360
231	565358400	2.6	142360
231	568036800	4.9	142360
231	570715200	4.9	142360
231	573220800	6.8	142360
231	575899200	11.6	142360
231	578491200	17.1	142360
231	581169600	19.3	142360
231	583761600	23.9	142360
231	586440000	22.6	142360
231	589118400	17.7	142360
231	591710400	11.8	142360
231	594388800	2.7	142360
231	596980800	2.5	142360
231	599659200	-0.4	142360
231	602337600	4.7	142360
231	604756800	10.5	142360
231	607435200	12.8	142360
231	610027200	16	142360
231	612705600	18.2	142360
231	615297600	22.5	142360
231	617976000	21.5	142360
231	620654400	17.6	142360
231	623246400	12.8	142360
231	625924800	5.7	142360
231	628516800	4	142360
231	631195200	0.5	142360
231	633873600	7.9	142360
231	636292800	10.8	142360
231	638971200	11.1	142360
231	641563200	18.2	142360
231	644241600	19.6	142360
231	646833600	22.3	142360
231	649512000	22.2	142360
231	652190400	16.5	142360
231	654782400	13	142360
231	657460800	7	142360
231	660052800	2	142360
231	662731200	2.2	142360
231	665409600	-0.5	142360
231	667828800	9.8	142360
231	670507200	10.4	142360
231	673099200	13.6	142360
231	675777600	20.3	142360
231	678369600	23.7	142360
231	681048000	22.2	142360
231	683726400	19	142360
231	686318400	10.7	142360
231	688996800	7.3	142360
231	691588800	0	142360
231	694267200	2.3	142360
231	696945600	5.1	142360
231	699451200	7.8	142360
231	702129600	12.7	142360
231	704721600	17.6	142360
231	707400000	20.7	142360
231	709992000	23.2	142360
231	712670400	26.5	142360
231	715348800	18.7	142360
231	717940800	11.7	142360
231	720619200	8.2	142360
231	723211200	2.1	142360
231	725889600	2.5	142360
231	728568000	1.6	142360
231	730987200	6.7	142360
231	733665600	12.9	142360
231	736257600	19.6	142360
231	738936000	21.1	142360
231	741528000	22.4	142360
231	744206400	23.1	142360
231	746884800	17.2	142360
231	749476800	13.4	142360
231	752155200	3.1	142360
231	754747200	3	142360
231	757425600	4.6	142360
231	760104000	3.3	142360
231	762523200	11.2	142360
231	765201600	12.2	142360
231	767793600	17.3	142360
231	770472000	20.9	142360
231	773064000	24.6	142360
231	775742400	24.1	142360
231	778420800	20	142360
231	781012800	10.7	142360
231	783691200	9.2	142360
231	786283200	3.2	142360
231	788961600	1.3	142360
231	791640000	6.7	142360
231	794059200	6.2	142360
231	796737600	13	142360
231	799329600	16.5	142360
231	802008000	19.1	142360
231	804600000	24.5	142360
231	807278400	21.1	142360
231	809956800	16.3	142360
231	812548800	13.8	142360
231	815227200	6	142360
231	817819200	1.8	142360
231	820497600	-0.6	142360
231	823176000	0	142360
231	825681600	4.1	142360
231	828360000	12	142360
231	830952000	17.9	142360
231	833630400	21.6	142360
231	836222400	20.9	142360
231	838900800	21.5	142360
231	841579200	14.5	142360
231	844171200	13.1	142360
231	846849600	9.1	142360
231	849441600	-0.5	142360
231	852120000	-0.9	142360
231	854798400	5.3	142360
231	857217600	7.8	142360
231	859896000	9.2	142360
231	862488000	18.2	142360
231	865166400	21.1	142360
231	867758400	22.1	142360
231	870436800	22.4	142360
231	873115200	18	142360
231	875707200	10.9	142360
231	878385600	6.9	142360
231	880977600	3.9	142360
231	883656000	4.5	142360
231	886334400	7	142360
231	888753600	6	142360
231	891432000	13.5	142360
231	894024000	17.4	142360
231	896702400	21.8	142360
231	899294400	23.1	142360
231	901972800	23.2	142360
231	904651200	17.4	142360
231	907243200	13.1	142360
231	909921600	5	142360
231	912513600	-1.7	142360
231	915192000	1.7	142360
231	917870400	3.2	142360
231	920289600	9.6	142360
231	922968000	13.5	142360
231	925560000	17.4	142360
231	928238400	20.7	142360
231	930830400	22.4	142360
231	933508800	21.6	142360
231	936187200	19.7	142360
231	938779200	13	142360
231	941457600	4.6	142360
231	944049600	2.9	142360
231	946728000	-0.2	142360
231	949406400	6.5	142360
231	951912000	8.9	142360
231	954590400	15.4	142360
231	957182400	18.5	142360
231	959860800	22.3	142360
231	962452800	21.5	142360
231	965131200	24.4	142360
231	967809600	17.8	142360
231	970401600	14.2	142360
231	973080000	10.5	142360
231	975672000	5.8	142360
231	978350400	4.6	142360
231	981028800	5.9	142360
231	983448000	10.9	142360
231	986126400	11.8	142360
231	988718400	18.7	142360
231	991396800	19.1	142360
231	993988800	22.9	142360
231	996667200	23.6	142360
231	999345600	15	142360
231	1001937600	15.4	142360
231	1004616000	4.7	142360
231	1007208000	-0.7	142360
231	1009886400	2.2	142360
231	1012564800	7.6	142360
231	1014984000	10.4	142360
231	1017662400	11.4	142360
231	1020254400	18.9	142360
231	1022932800	21.9	142360
231	1025524800	22.5	142360
231	1028203200	21.6	142360
231	1030881600	16.1	142360
231	1033473600	12.3	142360
231	1036152000	10.8	142360
231	1038744000	2.7	142360
231	1041422400	0.5	142360
231	1044100800	-0.1	142360
231	1046520000	8.9	142360
231	1049198400	11.9	142360
231	1051790400	20.4	142360
231	1054468800	24.5	142360
231	1057060800	23.6	142360
231	1059739200	25.8	142360
231	1062417600	17	142360
231	1065009600	10.1	142360
231	1067688000	9.4	142360
231	1070280000	3	142360
231	1072958400	0.9	142360
231	1075636800	4.1	142360
231	1078142400	6.7	142360
231	1080820800	12.4	142360
231	1083412800	15.6	142360
231	1086091200	19.6	142360
231	1088683200	21.7	142360
231	1091361600	21.7	142360
231	1094040000	17.1	142360
231	1096632000	13.9	142360
231	1099310400	7.7	142360
231	1101902400	2.9	142360
231	1104580800	2	142360
231	1107259200	-0.1	142360
231	1109678400	6.8	142360
231	1112356800	12.7	142360
231	1114948800	17.5	142360
231	1117627200	20.5	142360
231	1120219200	22.1	142360
231	1122897600	19.2	142360
231	1125576000	17.5	142360
231	1128168000	13.1	142360
231	1130846400	6	142360
231	1133438400	2.6	142360
231	1136116800	-0.1	142360
231	1138795200	2.8	142360
231	1141214400	6.4	142360
231	1143892800	13.5	142360
231	1146484800	16.7	142360
231	1149163200	21.2	142360
231	1151755200	24.6	142360
231	1154433600	19.3	142360
231	1157112000	18.8	142360
231	1159704000	14.6	142360
231	1162382400	9.9	142360
231	1164974400	5.2	142360
231	1167652800	7.5	142360
231	1170331200	8.1	142360
231	1172750400	10.2	142360
231	1175428800	15.9	142360
231	1178020800	18.8	142360
231	1180699200	22.7	142360
231	1183291200	23.8	142360
231	1185969600	22.1	142360
231	1188648000	15.5	142360
231	1191240000	11.2	142360
231	1193918400	6.1	142360
231	1196510400	1.4	142360
231	1199188800	3.8	142360
231	1201867200	6.8	142360
231	1204372800	8.3	142360
231	1207051200	13	142360
231	1209643200	18.3	142360
231	1212321600	21.6	142360
231	1214913600	22.7	142360
231	1217592000	22.5	142360
231	1220270400	16.4	142360
231	1222862400	13.7	142360
231	1225540800	8.9	142360
231	1228132800	4.2	142360
231	1230811200	-0.1	142360
231	1233489600	3.9	142360
231	1235908800	8.3	142360
231	1238587200	15.6	142360
231	1241179200	19.2	142360
231	1243857600	20.1	142360
231	1246449600	23.1	142360
231	1249128000	23.6	142360
231	1251806400	19.7	142360
231	1254398400	12.7	142360
231	1257076800	9	142360
231	1259668800	4	142360
231	1262347200	0.2	142360
231	1265025600	3.4	142360
231	1267444800	7.7	142360
231	1270123200	13.1	142360
231	1272715200	16.7	142360
231	1275393600	21	142360
231	1277985600	24	142360
231	1280664000	21.7	142360
231	1283342400	15.8	142360
231	1285934400	10.4	142360
231	1288612800	9.8	142360
231	1291204800	1.4	142360
231	1293883200	2.8	142360
231	1296561600	2.5	142360
231	1298980800	8.4	142360
231	1301659200	14.9	142360
231	1304251200	17.9	142360
231	1306929600	21.5	142360
231	1309521600	22.7	142360
231	1312200000	24.1	142360
231	1314878400	21.2	142360
231	1317470400	11.6	142360
231	1320148800	4.1	142360
231	1322740800	4.7	142360
231	1325419200	3.6	142360
231	1328097600	-0.5	142360
231	1330603200	11.3	142360
231	1333281600	13.3	142360
231	1335873600	17.6	142360
231	1338552000	22.7	142360
231	1341144000	24.8	142360
231	1343822400	25.3	142360
231	1346500800	18.9	142360
231	1349092800	12.7	142360
231	1351771200	9.9	142360
231	1354363200	2.6	142360
231	1357041600	2.3	142360
231	1359720000	2.7	142360
231	1362139200	5.6	142360
231	1364817600	13.9	142360
231	1367409600	16.6	142360
231	1370088000	20.7	142360
231	1372680000	24.4	142360
231	1375358400	23.8	142360
231	1378036800	16.8	142360
231	1380628800	14.2	142360
231	1383307200	8	142360
231	1385899200	4.2	142360
231	1388577600	6	142360
231	1391256000	5.9	142360
231	1393675200	11.7	142360
231	1396353600	14.2	142360
231	1398945600	16.3	142360
231	1401624000	20.9	142360
231	1404216000	22.4	142360
231	1406894400	20.9	142360
231	1409572800	17	142360
231	1412164800	14.4	142360
231	1414843200	9.7	142360
231	1417435200	5.3	142360
231	1420113600	4.1	142360
231	1422792000	3.4	142360
231	1425211200	8.9	142360
231	1427889600	13	142360
231	1430481600	18.1	142360
232	-599572800	2.9	142400
232	-596894400	5	142400
232	-594475200	6.2	142400
232	-591796800	11.1	142400
232	-589204800	15.6	142400
232	-586526400	19.1	142400
232	-583934400	19.9	142400
232	-581256000	21.2	142400
232	-578577600	17.9	142400
232	-575985600	9.9	142400
232	-573307200	8.1	142400
232	-570715200	2.2	142400
232	-568036800	-0.4	142400
232	-565358400	-0.4	142400
232	-562852800	4.8	142400
232	-560174400	14.1	142400
232	-557582400	15.4	142400
232	-554904000	20	142400
232	-552312000	23	142400
232	-549633600	23	142400
232	-546955200	14.8	142400
232	-544363200	10.8	142400
232	-541684800	4.4	142400
232	-539092800	0.7	142400
232	-536414400	-0.2	142400
232	-533736000	0.4	142400
232	-531316800	5.4	142400
232	-528638400	12.1	142400
232	-526046400	15.1	142400
232	-523368000	19.3	142400
232	-520776000	21.4	142400
232	-518097600	19	142400
232	-515419200	16.5	142400
232	-512827200	12.8	142400
232	-510148800	3.6	142400
232	-507556800	0.6	142400
232	-504878400	-4.8	142400
232	-502200000	-4.5	142400
232	-499780800	6.5	142400
232	-497102400	8.7	142400
232	-494510400	14.3	142400
232	-491832000	20.3	142400
232	-489240000	18.5	142400
232	-486561600	19	142400
232	-483883200	16.7	142400
232	-481291200	10.2	142400
232	-478612800	4.8	142400
232	-476020800	3.3	142400
232	-473342400	1.2	142400
232	-470664000	2.5	142400
232	-468244800	2.7	142400
232	-465566400	8.6	142400
232	-462974400	14	142400
232	-460296000	17.9	142400
232	-457704000	20.2	142400
232	-455025600	19	142400
232	-452347200	15.8	142400
232	-449755200	10.5	142400
232	-447076800	4.4	142400
232	-444484800	3.2	142400
232	-441806400	3.1	142400
232	-439128000	-8.2	142400
232	-436622400	2.7	142400
232	-433944000	10.6	142400
232	-431352000	16.1	142400
232	-428673600	17.5	142400
232	-426081600	21.1	142400
232	-423403200	19.8	142400
232	-420724800	16.7	142400
232	-418132800	9.7	142400
232	-415454400	2.8	142400
232	-412862400	0.2	142400
232	-410184000	-3.7	142400
232	-407505600	5.3	142400
232	-405086400	8	142400
232	-402408000	10.4	142400
232	-399816000	12.8	142400
232	-397137600	20.9	142400
232	-394545600	21	142400
232	-391867200	18.5	142400
232	-389188800	15.2	142400
232	-386596800	10.1	142400
232	-383918400	6.4	142400
232	-381326400	1.6	142400
232	-378648000	1.7	142400
232	-375969600	4.7	142400
232	-373550400	2.8	142400
232	-370872000	8.8	142400
232	-368280000	19.2	142400
232	-365601600	18.5	142400
232	-363009600	21.5	142400
232	-360331200	20.8	142400
232	-357652800	16.2	142400
232	-355060800	11.5	142400
232	-352382400	6.5	142400
232	-349790400	3.8	142400
232	-347112000	0.6	142400
232	-344433600	-0.6	142400
232	-342014400	8.8	142400
232	-339336000	11.7	142400
232	-336744000	15.4	142400
232	-334065600	17.9	142400
232	-331473600	21	142400
232	-328795200	19.3	142400
232	-326116800	14.4	142400
232	-323524800	8.9	142400
232	-320846400	5.9	142400
232	-318254400	4.6	142400
232	-315576000	-1.1	142400
232	-312897600	2.4	142400
232	-310392000	6.5	142400
232	-307713600	10.4	142400
232	-305121600	14.2	142400
232	-302443200	19.2	142400
232	-299851200	18.2	142400
232	-297172800	19.6	142400
232	-294494400	18.4	142400
232	-291902400	12.4	142400
232	-289224000	7.6	142400
232	-286632000	4	142400
232	-283953600	-0.9	142400
232	-281275200	3.5	142400
232	-278856000	8	142400
232	-276177600	13.9	142400
232	-273585600	13.9	142400
232	-270907200	19.1	142400
232	-268315200	18.6	142400
232	-265636800	19	142400
232	-262958400	17.3	142400
232	-260366400	12.3	142400
232	-257688000	6.4	142400
232	-255096000	0.1	142400
232	-252417600	-0.3	142400
232	-249739200	1.2	142400
232	-247320000	2.8	142400
232	-244641600	10.7	142400
232	-242049600	14	142400
232	-239371200	16.4	142400
232	-236779200	18.6	142400
232	-234100800	20.8	142400
232	-231422400	15	142400
232	-228830400	11	142400
232	-226152000	4.8	142400
232	-223560000	-3.2	142400
232	-220881600	-6.2	142400
232	-218203200	-3.1	142400
232	-215784000	4	142400
232	-213105600	11.8	142400
232	-210513600	15.1	142400
232	-207835200	19.6	142400
232	-205243200	21.8	142400
232	-202564800	20.6	142400
232	-199886400	16.6	142400
232	-197294400	10.2	142400
232	-194616000	10.2	142400
232	-192024000	-3.4	142400
232	-189345600	-7	142400
232	-186667200	0.3	142400
232	-184161600	3.8	142400
232	-181483200	11.2	142400
232	-178891200	14.8	142400
232	-176212800	20.4	142400
232	-173620800	20.1	142400
232	-170942400	18.4	142400
232	-168264000	15.4	142400
232	-165672000	10.4	142400
232	-162993600	7.4	142400
232	-160401600	0.7	142400
232	-157723200	1.6	142400
232	-155044800	-1.5	142400
232	-152625600	6.2	142400
232	-149947200	9.2	142400
232	-147355200	14	142400
232	-144676800	18.7	142400
232	-142084800	19.7	142400
232	-139406400	17.4	142400
232	-136728000	15.9	142400
232	-134136000	9.4	142400
232	-131457600	3.8	142400
232	-128865600	3.2	142400
232	-126187200	-3	142400
232	-123508800	7.6	142400
232	-121089600	5.1	142400
232	-118411200	12.5	142400
232	-115819200	15	142400
232	-113140800	19.4	142400
232	-110548800	18.9	142400
232	-107870400	18.3	142400
232	-105192000	15.8	142400
232	-102600000	14.2	142400
232	-99921600	4	142400
232	-97329600	1.3	142400
232	-94651200	-2.2	142400
232	-91972800	2.7	142400
232	-89553600	7.4	142400
232	-86875200	9.7	142400
232	-84283200	16	142400
232	-81604800	17.9	142400
232	-79012800	21.7	142400
232	-76334400	19.5	142400
232	-73656000	16.9	142400
232	-71064000	11.7	142400
232	-68385600	5.8	142400
232	-65793600	-0.3	142400
232	-63115200	-1.7	142400
232	-60436800	3.5	142400
232	-57931200	6.6	142400
232	-55252800	12.3	142400
232	-52660800	15.8	142400
232	-49982400	18.9	142400
232	-47390400	20.2	142400
232	-44712000	18.5	142400
232	-42033600	15.1	142400
232	-39441600	11.3	142400
232	-36763200	6.3	142400
232	-34171200	-1.5	142400
232	-31492800	-1.9	142400
232	-28814400	-0.2	142400
232	-26395200	4.4	142400
232	-23716800	9.8	142400
232	-21124800	16.7	142400
232	-18446400	17.6	142400
232	-15854400	18.9	142400
232	-13176000	17.9	142400
232	-10497600	16	142400
232	-7905600	9.2	142400
232	-5227200	9.2	142400
232	-2635200	-3.6	142400
232	43200	-0.9	142400
232	2721600	1.1	142400
232	5140800	4.8	142400
232	7819200	9.5	142400
232	10411200	13.1	142400
232	13089600	19.6	142400
232	15681600	19.7	142400
232	18360000	20	142400
232	21038400	15.6	142400
232	23630400	9.8	142400
232	26308800	8.3	142400
232	28900800	0.3	142400
232	31579200	-0.9	142400
232	34257600	3.9	142400
232	36676800	3.1	142400
232	39355200	11.6	142400
232	41947200	16.5	142400
232	44625600	18.1	142400
232	47217600	21	142400
232	49896000	21.2	142400
232	52574400	13.6	142400
232	55166400	10	142400
232	57844800	4.6	142400
232	60436800	0.9	142400
232	63115200	-1	142400
232	65793600	4.4	142400
232	68299200	8.5	142400
232	70977600	11.1	142400
232	73569600	14.8	142400
232	76248000	19.2	142400
232	78840000	20.9	142400
232	81518400	19.3	142400
232	84196800	13.6	142400
232	86788800	9.6	142400
232	89467200	5.3	142400
232	92059200	1.3	142400
232	94737600	-0.6	142400
232	97416000	2.6	142400
232	99835200	5.6	142400
232	102513600	9.1	142400
232	105105600	16.2	142400
232	107784000	18.8	142400
232	110376000	20.3	142400
232	113054400	19.8	142400
232	115732800	16.8	142400
232	118324800	9.5	142400
232	121003200	3.6	142400
232	123595200	1.1	142400
232	126273600	1.5	142400
232	128952000	6.6	142400
232	131371200	8.1	142400
232	134049600	9.7	142400
232	136641600	14.3	142400
232	139320000	17	142400
232	141912000	19.7	142400
232	144590400	21	142400
232	147268800	16.3	142400
232	149860800	7	142400
232	152539200	6.2	142400
232	155131200	3.2	142400
232	157809600	4.6	142400
232	160488000	2.4	142400
232	162907200	7.5	142400
232	165585600	10.5	142400
232	168177600	16.6	142400
232	170856000	17.8	142400
232	173448000	20.2	142400
232	176126400	19.7	142400
232	178804800	18.5	142400
232	181396800	10.1	142400
232	184075200	4.5	142400
232	186667200	1.2	142400
232	189345600	1.4	142400
232	192024000	1	142400
232	194529600	2.4	142400
232	197208000	11.2	142400
232	199800000	14.8	142400
232	202478400	18.1	142400
232	205070400	20.8	142400
232	207748800	16.9	142400
232	210427200	15	142400
232	213019200	11.1	142400
232	215697600	7.5	142400
232	218289600	0.8	142400
232	220968000	2.3	142400
232	223646400	5.6	142400
232	226065600	9.4	142400
232	228744000	9.1	142400
232	231336000	15.2	142400
232	234014400	19.1	142400
232	236606400	20	142400
232	239284800	19.5	142400
232	241963200	14.4	142400
232	244555200	11.8	142400
232	247233600	6.4	142400
232	249825600	-0.3	142400
232	252504000	0.7	142400
232	255182400	0.9	142400
232	257601600	7.4	142400
232	260280000	9.4	142400
232	262872000	13.2	142400
232	265550400	17.7	142400
232	268142400	18.6	142400
232	270820800	18	142400
232	273499200	15.1	142400
232	276091200	10.5	142400
232	278769600	1.8	142400
232	281361600	1.1	142400
232	284040000	-1.9	142400
232	286718400	2.7	142400
232	289137600	8.3	142400
232	291816000	9.6	142400
232	294408000	15.5	142400
232	297086400	20.8	142400
232	299678400	18.9	142400
232	302356800	18.6	142400
232	305035200	15.9	142400
232	307627200	9.8	142400
232	310305600	6.1	142400
232	312897600	4.4	142400
232	315576000	-1.8	142400
232	318254400	3.3	142400
232	320760000	6.1	142400
232	323438400	8.8	142400
232	326030400	13	142400
232	328708800	17.9	142400
232	331300800	19.2	142400
232	333979200	20	142400
232	336657600	16	142400
232	339249600	10.8	142400
232	341928000	4.2	142400
232	344520000	-1	142400
232	347198400	-2.4	142400
232	349876800	0.9	142400
232	352296000	9.2	142400
232	354974400	10.7	142400
232	357566400	15.1	142400
232	360244800	18.9	142400
232	362836800	19.6	142400
232	365515200	19.9	142400
232	368193600	16.9	142400
232	370785600	12.9	142400
232	373464000	4.9	142400
232	376056000	0.8	142400
232	378734400	-1.8	142400
232	381412800	-0.3	142400
232	383832000	5.7	142400
232	386510400	8.4	142400
232	389102400	15.5	142400
232	391780800	19.7	142400
232	394372800	21.2	142400
232	397051200	19.8	142400
232	399729600	19	142400
232	402321600	12.1	142400
232	4.05e+08	6	142400
232	407592000	4.3	142400
232	410270400	3.3	142400
232	412948800	-0.8	142400
232	415368000	7.4	142400
232	418046400	13	142400
232	420638400	16.6	142400
232	423316800	18.5	142400
232	425908800	22.6	142400
232	428587200	20.7	142400
232	431265600	16.6	142400
232	433857600	11.3	142400
232	436536000	2.7	142400
232	439128000	0.9	142400
232	441806400	0.5	142400
232	444484800	0.7	142400
232	446990400	5.5	142400
232	449668800	10.3	142400
232	452260800	13.9	142400
232	454939200	17.4	142400
232	457531200	18.8	142400
232	460209600	19	142400
232	462888000	16.4	142400
232	465480000	12.4	142400
232	468158400	5.8	142400
232	470750400	1.3	142400
232	473428800	-5.4	142400
232	476107200	-3.3	142400
232	478526400	5.4	142400
232	481204800	10.5	142400
232	483796800	16.4	142400
232	486475200	16.7	142400
232	489067200	20.5	142400
232	491745600	20.1	142400
232	494424000	16.7	142400
232	497016000	10.4	142400
232	499694400	3.3	142400
232	502286400	5.2	142400
232	504964800	0.9	142400
232	507643200	-3	142400
232	510062400	3.5	142400
232	512740800	11.3	142400
232	515332800	17.9	142400
232	518011200	17.6	142400
232	520603200	19.3	142400
232	523281600	20.8	142400
232	525960000	15.6	142400
232	528552000	10.2	142400
232	531230400	5.8	142400
232	533822400	-0.1	142400
232	536500800	-3.1	142400
232	539179200	1.9	142400
232	541598400	2	142400
232	544276800	11.1	142400
232	546868800	14	142400
232	549547200	18.6	142400
232	552139200	21.6	142400
232	554817600	19	142400
232	557496000	19.6	142400
232	560088000	12.2	142400
232	562766400	5	142400
232	565358400	1.4	142400
232	568036800	3.7	142400
232	570715200	4.1	142400
232	573220800	6	142400
232	575899200	10.3	142400
232	578491200	15.7	142400
232	581169600	18.2	142400
232	583761600	22.1	142400
232	586440000	20.9	142400
232	589118400	16.4	142400
232	591710400	10.8	142400
232	594388800	1.5	142400
232	596980800	1.2	142400
232	599659200	-0.8	142400
232	602337600	4.4	142400
232	604756800	9.4	142400
232	607435200	12	142400
232	610027200	14.7	142400
232	612705600	17.1	142400
232	615297600	20.9	142400
232	617976000	20.2	142400
232	620654400	16.2	142400
232	623246400	10.8	142400
232	625924800	4.3	142400
232	628516800	2.9	142400
232	631195200	-0.1	142400
232	633873600	7	142400
232	636292800	9.8	142400
232	638971200	10.2	142400
232	641563200	16.4	142400
232	644241600	18.4	142400
232	646833600	20.3	142400
232	649512000	20.8	142400
232	652190400	14.9	142400
232	654782400	11.6	142400
232	657460800	5.7	142400
232	660052800	1.1	142400
232	662731200	1.9	142400
232	665409600	-2	142400
232	667828800	8.8	142400
232	670507200	9.3	142400
232	673099200	12.1	142400
232	675777600	18.6	142400
232	678369600	22.1	142400
232	681048000	20.8	142400
232	683726400	17.3	142400
232	686318400	9.8	142400
232	688996800	6.1	142400
232	691588800	-1.2	142400
232	694267200	1.9	142400
232	696945600	4.2	142400
232	699451200	7	142400
232	702129600	11.5	142400
232	704721600	16.1	142400
232	707400000	19.7	142400
232	709992000	21.3	142400
232	712670400	24.5	142400
232	715348800	17.7	142400
232	717940800	10.8	142400
232	720619200	7	142400
232	723211200	1.4	142400
232	725889600	1.5	142400
232	728568000	0.9	142400
232	730987200	6	142400
232	733665600	11.8	142400
232	736257600	18.2	142400
232	738936000	19.7	142400
232	741528000	20.7	142400
232	744206400	21.3	142400
232	746884800	16.2	142400
232	749476800	12.7	142400
232	752155200	2.2	142400
232	754747200	2.1	142400
232	757425600	3.8	142400
232	760104000	3	142400
232	762523200	10.6	142400
232	765201600	11.3	142400
232	767793600	16.1	142400
232	770472000	19.8	142400
232	773064000	23	142400
232	775742400	22.5	142400
232	778420800	19	142400
232	781012800	9.7	142400
232	783691200	7.9	142400
232	786283200	2.3	142400
232	788961600	1.2	142400
232	791640000	6.1	142400
232	794059200	6	142400
232	796737600	11.9	142400
232	799329600	15.5	142400
232	802008000	18.2	142400
232	804600000	22.9	142400
232	807278400	20	142400
232	809956800	15.7	142400
232	812548800	12.5	142400
232	815227200	5.1	142400
232	817819200	1.6	142400
232	820497600	-0.7	142400
232	823176000	-0.6	142400
232	825681600	4	142400
232	828360000	11	142400
232	830952000	17.3	142400
232	833630400	20.4	142400
232	836222400	19.6	142400
232	838900800	20.7	142400
232	841579200	14.1	142400
232	844171200	12.2	142400
232	846849600	8.3	142400
232	849441600	-0.9	142400
233	-562852800	4.8	142410
233	-560174400	14.1	142410
233	-557582400	14.3	142410
233	-554904000	19.7	142410
233	-552312000	23.1	142410
233	-549633600	22.6	142410
233	-546955200	15.4	142410
233	-544363200	11.4	142410
233	-541684800	4.9	142410
233	-539092800	0.3	142410
233	-536414400	-0.2	142410
233	-533736000	1	142410
5785	-4607323200	-2.6	110207
5785	-4604644800	-2.5	110207
5785	-4602139200	2.3	110207
5785	-4599460800	5.9	110207
5785	-4596868800	11.6	110207
5785	-4594190400	10.1	110207
5785	-4591598400	17.3	110207
5785	-4588920000	16.9	110207
5785	-4586241600	14.8	110207
5785	-4583649600	9.2	110207
5785	-4580971200	4.3	110207
5785	-4578379200	3	110207
5788	1262347200	-2.4	112400
5788	1265025600	-0.1	112400
5788	1267444800	5.5	112400
5788	1270123200	10.5	112400
5788	1272715200	15.9	112400
5788	1275393600	19.7	112400
5788	1277985600	22.9	112400
5788	1280664000	19.5	112400
5788	1283342400	14.2	112400
5788	1285934400	8.1	112400
5788	1288612800	6.4	112400
5788	1291204800	-3.5	112400
5796	1309521600	17.5	117820
5796	1312200000	19.4	117820
5796	1314878400	15.6	117820
5796	1317470400	8.9	117820
5796	1320148800	2.5	117820
5796	1322740800	2.3	117820
5796	1325419200	-0.3	117820
5796	1328097600	-5.7	117820
5796	1330603200	5.2	117820
5796	1333281600	10	117820
5796	1335873600	15.1	117820
5796	1338552000	18.1	117820
5796	1341144000	20.1	117820
5796	1343822400	19.4	117820
5796	1346500800	14.9	117820
5796	1349092800	8.9	117820
5796	1351771200	6.7	117820
5796	1354363200	-1.5	117820
5796	1357041600	-2.5	117820
5796	1359720000	-0.4	117820
5796	1362139200	0.4	117820
5796	1364817600	9	117820
5796	1367409600	13.7	117820
5796	1370088000	16.9	117820
5796	1372680000	19.9	117820
5796	1375358400	19.2	117820
5796	1378036800	12.4	117820
5796	1380628800	10.4	117820
5796	1383307200	5.4	117820
5796	1385899200	2.3	117820
5796	1388577600	0.4	117820
5796	1391256000	3.9	117820
5796	1393675200	7	117820
5796	1396353600	10.4	117820
5796	1398945600	13.2	117820
5796	1401624000	16.7	117820
5796	1404216000	20.1	117820
5796	1406894400	17.3	117820
5796	1409572800	15.1	117820
5796	1412164800	10.5	117820
5796	1414843200	6.9	117820
5796	1417435200	1.6	117820
5796	1420113600	1.3	117820
5796	1422792000	0.7	117820
5796	1425211200	5	117820
5796	1427889600	8.8	117820
5796	1430481600	13.2	117820
5797	1262347200	-2.3	118580
5797	1265025600	0.7	118580
5797	1267444800	6.3	118580
5797	1270123200	11.2	118580
5797	1272715200	15.6	118580
5797	1275393600	19.8	118580
5797	1277985600	23	118580
5797	1280664000	20.2	118580
5797	1283342400	14.4	118580
5797	1285934400	8.3	118580
5797	1288612800	8.1	118580
5797	1291204800	-1.5	118580
5797	1293883200	-0.4	118580
5797	1296561600	-0.3	118580
5797	1298980800	6.6	118580
5797	1301659200	13.3	118580
5797	1304251200	16.5	118580
5797	1306929600	20.5	118580
5797	1309521600	20.3	118580
5797	1312200000	21.6	118580
5797	1314878400	18.1	118580
5797	1317470400	9.9	118580
5797	1320148800	2.9	118580
5797	1322740800	2.8	118580
5797	1325419200	1.7	118580
5797	1328097600	-2.9	118580
5797	1330603200	7.4	118580
5797	1333281600	12.2	118580
5797	1335873600	18	118580
5797	1338552000	21.3	118580
5797	1341144000	23	118580
5797	1343822400	22.2	118580
5797	1346500800	17.3	118580
5797	1349092800	10.7	118580
5797	1351771200	7.8	118580
5797	1354363200	-0.6	118580
5797	1357041600	-0.4	118580
5797	1359720000	1.8	118580
5797	1362139200	3.6	118580
5797	1364817600	12.5	118580
5797	1367409600	16.2	118580
5797	1370088000	19.6	118580
5797	1372680000	22.7	118580
5797	1375358400	22.1	118580
5797	1378036800	14.8	118580
5797	1380628800	12.1	118580
5797	1383307200	6.9	118580
5797	1385899200	2.5	118580
5797	1388577600	2.9	118580
5797	1391256000	4.7	118580
5797	1393675200	9.3	118580
5797	1396353600	12.6	118580
5797	1398945600	15.8	118580
5797	1401624000	20	118580
5797	1404216000	22.2	118580
5797	1406894400	19.5	118580
5797	1409572800	16.9	118580
5797	1412164800	12.4	118580
5798	-363009600	19	119030
5798	-360331200	17.9	119030
5798	-357652800	13.6	119030
5798	-355060800	8.9	119030
5798	-352382400	4.4	119030
5798	-349790400	-0.4	119030
5798	-347112000	-3	119030
5798	-344433600	-3.2	119030
5798	-342014400	5.5	119030
5798	-339336000	8.5	119030
5798	-336744000	12.7	119030
5798	-334065600	16.1	119030
5798	-331473600	19.6	119030
5798	-328795200	17.4	119030
5798	-326116800	11	119030
5798	-323524800	6.2	119030
5798	-320846400	3.1	119030
5798	-318254400	2.5	119030
5798	-315576000	-4.1	119030
5798	-312897600	-2.2	119030
5798	-310392000	4.7	119030
5798	-307713600	8.4	119030
5798	-305121600	13	119030
5798	-302443200	16.6	119030
5798	-299851200	16.7	119030
5798	-297172800	16.7	119030
5798	-294494400	12.1	119030
5798	-291902400	9.7	119030
5798	-289224000	5.8	119030
5798	-286632000	2.8	119030
5798	-283953600	-3.2	119030
5798	-281275200	-1.5	119030
5798	-278856000	5.3	119030
5798	-276177600	11	119030
5798	-273585600	11.4	119030
5798	-270907200	17.5	119030
5798	-268315200	16.5	119030
5798	-265636800	17.2	119030
5798	-262958400	15	119030
5798	-260366400	10.8	119030
5798	-257688000	4.4	119030
5798	-255096000	-4	119030
5798	-252417600	-1.6	119030
5798	-249739200	-1.6	119030
5798	-247320000	0.1	119030
5798	-244641600	9.6	119030
5798	-242049600	11.4	119030
5798	-239371200	14.8	119030
5798	-236779200	16.4	119030
5798	-234100800	18.1	119030
5798	-231422400	11.7	119030
5798	-228830400	7.9	119030
5798	-226152000	5.3	119030
5798	-223560000	-5.3	119030
5798	-220881600	-8.4	119030
5798	-218203200	-6.6	119030
5798	-215784000	-0.5	119030
5798	-213105600	9.9	119030
5798	-210513600	13.8	119030
5798	-207835200	17.3	119030
5798	-205243200	19.7	119030
5798	-202564800	18	119030
5798	-199886400	14.6	119030
5798	-197294400	7.8	119030
5798	-194616000	6.4	119030
5798	-192024000	-5.8	119030
5798	-189345600	-8.8	119030
5798	-186667200	-2.4	119030
5798	-184161600	1.2	119030
5798	-181483200	9.4	119030
5798	-178891200	13.4	119030
5798	-176212800	19.6	119030
5798	-173620800	18.2	119030
5798	-170942400	16.5	119030
5798	-168264000	12.6	119030
5798	-165672000	8.7	119030
5798	-162993600	4.6	119030
5798	-160401600	-0.9	119030
5798	-157723200	-3	119030
5798	-155044800	-5.6	119030
5798	-152625600	2.4	119030
5798	-149947200	7.1	119030
5798	-147355200	11.6	119030
5798	-144676800	16.1	119030
5798	-142084800	16.8	119030
5798	-139406400	14.8	119030
5798	-136728000	13.4	119030
5798	-134136000	6.5	119030
5798	-131457600	0.4	119030
5798	-128865600	-2.4	119030
5798	-126187200	-6.1	119030
5798	-123508800	3.6	119030
5798	-121089600	3	119030
5798	-118411200	10.4	119030
5798	-115819200	13.4	119030
5798	-113140800	16.4	119030
5798	-110548800	16.8	119030
5798	-107870400	16.6	119030
5798	-105192000	12.9	119030
5798	-102600000	12.2	119030
5798	-99921600	4.1	119030
5798	-97329600	-2	119030
5798	-94651200	-4.5	119030
5798	-91972800	-2	119030
5798	-89553600	4.2	119030
5798	-86875200	8.4	119030
5798	-84283200	14.1	119030
5798	-81604800	16.2	119030
5798	-79012800	20.3	119030
5798	-76334400	17.5	119030
5798	-73656000	15.4	119030
5798	-71064000	10.1	119030
5798	-68385600	3	119030
5798	-65793600	-4	119030
5798	-63115200	-7.2	119030
5798	-60436800	0.9	119030
5798	-57931200	3.8	119030
5798	-55252800	9.5	119030
5798	-52660800	13.7	119030
5798	-49982400	17.8	119030
5798	-47390400	17.8	119030
5798	-44712000	17.1	119030
5798	-42033600	14	119030
5798	-39441600	8.3	119030
5798	-36763200	4.6	119030
5798	-34171200	-5.9	119030
5798	-31492800	-6.6	119030
5798	-28814400	-1.4	119030
5798	-26395200	1.1	119030
5798	-23716800	7.5	119030
5798	-21124800	15.6	119030
5798	-18446400	16.5	119030
5798	-15854400	18.8	119030
5798	-13176000	16.8	119030
5798	-10497600	13.9	119030
5798	-7905600	8.7	119030
5798	-5227200	5.2	119030
5798	-2635200	-3.7	119030
5798	43200	-2.7	119030
5798	2721600	-3	119030
5798	5140800	0.5	119030
5798	7819200	7.7	119030
5798	10411200	12.5	119030
5798	13089600	17.3	119030
5798	15681600	17.9	119030
5798	18360000	16.9	119030
5798	21038400	12	119030
5798	23630400	7.4	119030
5798	26308800	5.5	119030
5798	28900800	-0.5	119030
5798	31579200	-4.2	119030
5798	34257600	0.3	119030
5798	36676800	0.9	119030
5798	39355200	8.8	119030
5798	41947200	15.3	119030
5798	44625600	15.1	119030
5798	47217600	18	119030
5798	49896000	18.1	119030
5798	52574400	11.1	119030
5798	55166400	6.9	119030
5798	57844800	2.7	119030
5798	60436800	1.2	119030
5798	63115200	-3.4	119030
5798	65793600	1.9	119030
5798	68299200	5	119030
5798	70977600	9.6	119030
5798	73569600	12.9	119030
5798	76248000	17.3	119030
5798	78840000	18.9	119030
5798	81518400	16.6	119030
5798	84196800	10.6	119030
5798	86788800	6.2	119030
5798	89467200	2.8	119030
5798	92059200	-1.2	119030
5798	94737600	-3	119030
5798	97416000	0.7	119030
5798	99835200	3.5	119030
5798	102513600	7.1	119030
5798	105105600	13.6	119030
5798	107784000	16.4	119030
5798	110376000	17.6	119030
5798	113054400	18.2	119030
5798	115732800	14.6	119030
5798	118324800	7	119030
5798	121003200	0.2	119030
5798	123595200	-3.8	119030
5798	126273600	-0.7	119030
5798	128952000	3.4	119030
5798	131371200	6.3	119030
5798	134049600	8	119030
5798	136641600	12.5	119030
5798	139320000	14.5	119030
5798	141912000	17.1	119030
5798	144590400	19.5	119030
5798	147268800	13.6	119030
5798	149860800	5.9	119030
5798	152539200	3.9	119030
5798	155131200	0	119030
5798	157809600	0.9	119030
5798	160488000	-1.3	119030
5798	162907200	5.1	119030
5798	165585600	8.7	119030
5798	168177600	15.2	119030
5798	170856000	17.1	119030
5798	173448000	18.6	119030
5798	176126400	17.8	119030
5798	178804800	15.8	119030
5798	181396800	8.3	119030
5798	184075200	1	119030
5798	186667200	-0.2	119030
5798	189345600	-2.2	119030
5798	192024000	-1	119030
5798	194529600	0.4	119030
5798	197208000	9	119030
5798	199800000	12.8	119030
5798	202478400	16.6	119030
5798	205070400	19.3	119030
5798	207748800	14.9	119030
5798	210427200	12.6	119030
5798	213019200	9.5	119030
5798	215697600	5.2	119030
5798	218289600	-1.5	119030
5798	220968000	-2	119030
5798	223646400	0.3	119030
5798	226065600	5.8	119030
5798	228744000	7.6	119030
5798	231336000	13.9	119030
5798	234014400	17	119030
5798	236606400	17.1	119030
5798	239284800	16.8	119030
5798	241963200	11.8	119030
5798	244555200	9.1	119030
5798	247233600	3.4	119030
5798	249825600	-3.1	119030
5798	252504000	-2.4	119030
5798	255182400	-2.2	119030
5798	257601600	3.8	119030
5798	260280000	7.5	119030
5798	262872000	12	119030
5798	265550400	15.6	119030
5798	268142400	16.2	119030
5798	270820800	15.4	119030
5798	273499200	11.8	119030
5798	276091200	8.9	119030
5798	278769600	1.4	119030
5798	281361600	-0.6	119030
5798	284040000	-5.2	119030
5798	286718400	-1.5	119030
5798	289137600	4.4	119030
5798	291816000	7.5	119030
5798	294408000	14.6	119030
5798	297086400	19.1	119030
5798	299678400	16.5	119030
5798	302356800	17.2	119030
5798	305035200	14	119030
5798	307627200	6.5	119030
5798	310305600	3.5	119030
5798	312897600	1.5	119030
5798	315576000	-6.1	119030
5798	318254400	-1.3	119030
5798	320760000	2.6	119030
5798	323438400	6.3	119030
5798	326030400	11.6	119030
5798	328708800	16.1	119030
5798	331300800	17.2	119030
5798	333979200	16.9	119030
5798	336657600	12.3	119030
5798	339249600	8.2	119030
5798	341928000	1.7	119030
5798	344520000	-1.9	119030
5798	347198400	-5.7	119030
5798	349876800	-0.7	119030
5798	352296000	5.7	119030
5798	354974400	7.9	119030
5798	357566400	13.9	119030
5798	360244800	17.9	119030
5798	362836800	18	119030
5798	365515200	17.3	119030
5798	368193600	14.3	119030
5798	370785600	9.6	119030
5798	373464000	2.8	119030
5798	376056000	-3.4	119030
5798	378734400	-8.3	119030
5798	381412800	-4	119030
5798	383832000	3.2	119030
5798	386510400	6.6	119030
5798	389102400	14.6	119030
5798	391780800	17.1	119030
5798	394372800	18.8	119030
5798	397051200	18.8	119030
5798	399729600	16.9	119030
5798	402321600	9.8	119030
5798	4.05e+08	4	119030
5798	407592000	0.9	119030
5798	410270400	1.8	119030
5798	412948800	-2	119030
5798	415368000	4.6	119030
5798	418046400	10.5	119030
5798	420638400	15.1	119030
5798	423316800	17.3	119030
5798	425908800	21.1	119030
5798	428587200	18.6	119030
5798	431265600	14.5	119030
5798	433857600	8	119030
5798	436536000	-0.2	119030
5798	439128000	-2.3	119030
5798	441806400	-1.9	119030
5798	444484800	-1.1	119030
5798	446990400	2.4	119030
5798	449668800	8.8	119030
5798	452260800	13.7	119030
5798	454939200	14.8	119030
5798	457531200	16.6	119030
5798	460209600	17.6	119030
5798	462888000	13.8	119030
5798	465480000	10.3	119030
5798	468158400	3.6	119030
5798	470750400	-2.8	119030
5798	473428800	-9.4	119030
5798	476107200	-6.1	119030
5798	478526400	3.3	119030
5798	481204800	8.6	119030
5798	483796800	14.2	119030
5798	486475200	14.5	119030
5798	489067200	18.5	119030
5798	491745600	17.9	119030
5798	494424000	12.7	119030
5798	497016000	7.4	119030
5798	499694400	1.1	119030
5798	502286400	2.3	119030
5798	504964800	-3.5	119030
5798	507643200	-4.1	119030
5798	510062400	2.5	119030
5798	512740800	10.5	119030
5798	515332800	15.7	119030
5798	518011200	16.9	119030
5798	520603200	18.3	119030
5798	523281600	18.3	119030
5798	525960000	13	119030
5798	528552000	7.3	119030
5798	531230400	3.1	119030
5798	533822400	-3.9	119030
5798	536500800	-7.4	119030
5798	539179200	-1.5	119030
5798	541598400	-1.4	119030
5798	544276800	8.5	119030
5798	546868800	12.5	119030
5798	549547200	17.2	119030
5798	552139200	20.6	119030
5798	554817600	15.9	119030
5798	557496000	15.2	119030
5798	560088000	9.6	119030
5798	562766400	3.6	119030
5798	565358400	-0.1	119030
5798	568036800	0.6	119030
5798	570715200	1.3	119030
5798	573220800	1.9	119030
5798	575899200	8.2	119030
5798	578491200	14.6	119030
5798	581169600	16.3	119030
5798	583761600	20.1	119030
5798	586440000	18.1	119030
5798	589118400	14.1	119030
5798	591710400	7.8	119030
5798	594388800	-1.9	119030
5798	596980800	0.1	119030
5798	599659200	-2.2	119030
5798	602337600	1.6	119030
5798	604756800	5.9	119030
5798	607435200	10.5	119030
5798	610027200	14.2	119030
5798	612705600	15.5	119030
5798	615297600	18.4	119030
5798	617976000	17.7	119030
5798	620654400	14.8	119030
5798	623246400	8.7	119030
5798	625924800	1.6	119030
5798	628516800	-2.9	119030
5798	631195200	-1.4	119030
5798	633873600	2.1	119030
5798	636292800	6.3	119030
5798	638971200	8.5	119030
5798	641563200	14	119030
5798	644241600	16	119030
5798	646833600	17.9	119030
5798	649512000	18.9	119030
5798	652190400	11.4	119030
5798	654782400	8.1	119030
5798	657460800	4.4	119030
5798	660052800	-2.1	119030
5798	662731200	-2.8	119030
5798	665409600	-5.2	119030
5798	667828800	5.1	119030
5798	670507200	7	119030
5798	673099200	11.4	119030
5798	675777600	16.3	119030
5798	678369600	20	119030
5798	681048000	17.7	119030
5798	683726400	14.5	119030
5798	686318400	7.5	119030
5798	688996800	3.9	119030
5798	691588800	-4.3	119030
5798	694267200	-1.6	119030
5798	696945600	-1.6	119030
5798	699451200	3.2	119030
5798	702129600	9.4	119030
5798	704721600	14.4	119030
5798	707400000	18.7	119030
5798	709992000	19.5	119030
5798	712670400	22.6	119030
5798	715348800	13.4	119030
5798	717940800	7.4	119030
5798	720619200	3.4	119030
5798	723211200	-2.4	119030
5798	725889600	-2.8	119030
5798	728568000	-3.3	119030
5798	730987200	2.3	119030
5798	733665600	9.3	119030
5798	736257600	16.3	119030
5798	738936000	17.1	119030
5798	741528000	17.7	119030
5798	744206400	18.8	119030
5798	746884800	13.2	119030
5798	749476800	11	119030
5798	752155200	1.2	119030
5798	754747200	1.2	119030
5798	757425600	0.8	119030
5798	760104000	0.2	119030
5798	762523200	5.7	119030
5798	765201600	9.4	119030
5798	767793600	13.7	119030
5798	770472000	17.6	119030
5798	773064000	21.7	119030
5798	775742400	19.1	119030
5798	778420800	15.8	119030
5798	781012800	6.7	119030
5798	783691200	4	119030
5798	786283200	-0.1	119030
5798	788961600	-3	119030
5798	791640000	2.2	119030
5798	794059200	4.3	119030
5798	796737600	8.7	119030
5798	799329600	13.3	119030
5798	802008000	16.8	119030
5798	804600000	21.3	119030
5798	807278400	18	119030
5798	809956800	12.6	119030
5798	812548800	9.3	119030
5798	815227200	0.4	119030
5798	817819200	-1.3	119030
5798	820497600	-3.7	119030
5798	823176000	-4.6	119030
5798	825681600	0.4	119030
5798	828360000	9.4	119030
5798	830952000	15.4	119030
5798	833630400	18	119030
5798	836222400	16.9	119030
5798	838900800	18	119030
5798	841579200	10.9	119030
5798	844171200	8.8	119030
5798	846849600	5.4	119030
5798	849441600	-4.7	119030
5798	852120000	-3.6	119030
5798	854798400	-1	119030
5798	857217600	2.7	119030
5798	859896000	5.8	119030
5798	862488000	14.2	119030
5798	865166400	17.6	119030
5798	867758400	18	119030
5798	870436800	18.8	119030
5798	873115200	13.4	119030
5798	875707200	5.6	119030
5798	878385600	3.6	119030
5798	880977600	1.1	119030
5798	883656000	0.7	119030
5798	886334400	2.3	119030
5798	888753600	2.3	119030
5798	891432000	9.7	119030
5798	894024000	13.5	119030
5798	896702400	18.6	119030
5798	899294400	19.2	119030
5798	901972800	18.9	119030
5798	904651200	13.6	119030
5798	907243200	9.5	119030
5798	909921600	0.7	119030
5798	912513600	-5.9	119030
5798	915192000	-1.7	119030
5798	917870400	-1.8	119030
5798	920289600	4.5	119030
5798	922968000	10.3	119030
5798	925560000	13.7	119030
5798	928238400	18	119030
5798	930830400	19.8	119030
5798	933508800	17.6	119030
5798	936187200	16.5	119030
5798	938779200	8.3	119030
5798	941457600	2.3	119030
5798	944049600	-2.6	119030
5798	946728000	-4.8	119030
5798	949406400	0	119030
5798	951912000	3.4	119030
5798	954590400	11.8	119030
5798	957182400	15.5	119030
5798	959860800	18.4	119030
5798	962452800	17.4	119030
5798	965131200	19.9	119030
5798	967809600	13.4	119030
5798	970401600	11.1	119030
5798	973080000	6.8	119030
5798	975672000	0.4	119030
5798	978350400	-1.4	119030
5798	981028800	-0.7	119030
5798	983448000	4.4	119030
5798	986126400	8.7	119030
5798	988718400	15.6	119030
5798	991396800	16.4	119030
5798	993988800	20	119030
5798	996667200	20.1	119030
5798	999345600	12.7	119030
5798	1001937600	11.4	119030
5798	1004616000	1.6	119030
5798	1007208000	-7.3	119030
5798	1009886400	-4.3	119030
5798	1012564800	1.8	119030
5798	1014984000	5	119030
5798	1017662400	8.7	119030
5798	1020254400	16.6	119030
5798	1022932800	18.6	119030
5798	1025524800	20.8	119030
5798	1028203200	19.1	119030
5798	1030881600	13.1	119030
5798	1033473600	7.4	119030
5798	1036152000	4.8	119030
5798	1038744000	-3.5	119030
5798	1041422400	-4.1	119030
5798	1044100800	-5.9	119030
5798	1046520000	3.1	119030
5798	1049198400	8.1	119030
5798	1051790400	16.7	119030
5798	1054468800	19.8	119030
5798	1057060800	20.3	119030
5798	1059739200	20.2	119030
5798	1062417600	14.3	119030
5798	1065009600	6	119030
5798	1067688000	4.7	119030
5798	1070280000	-1.4	119030
5798	1072958400	-6.1	119030
5798	1075636800	-0.3	119030
5798	1078142400	3.3	119030
5798	1080820800	10.1	119030
5798	1083412800	12.5	119030
5798	1086091200	16.5	119030
5798	1088683200	18.4	119030
5798	1091361600	18.4	119030
5798	1094040000	13.3	119030
5798	1096632000	9.9	119030
5798	1099310400	4.3	119030
5798	1101902400	-0.9	119030
5798	1104580800	-3.2	119030
5798	1107259200	-5.8	119030
5798	1109678400	0.5	119030
5798	1112356800	9.9	119030
5798	1114948800	14.6	119030
5798	1117627200	17.1	119030
5798	1120219200	19.3	119030
5798	1122897600	17.5	119030
5798	1125576000	15.1	119030
5798	1128168000	8.8	119030
5798	1130846400	1.6	119030
5798	1133438400	-2.2	119030
5798	1136116800	-7.7	119030
5798	1138795200	-3.7	119030
5798	1141214400	0.7	119030
5798	1143892800	10.2	119030
5798	1146484800	13.3	119030
5798	1149163200	17.8	119030
5798	1151755200	21.4	119030
5798	1154433600	17.1	119030
5798	1157112000	15.9	119030
5798	1159704000	9.7	119030
5798	1162382400	5.9	119030
5798	1164974400	0.1	119030
5798	1167652800	2	119030
5798	1170331200	2.6	119030
5798	1172750400	6.2	119030
5798	1175428800	10.6	119030
5798	1178020800	10.6	119030
5798	1180699200	19	119030
5798	1183291200	20.1	119030
5798	1185969600	19.7	119030
5798	1188648000	11.9	119030
5798	1191240000	7.9	119030
5798	1193918400	1.9	119030
5798	1196510400	-3.2	119030
5798	1199188800	-0.6	119030
5798	1201867200	0.8	119030
5798	1204372800	3.7	119030
5798	1207051200	9.7	119030
5798	1209643200	14.8	119030
5798	1212321600	18.9	119030
5798	1214913600	19.3	119030
5798	1217592000	19.3	119030
5798	1220270400	13.7	119030
5798	1222862400	9.9	119030
5798	1225540800	5	119030
5798	1228132800	1.4	119030
5798	1230811200	-4.7	119030
5799	-2997864000	-4.8	119271
5799	-2995185600	-11.7	119271
5799	-2992766400	-5	119271
5799	-2990088000	3.1	119271
5799	-2987496000	11.1	119271
5799	-2984817600	18	119271
5799	-2982225600	15.7	119271
5799	-2979547200	15.9	119271
5799	-2976868800	9.5	119271
5799	-2974276800	5.8	119271
5799	-2971598400	-0.2	119271
5799	-2969006400	-6.3	119271
5799	-2966328000	-10.1	119271
5799	-2963649600	-3.3	119271
5799	-2961144000	2.6	119271
5799	-2958465600	9.8	119271
5799	-2955873600	7.6	119271
5799	-2953195200	15.5	119271
5799	-2950603200	15.8	119271
5799	-2947924800	15.4	119271
5799	-2945246400	11.1	119271
5799	-2942654400	8	119271
5799	-2939976000	-2.2	119271
5799	-2937384000	0.2	119271
5799	-2934705600	-0.8	119271
5799	-2932027200	-2.5	119271
5799	-2929608000	-0.5	119271
5799	-2926929600	4.8	119271
5799	-2924337600	9.4	119271
5799	-2921659200	15.6	119271
5799	-2919067200	15.8	119271
5799	-2916388800	16.4	119271
5799	-2913710400	8.9	119271
5799	-2911118400	4.7	119271
5799	-2908440000	2.5	119271
5799	-2905848000	-3.5	119271
5799	-2903169600	-5.3	119271
5799	-2900491200	-1.8	119271
5799	-2898072000	-1.3	119271
5799	-2895393600	7.2	119271
5799	-2892801600	11.7	119271
5799	-2890123200	14.8	119271
5799	-2887531200	15	119271
5799	-2884852800	15.7	119271
5799	-2882174400	13.5	119271
5799	-2879582400	9	119271
5799	-2876904000	3.6	119271
5799	-2874312000	-4.1	119271
5799	-2871633600	-4.4	119271
5799	-2868955200	0.5	119271
5799	-2866536000	-1	119271
5799	-2863857600	7.2	119271
5799	-2861265600	10.2	119271
5799	-2858587200	16.3	119271
5799	-2855995200	14.2	119271
5799	-2853316800	15.6	119271
5799	-2850638400	13.7	119271
5799	-2848046400	5.8	119271
5799	-2845368000	-2.2	119271
5799	-2842776000	-13.5	119271
5799	-2840097600	-8.5	119271
5799	-2837419200	-6.4	119271
5799	-2834913600	1.9	119271
5799	-2832235200	8.6	119271
5799	-2829643200	11.2	119271
5799	-2826964800	15.3	119271
5799	-2824372800	18.1	119271
5799	-2821694400	14.9	119271
5799	-2819016000	12.7	119271
5799	-2816424000	7	119271
5799	-2813745600	2.4	119271
5799	-2811153600	-0.3	119271
5799	-2808475200	-9.5	119271
5799	-2805796800	-4	119271
5799	-2803377600	0	119271
5799	-2800699200	3.8	119271
5799	-2798107200	11.4	119271
5799	-2795428800	14.2	119271
5799	-2792836800	17	119271
5799	-2790158400	16.2	119271
5799	-2787480000	10.8	119271
5799	-2784888000	4.8	119271
5799	-2782209600	0.4	119271
5799	-2779617600	-3.4	119271
5799	-2776939200	-2.4	119271
5799	-2774260800	-3.3	119271
5799	-2771841600	4.3	119271
5799	-2769163200	7.1	119271
5799	-2766571200	11.5	119271
5799	-2763892800	12.7	119271
5799	-2761300800	17.6	119271
5799	-2758622400	13.9	119271
5799	-2755944000	13.6	119271
5799	-2753352000	7.9	119271
5799	-2750673600	1.3	119271
5799	-2748081600	-0.7	119271
5799	-2745403200	-5.6	119271
5799	-2742724800	-3.1	119271
5799	-2740305600	-4.7	119271
5799	-2737627200	4.1	119271
5799	-2735035200	11	119271
5799	-2732356800	15.3	119271
5799	-2729764800	16.2	119271
5799	-2727086400	14.4	119271
5799	-2724408000	12.1	119271
5799	-2721816000	7.5	119271
5799	-2719137600	1	119271
5799	-2716545600	-4.9	119271
5799	-2713867200	-3.9	119271
5799	-2711188800	-1.8	119271
5799	-2708683200	1.5	119271
5799	-2706004800	5.3	119271
5799	-2703412800	11.9	119271
5799	-2700734400	13	119271
5799	-2698142400	16.6	119271
5799	-2695464000	14	119271
5799	-2692785600	11.9	119271
5799	-2690193600	6	119271
5799	-2687515200	-1.6	119271
5799	-2684923200	-1	119271
5799	-2682244800	-7.5	119271
5799	-2679566400	-0.8	119271
5799	-2677147200	2	119271
5799	-2674468800	8.6	119271
5799	-2671876800	10.3	119271
5799	-2669198400	15.9	119271
5799	-2666606400	16.6	119271
5799	-2663928000	13.2	119271
5799	-2661249600	12.5	119271
5799	-2658657600	7.9	119271
5799	-2655979200	1.7	119271
5799	-2653387200	-6	119271
5799	-2650708800	-4	119271
5799	-2648030400	-7.7	119271
5799	-2645611200	-3.5	119271
5799	-2642932800	8.2	119271
5799	-2640340800	11.7	119271
5799	-2637662400	14.1	119271
5799	-2635070400	14.9	119271
5799	-2632392000	15.7	119271
5799	-2629713600	12.6	119271
5799	-2627121600	8.2	119271
5799	-2624443200	3	119271
5799	-2621851200	-0.1	119271
5799	-2619172800	-7.7	119271
5799	-2616494400	-7.1	119271
5799	-2614075200	-0.3	119271
5799	-2611396800	6.1	119271
5799	-2608804800	11.1	119271
5799	-2606126400	12.7	119271
5799	-2603534400	17.2	119271
5799	-2600856000	14.1	119271
5799	-2598177600	12.6	119271
5799	-2595585600	4.9	119271
5799	-2592907200	3.1	119271
5799	-2590315200	-4.3	119271
5799	-2587636800	-9.9	119271
5799	-2584958400	-6.5	119271
5799	-2582452800	0.4	119271
5799	-2579774400	5.8	119271
5799	-2577182400	11.3	119271
5799	-2574504000	15	119271
5799	-2571912000	14.7	119271
5799	-2569233600	15	119271
5799	-2566555200	12	119271
5799	-2563963200	6.3	119271
5799	-2561284800	-0.7	119271
5799	-2558692800	-2	119271
5799	-2556014400	-5.1	119271
5799	-2553336000	-5.4	119271
5799	-2550916800	-2.2	119271
5799	-2548238400	6.3	119271
5799	-2545646400	14.7	119271
5799	-2542968000	17.6	119271
5799	-2540376000	16.4	119271
5799	-2537697600	15.2	119271
5799	-2535019200	9.3	119271
5799	-2532427200	9.8	119271
5799	-2529748800	1	119271
5799	-2527156800	-5.5	119271
5799	-2524478400	-1.6	119271
5799	-2521800000	-8.8	119271
5799	-2519380800	1.7	119271
5799	-2516702400	7.8	119271
5799	-2514110400	13.8	119271
5799	-2511432000	12.9	119271
5799	-2508840000	16.5	119271
5799	-2506161600	18	119271
5799	-2503483200	11.5	119271
5799	-2500891200	5.1	119271
5799	-2498212800	1.9	119271
5799	-2495620800	-8.4	119271
5799	-2492942400	-8.5	119271
5799	-2490264000	-6.2	119271
5799	-2487844800	0.8	119271
5799	-2485166400	4.2	119271
5799	-2482574400	13.8	119271
5799	-2479896000	13.5	119271
5799	-2477304000	15.8	119271
5799	-2474625600	14.8	119271
5799	-2471947200	12.2	119271
5799	-2469355200	9.2	119271
5799	-2466676800	0.8	119271
5799	-2464084800	-1.6	119271
5799	-2461406400	-4.9	119271
5799	-2458728000	-3.4	119271
5799	-2456222400	-0.8	119271
5799	-2453544000	6.4	119271
5799	-2450952000	12	119271
5799	-2448273600	15.4	119271
5799	-2445681600	15.3	119271
5799	-2443003200	17.9	119271
5799	-2440324800	14.2	119271
5799	-2437732800	7.5	119271
5799	-2435054400	-1.2	119271
5799	-2432462400	-6.9	119271
5799	-2429784000	-12.1	119271
5799	-2427105600	-1.7	119271
5799	-2424686400	-0.3	119271
5799	-2422008000	4.4	119271
5799	-2419416000	10.9	119271
5799	-2416737600	14	119271
5799	-2414145600	16	119271
5799	-2411467200	14.7	119271
5799	-2408788800	11	119271
5799	-2406196800	8.8	119271
5799	-2403518400	0.3	119271
5799	-2400926400	-0.9	119271
5799	-2398248000	-6.6	119271
5799	-2395569600	-2.9	119271
5799	-2393150400	3	119271
5799	-2390472000	9.5	119271
5799	-2387880000	12.6	119271
5799	-2385201600	11.9	119271
5799	-2382609600	17.1	119271
5799	-2379931200	15.4	119271
5799	-2377252800	9.7	119271
5799	-2374660800	7.8	119271
5799	-2371982400	1.9	119271
5799	-2369390400	-3.8	119271
5799	-2366712000	-3.4	119271
5799	-2364033600	-8.3	119271
5799	-2361614400	-1	119271
5799	-2358936000	6.9	119271
5799	-2356344000	11.8	119271
5799	-2353665600	14.9	119271
5799	-2351073600	17.6	119271
5799	-2348395200	15	119271
5799	-2345716800	12.1	119271
5799	-2343124800	7.2	119271
5799	-2340446400	2.4	119271
5799	-2337854400	-3.9	119271
5799	-2335176000	-9.3	119271
5799	-2332497600	-4.3	119271
5799	-2329992000	1.7	119271
5799	-2327313600	3.8	119271
5799	-2324721600	11.2	119271
5799	-2322043200	15.4	119271
5799	-2319451200	16.9	119271
5799	-2316772800	14.4	119271
5799	-2314094400	12.4	119271
5799	-2311502400	11	119271
5799	-2308824000	-0.3	119271
5799	-2306232000	-2.8	119271
5799	-2303553600	-3.6	119271
5799	-2300875200	-3.2	119271
5799	-2298456000	3	119271
5799	-2295777600	6.5	119271
5799	-2293185600	10.8	119271
5799	-2290507200	15.6	119271
5799	-2287915200	16.3	119271
5799	-2285236800	16.5	119271
5799	-2282558400	12.3	119271
5799	-2279966400	5.9	119271
5799	-2277288000	-1.2	119271
5799	-2274696000	-6.5	119271
5799	-2272017600	-2.8	119271
5799	-2269339200	-1.8	119271
5799	-2266920000	2.9	119271
5799	-2264241600	7.7	119271
5799	-2261649600	12.4	119271
5799	-2258971200	13.3	119271
5799	-2256379200	13.9	119271
5799	-2253700800	15.8	119271
5799	-2251022400	10.4	119271
5799	-2248430400	7.6	119271
5799	-2245752000	4.8	119271
5799	-2243160000	-0.1	119271
5799	-2240481600	-1.1	119271
5799	-2237803200	-2.5	119271
5799	-2235384000	0.2	119271
5799	-2232705600	7.1	119271
5799	-2230113600	11.8	119271
5799	-2227435200	12.6	119271
5799	-2224843200	15.9	119271
5799	-2222164800	13.8	119271
5799	-2219486400	11.5	119271
5799	-2216894400	5.9	119271
5799	-2214216000	2.2	119271
5799	-2211624000	-4.1	119271
5799	-2208945600	-1.6	119271
5799	-2206267200	0.9	119271
5799	-2203848000	-1.4	119271
5799	-2201169600	5.4	119271
5799	-2198577600	10.7	119271
5799	-2195899200	14.8	119271
5799	-2193307200	17.6	119271
5799	-2190628800	15.5	119271
5799	-2187950400	11.7	119271
5799	-2185358400	7.1	119271
5799	-2182680000	4.2	119271
5799	-2180088000	-1.2	119271
5818	1028203200	20.6	129420
5818	1030881600	15.6	129420
5818	1033473600	11.5	129420
5818	1036152000	8.3	129420
5818	1038744000	0.2	129420
5818	1041422400	-2.1	129420
5818	1044100800	-3.5	129420
5818	1046520000	6.4	129420
5818	1049198400	10.5	129420
5818	1051790400	19.7	129420
5818	1054468800	23.6	129420
5818	1057060800	22.3	129420
5818	1059739200	24.5	129420
5818	1062417600	16.9	129420
5818	1065009600	8.8	129420
5818	1067688000	7.5	129420
5818	1070280000	1	129420
5818	1072958400	-1.7	129420
5818	1075636800	2.1	129420
5818	1078142400	5.3	129420
5818	1080820800	11.3	129420
5818	1083412800	14.5	129420
5818	1086091200	18.7	129420
5818	1088683200	21.1	129420
5818	1091361600	21	129420
5818	1094040000	15.8	129420
5818	1096632000	12.8	129420
5818	1099310400	6.1	129420
5818	1101902400	1.4	129420
5818	1104580800	0.7	129420
5818	1107259200	-2.1	129420
5818	1109678400	4.3	129420
5818	1112356800	10.9	129420
5818	1114948800	16.3	129420
5818	1117627200	19.1	129420
5818	1120219200	20.8	129420
5818	1122897600	18.7	129420
5818	1125576000	16.9	129420
5818	1128168000	11.5	129420
5818	1130846400	4.4	129420
5818	1133438400	0.9	129420
5818	1136116800	-2.2	129420
5818	1138795200	0.2	129420
5818	1141214400	4.6	129420
5818	1143892800	12.6	129420
5818	1146484800	15.6	129420
5818	1149163200	19.4	129420
5818	1151755200	23.5	129420
5818	1154433600	18.7	129420
5818	1157112000	17.8	129420
5818	1159704000	13.3	129420
5818	1162382400	8	129420
5818	1164974400	2.7	129420
5818	1167652800	5.9	129420
5818	1170331200	5.1	129420
5818	1172750400	7.1	129420
5818	1175428800	11.9	129420
5818	1178020800	16.7	129420
5818	1180699200	21.6	129420
5818	1183291200	23.4	129420
5818	1185969600	22.1	129420
5818	1188648000	14.8	129420
5818	1191240000	10.5	129420
5818	1193918400	3.7	129420
5818	1196510400	-0.5	129420
5818	1199188800	1.2	129420
5818	1201867200	5.1	129420
5818	1204372800	6.8	129420
5818	1207051200	11.9	129420
5818	1209643200	17.4	129420
5818	1212321600	20.8	129420
5818	1214913600	21.2	129420
5818	1217592000	21.9	129420
5818	1220270400	15.6	129420
5818	1222862400	12.9	129420
5818	1225540800	7	129420
5818	1228132800	2.9	129420
5818	1230811200	-1.8	129420
5818	1233489600	1.4	129420
5818	1235908800	6.3	129420
5818	1238587200	14.6	129420
5818	1241179200	17.4	129420
5818	1243857600	18.5	129420
5818	1246449600	22.5	129420
5818	1249128000	22.8	129420
5818	1251806400	19.4	129420
5818	1254398400	11.6	129420
5818	1257076800	7.7	129420
5818	1259668800	2.3	129420
5818	1262347200	-1.8	129420
5818	1265025600	0.9	129420
5818	1267444800	6.3	129420
5818	1270123200	11.6	129420
5818	1272715200	15.7	129420
5818	1275393600	19.5	129420
5818	1277985600	22.9	129420
5818	1280664000	20.9	129420
5818	1283342400	14.6	129420
5818	1285934400	8.5	129420
5818	1288612800	8.4	129420
5818	1291204800	-0.4	129420
5818	1293883200	0.7	129420
5818	1296561600	0.3	129420
5818	1298980800	6.3	129420
5818	1301659200	13.3	129420
5818	1304251200	16.4	129420
5818	1306929600	20.6	129420
5818	1309521600	21.5	129420
5818	1312200000	22.6	129420
5818	1314878400	20.3	129420
5818	1317470400	11	129420
5818	1320148800	2.1	129420
5818	1322740800	2.9	129420
5818	1325419200	1.9	129420
5818	1328097600	-3.3	129420
5818	1330603200	9.4	129420
5818	1333281600	12	129420
5818	1335873600	16.7	129420
5818	1338552000	21.5	129420
5818	1341144000	24.1	129420
5818	1343822400	24.5	129420
5818	1346500800	18.8	129420
5818	1349092800	11.8	129420
5818	1351771200	8	129420
5818	1354363200	0.4	129420
5818	1357041600	1.1	129420
5818	1359720000	2.1	129420
5818	1362139200	3.9	129420
5818	1364817600	12.6	129420
5818	1367409600	15.7	129420
5818	1370088000	19.3	129420
5818	1372680000	23.2	129420
5818	1375358400	22.9	129420
5818	1378036800	15.6	129420
5818	1380628800	13.3	129420
5818	1383307200	7.1	129420
5818	1385899200	1.4	129420
5818	1388577600	3	129420
5818	1391256000	4.2	129420
5818	1393675200	9.8	129420
5818	1396353600	12.7	129420
5818	1398945600	15.3	129420
5818	1401624000	20.2	129420
5818	1404216000	21.5	129420
5818	1406894400	20.4	129420
5818	1409572800	16.6	129420
5818	1412164800	12.9	129420
5818	1414843200	7.5	129420
5818	1417435200	3.4	129420
5818	1420113600	2.5	129420
5818	1422792000	2	129420
5818	1425211200	6.9	129420
5818	1427889600	11.8	129420
5818	1430481600	16.4	129420
5829	-528638400	11.5	142410
5829	-526046400	14.7	142410
5829	-523368000	18	142410
5829	-520776000	21.3	142410
5829	-518097600	18.8	142410
5829	-515419200	17.2	142410
5829	-512827200	12.7	142410
5829	-510148800	4.4	142410
5829	-507556800	0.9	142410
5829	-504878400	-5.9	142410
5829	-502200000	-5.1	142410
5829	-499780800	6.1	142410
5829	-497102400	8.8	142410
5829	-494510400	14	142410
5829	-491832000	20	142410
5829	-489240000	18.8	142410
5829	-486561600	19.7	142410
5829	-483883200	17.6	142410
5829	-481291200	11.3	142410
5829	-478612800	5.1	142410
5829	-476020800	3.9	142410
5829	-473342400	1	142410
5829	-470664000	2.9	142410
5829	-468244800	2.6	142410
5829	-465566400	8.3	142410
5829	-462974400	13.5	142410
5829	-460296000	18.3	142410
5829	-457704000	20.6	142410
5829	-455025600	19.8	142410
5829	-452347200	16.6	142410
5829	-449755200	11	142410
5829	-447076800	4.6	142410
5829	-444484800	3.3	142410
5829	-441806400	3.1	142410
5829	-439128000	-8.6	142410
5829	-436622400	2.3	142410
5829	-433944000	9.9	142410
5829	-431352000	15.4	142410
5829	-428673600	17.4	142410
5829	-426081600	20.8	142410
5829	-423403200	20.1	142410
5829	-420724800	17.3	142410
5829	-418132800	11.3	142410
5829	-415454400	2.8	142410
5829	-412862400	0.1	142410
5829	-410184000	-4.2	142410
5829	-407505600	5	142410
5829	-405086400	7.3	142410
5829	-402408000	10.1	142410
5829	-399816000	12.5	142410
5829	-397137600	20.3	142410
9977	-4512628800	-4.4	110207
9977	-4509950400	-7.3	110207
9977	-4507531200	5.1	110207
9977	-4504852800	9	110207
9977	-4502260800	14.6	110207
9977	-4499582400	17.5	110207
9977	-4496990400	18.3	110207
9977	-4494312000	16.6	110207
9977	-4491633600	12.9	110207
9977	-4489041600	8.5	110207
9977	-4486363200	-1.1	110207
9977	-4483771200	1.1	110207
9977	-4481092800	-1.1	110207
9977	-4478414400	-2.9	110207
9977	-4475908800	3	110207
9977	-4473230400	8.1	110207
9977	-4470638400	12.7	110207
9977	-4467960000	15.8	110207
9977	-4465368000	18.5	110207
9977	-4462689600	15	110207
9977	-4460011200	12.5	110207
9977	-4457419200	6.5	110207
9977	-4454740800	1.5	110207
9977	-4452148800	-0.2	110207
9977	-4449470400	-6.4	110207
9977	-4446792000	-6.4	110207
9977	-4444372800	-1	110207
9977	-4441694400	7.2	110207
9977	-4439102400	9.6	110207
9977	-4436424000	13	110207
9977	-4433832000	17.1	110207
9977	-4431153600	13.9	110207
9977	-4428475200	12.5	110207
9977	-4425883200	5.3	110207
9977	-4423204800	-3.4	110207
9977	-4420612800	-10.7	110207
9977	-4417934400	-12.8	110207
9977	-4415256000	-5.3	110207
9977	-4412836800	2.5	110207
9977	-4410158400	8.3	110207
9977	-4407566400	12.7	110207
9977	-4404888000	15.9	110207
9977	-4402296000	17.8	110207
9977	-4399617600	17.1	110207
9977	-4396939200	10.5	110207
9977	-4394347200	5.9	110207
9977	-4391668800	2.7	110207
9977	-4389076800	-2.5	110207
9977	-4386398400	-7.9	110207
9977	-4383720000	-2.3	110207
9977	-4381300800	2.5	110207
9977	-4378622400	9.1	110207
9977	-4376030400	12	110207
9977	-4373352000	14.2	110207
9977	-4370760000	17.2	110207
9977	-4368081600	16.4	110207
9977	-4365403200	10.9	110207
9977	-4362811200	9.8	110207
9977	-4360132800	1.7	110207
9977	-4357540800	-3.1	110207
9977	-4354862400	-4	110207
9977	-4352184000	-2.4	110207
9977	-4349678400	1	110207
9977	-4.347e+09	6.5	110207
9977	-4344408000	10.3	110207
9977	-4341729600	14.8	110207
9977	-4339137600	15.9	110207
9977	-4336459200	17.6	110207
9977	-4333780800	11	110207
9977	-4331188800	6.6	110207
9977	-4328510400	-0.4	110207
9977	-4325918400	-3.1	110207
9977	-4323240000	-8.1	110207
9977	-4320561600	1.7	110207
9977	-4318142400	2.1	110207
9977	-4315464000	5.2	110207
9977	-4312872000	15.3	110207
9977	-4310193600	17.3	110207
9977	-4307601600	15.3	110207
9977	-4304923200	13.2	110207
9977	-4302244800	12.4	110207
9977	-4299652800	5.6	110207
9977	-4296974400	1.7	110207
9977	-4294382400	1.9	110207
9977	-4291704000	1.2	110207
9977	-4289025600	-2.7	110207
9977	-4286606400	1	110207
9977	-4283928000	4.4	110207
9977	-4281336000	14.8	110207
9977	-4278657600	17.7	110207
9977	-4276065600	20.1	110207
9977	-4273387200	18.5	110207
9977	-4270708800	14.5	110207
9977	-4268116800	6.3	110207
9977	-4265438400	0.3	110207
9977	-4262846400	-1.5	110207
9977	-4260168000	-2.2	110207
9977	-4257489600	-1.4	110207
9977	-4255070400	1.4	110207
9977	-4252392000	5.8	110207
9977	-4249800000	13	110207
9977	-4247121600	15.2	110207
9977	-4244529600	17.9	110207
9977	-4241851200	16.8	110207
9977	-4239172800	12.7	110207
9977	-4236580800	5.9	110207
9977	-4233902400	-3.1	110207
9977	-4231310400	-4.8	110207
9977	-4228632000	-6.3	110207
9977	-4225953600	-3.2	110207
9977	-4223448000	5.5	110207
9977	-4220769600	6.5	110207
9977	-4218177600	9.7	110207
9977	-4215499200	16	110207
9977	-4212907200	17.6	110207
9977	-4210228800	16.2	110207
9977	-4207550400	12.4	110207
9977	-4204958400	8.6	110207
9977	-4202280000	0.5	110207
9977	-4199688000	0.3	110207
9977	-4197009600	-3.7	110207
9977	-4194331200	-3.9	110207
9977	-4191912000	-1.5	110207
9977	-4189233600	5.1	110207
9977	-4186641600	10.3	110207
9977	-4183963200	16	110207
9977	-4181371200	16.6	110207
9977	-4178692800	19.2	110207
9977	-4176014400	11.1	110207
9977	-4173422400	6.8	110207
9977	-4170744000	1.5	110207
9977	-4168152000	-2.7	110207
9977	-4165473600	-10.4	110207
9977	-4162795200	-6.1	110207
9977	-4160376000	1.9	110207
9977	-4157697600	4.2	110207
9977	-4155105600	11.5	110207
9977	-4152427200	15.6	110207
9977	-4149835200	16	110207
9977	-4147156800	14.6	110207
9977	-4144478400	13.5	110207
9977	-4141886400	6	110207
9977	-4139208000	1.4	110207
9977	-4136616000	-4.2	110207
9977	-4133937600	-3.8	110207
9977	-4131259200	-2.5	110207
9977	-4128840000	-0.5	110207
9977	-4126161600	2.9	110207
9977	-4123569600	10.5	110207
9977	-4120891200	17.9	110207
9977	-4118299200	18.4	110207
9977	-4115620800	15.2	110207
9977	-4112942400	13.5	110207
9977	-4110350400	8.8	110207
9977	-4107672000	3.3	110207
9977	-4105080000	-0.3	110207
9977	-4102401600	-2.9	110207
9977	-4099723200	-3.6	110207
9977	-4097217600	-3.5	110207
9977	-4094539200	6.1	110207
9977	-4091947200	11.6	110207
9977	-4089268800	15.1	110207
9977	-4086676800	16.3	110207
9977	-4083998400	16	110207
9977	-4081320000	12.8	110207
9977	-4078728000	4.8	110207
9977	-4076049600	4.1	110207
9977	-4073457600	-10.2	110207
9977	-4070779200	-5	110207
9977	-4068100800	-5.6	110207
9977	-4065681600	2.9	110207
9977	-4063003200	7.9	110207
9977	-4060411200	15.8	110207
9977	-4057732800	15	110207
9977	-4055140800	16.6	110207
9977	-4052462400	16	110207
9977	-4049784000	13.8	110207
9977	-4047192000	9.9	110207
9977	-4044513600	1.9	110207
9977	-4041921600	-0.1	110207
9977	-4039243200	-8.1	110207
9977	-4036564800	-6.9	110207
9977	-4034145600	2.8	110207
9977	-4031467200	4.4	110207
9977	-4028875200	12.5	110207
9977	-4026196800	15.7	110207
9977	-4023604800	16.8	110207
9977	-4020926400	18.1	110207
9977	-4018248000	13	110207
9977	-4015656000	3.5	110207
9977	-4012977600	-0.4	110207
9977	-4010385600	-2.1	110207
9977	-4007707200	-2.5	110207
9977	-4005028800	2.7	110207
9977	-4002609600	0.8	110207
9977	-3999931200	7	110207
9977	-3997339200	10.9	110207
9977	-3994660800	14.6	110207
9977	-3992068800	16.4	110207
9977	-3989390400	16.6	110207
9977	-3986712000	10.8	110207
9977	-3984120000	7.2	110207
9977	-3981441600	2.2	110207
9977	-3978849600	-0.1	110207
9978	1301659200	13	110350
9978	1304251200	16	110350
9978	1306929600	19.8	110350
9978	1309521600	19.2	110350
9978	1312200000	21.1	110350
9978	1314878400	17.7	110350
9978	1317470400	10	110350
9978	1320148800	3.4	110350
9978	1322740800	3.8	110350
9978	1325419200	2.6	110350
9978	1328097600	-2.1	110350
9978	1330603200	8.5	110350
9978	1333281600	11	110350
9978	1335873600	17	110350
9978	1338552000	20.5	110350
9978	1341144000	21.5	110350
9978	1343822400	21.6	110350
9978	1346500800	16.7	110350
9978	1349092800	10.2	110350
9978	1351771200	6.9	110350
9978	1354363200	0.8	110350
9978	1357041600	0.6	110350
9978	1359720000	1.3	110350
9978	1362139200	2.9	110350
9978	1364817600	11.7	110350
9978	1367409600	15	110350
9978	1370088000	18.6	110350
9978	1372680000	22.9	110350
9978	1375358400	21.3	110350
9978	1378036800	15.1	110350
9978	1380628800	11	110350
9978	1383307200	6.4	110350
9978	1385899200	3.2	110350
9978	1388577600	2.3	110350
9978	1391256000	4.2	110350
9978	1393675200	9.2	110350
9978	1396353600	12.6	110350
9978	1398945600	14.9	110350
9978	1401624000	19.6	110350
9978	1404216000	21.9	110350
9978	1406894400	19	110350
9978	1409572800	15.9	110350
9978	1412164800	12.2	110350
9978	1414843200	8.1	110350
9978	1417435200	3.9	110350
9978	1420113600	3	110350
9989	1417435200	2.8	118580
9989	1420113600	2	118580
9989	1422792000	2.2	118580
9989	1425211200	6.6	118580
9989	1427889600	11.1	118580
9989	1430481600	16	118580
9990	1235908800	3.4	119030
9990	1238587200	12.9	119030
10008	-391867200	18.9	142410
10008	-389188800	16	142410
10008	-386596800	10.4	142410
10008	-383918400	6.9	142410
10008	-381326400	1.2	142410
10008	-378648000	-1.3	142410
10008	-375969600	3.7	142410
10008	-373550400	2.4	142410
10008	-370872000	8.5	142410
10008	-368280000	18.1	142410
10008	-365601600	17.9	142410
10008	-363009600	21	142410
10008	-360331200	20.8	142410
10008	-357652800	17	142410
10008	-355060800	12.5	142410
10008	-352382400	6.7	142410
10008	-349790400	3.8	142410
13485	1425211200	6.6	110350
13485	1427889600	11.2	110350
13485	1430481600	15.3	110350
13492	1301659200	11.7	112400
13492	1304251200	15	112400
13492	1306929600	18.6	112400
13492	1309521600	19.2	112400
13492	1312200000	20.2	112400
13492	1314878400	17.2	112400
13492	1317470400	8.3	112400
13492	1320148800	2.5	112400
13492	1322740800	0.1	112400
13492	1325419200	-1	112400
13492	1328097600	-3.1	112400
13492	1330603200	7	112400
13492	1333281600	10.1	112400
13492	1335873600	15.1	112400
13492	1338552000	19.7	112400
13492	1341144000	20.5	112400
13492	1343822400	20.8	112400
13492	1346500800	15.2	112400
13492	1349092800	9.3	112400
13492	1351771200	5.7	112400
13492	1354363200	-1.2	112400
13492	1357041600	-0.6	112400
13492	1359720000	0	112400
13492	1362139200	2.3	112400
13492	1364817600	10.8	112400
13492	1367409600	14.2	112400
13492	1370088000	18.5	112400
13492	1372680000	21.7	112400
13492	1375358400	20.7	112400
13492	1378036800	14.2	112400
13492	1380628800	10.5	112400
13492	1383307200	5	112400
13492	1385899200	0.8	112400
13492	1388577600	1.8	112400
13492	1391256000	2.3	112400
13492	1393675200	7.6	112400
13492	1396353600	11.6	112400
13492	1398945600	14.2	112400
13492	1401624000	18.5	112400
13492	1404216000	19.9	112400
13492	1406894400	17.7	112400
13492	1409572800	14.9	112400
13492	1412164800	11.8	112400
13492	1414843200	7.4	112400
13492	1417435200	0.7	112400
13492	1420113600	1.1	112400
13496	1243857600	16.7	119030
13496	1246449600	20.9	119030
13496	1249128000	20.4	119030
13496	1251806400	16.3	119030
13496	1254398400	8.7	119030
13496	1257076800	5.1	119030
13496	1259668800	-0.9	119030
13496	1262347200	-3.3	119030
13496	1265025600	-1.1	119030
13496	1267444800	4	119030
13496	1270123200	9.8	119030
13496	1272715200	14.8	119030
13496	1275393600	19	119030
13496	1277985600	22	119030
13496	1280664000	18.8	119030
13496	1283342400	13	119030
13496	1285934400	6.7	119030
13496	1288612800	7	119030
13496	1291204800	-4.6	119030
13496	1293883200	-3.3	119030
13496	1296561600	-1.5	119030
13496	1298980800	4.7	119030
13496	1301659200	11.9	119030
13496	1304251200	14.8	119030
13496	1306929600	18.4	119030
13496	1309521600	19	119030
13496	1312200000	20.5	119030
13496	1314878400	16.6	119030
13496	1317470400	8	119030
13496	1320148800	0.8	119030
13496	1322740800	0	119030
13496	1325419200	-2.4	119030
13496	1328097600	-5.2	119030
13496	1330603200	5.4	119030
13496	1333281600	10.5	119030
13496	1335873600	15.8	119030
13496	1338552000	19.2	119030
13496	1341144000	21	119030
13496	1343822400	20.2	119030
13496	1346500800	15.9	119030
13496	1349092800	9.3	119030
13496	1351771200	6.2	119030
13496	1354363200	-3.9	119030
13496	1357041600	-3	119030
13496	1359720000	-0.7	119030
13496	1362139200	1.5	119030
13496	1364817600	10.6	119030
13496	1367409600	14.9	119030
13496	1370088000	18.8	119030
13496	1372680000	20.7	119030
13496	1375358400	21	119030
13496	1378036800	13.1	119030
13496	1380628800	10.7	119030
13496	1383307200	5.8	119030
13496	1385899200	0.2	119030
13496	1388577600	2	119030
13496	1391256000	3.5	119030
13508	-344433600	-0.7	142410
13508	-342014400	8.7	142410
13508	-339336000	11.4	142410
13508	-336744000	14.9	142410
13508	-334065600	18.2	142410
13508	-331473600	21.6	142410
16535	1425211200	4.9	112400
16535	1427889600	9.8	112400
16535	1430481600	15.1	112400
16538	1396353600	11	119030
16538	1398945600	14.4	119030
16538	1401624000	18.2	119030
16538	1404216000	20.5	119030
16538	1406894400	17.5	119030
16538	1409572800	15.5	119030
16538	1412164800	10.7	119030
16538	1414843200	6.6	119030
16538	1417435200	1.7	119030
16538	1420113600	0.4	119030
16538	1422792000	-1.3	119030
16538	1425211200	5.1	119030
16538	1427889600	9.3	119030
16538	1430481600	14.8	119030
16546	-326116800	14.6	142410
16546	-323524800	9.4	142410
16546	-320846400	5.7	142410
16546	-318254400	4.8	142410
16546	-315576000	-1.5	142410
16546	-312897600	2.5	142410
16546	-310392000	6.7	142410
16546	-307713600	11	142410
16546	-305121600	14.5	142410
16546	-302443200	19.5	142410
16546	-299851200	19	142410
16546	-297172800	20.5	142410
16546	-294494400	15.4	142410
16546	-291902400	13.4	142410
16546	-289224000	8.1	142410
16546	-286632000	3.5	142410
16546	-283953600	-1	142410
16546	-281275200	3.7	142410
16546	-278856000	8.5	142410
16546	-276177600	14.1	142410
16546	-273585600	14.4	142410
16546	-270907200	19.3	142410
16546	-268315200	19.2	142410
16546	-265636800	19.5	142410
16546	-262958400	17.9	142410
16546	-260366400	13.2	142410
16546	-257688000	6.8	142410
16546	-255096000	-0.4	142410
16546	-252417600	0.2	142410
16546	-249739200	0.5	142410
16546	-247320000	2.6	142410
16546	-244641600	11.3	142410
16546	-242049600	14.4	142410
16546	-239371200	16.4	142410
16546	-236779200	18.6	142410
16546	-234100800	21.4	142410
16546	-231422400	15.8	142410
16546	-228830400	11.4	142410
16546	-226152000	4.8	142410
16546	-223560000	-4.1	142410
19246	94737600	-1.4	142410
19246	97416000	1.8	142410
19246	99835200	4.7	142410
19246	102513600	8.7	142410
19246	105105600	15.4	142410
19246	107784000	18.4	142410
19246	110376000	20.1	142410
19246	113054400	19.6	142410
19246	115732800	16.3	142410
19246	118324800	9.5	142410
19246	121003200	3.5	142410
19246	123595200	0.1	142410
19246	126273600	1.1	142410
19246	128952000	6	142410
19246	131371200	7.3	142410
19246	134049600	8.8	142410
19246	136641600	14	142410
19246	139320000	16.8	142410
19246	141912000	19.8	142410
19246	144590400	21	142410
19246	147268800	16.7	142410
19246	149860800	7.2	142410
19246	152539200	6.5	142410
19246	155131200	2.7	142410
19246	157809600	3.8	142410
19246	160488000	1.6	142410
19246	162907200	6.7	142410
19246	165585600	10.2	142410
19246	168177600	16.1	142410
19246	170856000	17.3	142410
19246	173448000	20.1	142410
19246	176126400	19.4	142410
19246	178804800	18.5	142410
19246	181396800	10.2	142410
19246	184075200	4.4	142410
19246	186667200	0.6	142410
19246	189345600	0.5	142410
19246	192024000	0.2	142410
19246	194529600	1.6	142410
19246	197208000	10.4	142410
19246	199800000	14.5	142410
19246	202478400	17.6	142410
19246	205070400	20.4	142410
19246	207748800	16.8	142410
19246	210427200	14.8	142410
19246	213019200	11.1	142410
19246	215697600	7.1	142410
19246	218289600	0.4	142410
19246	220968000	1.5	142410
19246	223646400	4.9	142410
19246	226065600	9.2	142410
19246	228744000	8.9	142410
19246	231336000	15.2	142410
19246	234014400	18.7	142410
19246	236606400	19.9	142410
19246	239284800	19.6	142410
19246	241963200	14.3	142410
19246	244555200	11.6	142410
19246	247233600	6.6	142410
19246	249825600	-0.5	142410
19246	252504000	-0.1	142410
19246	255182400	0.5	142410
19246	257601600	7.3	142410
19246	260280000	9.3	142410
19246	262872000	13.2	142410
19246	265550400	17.3	142410
19246	268142400	18.4	142410
19246	270820800	18.2	142410
19246	273499200	15.3	142410
19246	276091200	10.7	142410
19246	278769600	2.2	142410
19246	281361600	0.3	142410
19246	284040000	-2	142410
19246	286718400	2.3	142410
19246	289137600	7.9	142410
19246	291816000	9.6	142410
19246	294408000	15.1	142410
19246	297086400	20.7	142410
19246	299678400	18.6	142410
19246	302356800	18.5	142410
19246	305035200	16.1	142410
19246	307627200	10	142410
19246	310305600	5.8	142410
19246	312897600	3.9	142410
19246	315576000	-2.4	142410
19246	318254400	3	142410
19246	320760000	6.3	142410
19246	323438400	8.3	142410
19246	326030400	12.6	142410
19246	328708800	17.6	142410
19246	331300800	18.8	142410
19246	333979200	19.7	142410
19246	336657600	15.9	142410
19246	339249600	10.9	142410
19246	341928000	4.2	142410
19246	344520000	-1.4	142410
19246	347198400	-2.9	142410
19246	349876800	0.6	142410
19246	352296000	8.8	142410
19246	354974400	10.6	142410
19246	357566400	14.9	142410
19246	360244800	18.7	142410
19246	362836800	19.5	142410
19246	365515200	19.8	142410
19246	368193600	17	142410
19246	370785600	13.2	142410
19246	373464000	5.2	142410
19246	376056000	0.4	142410
19246	378734400	-2.1	142410
19246	381412800	-0.8	142410
19246	383832000	5.5	142410
19246	386510400	7.7	142410
19246	389102400	15.3	142410
19246	391780800	19.5	142410
19246	394372800	21.2	142410
19246	397051200	19.6	142410
19246	399729600	18.8	142410
19246	402321600	12	142410
19246	4.05e+08	5.5	142410
19246	407592000	4.5	142410
19246	410270400	2.5	142410
19246	412948800	-2.4	142410
19246	415368000	7	142410
19246	418046400	12.6	142410
19246	420638400	16.4	142410
19246	423316800	18.4	142410
19246	425908800	22.7	142410
19246	428587200	20.8	142410
19246	431265600	16.5	142410
19246	433857600	11.5	142410
19246	436536000	3	142410
19246	439128000	0.8	142410
19246	441806400	-0.3	142410
19246	444484800	0.2	142410
19246	446990400	5.2	142410
19246	449668800	10.2	142410
19246	452260800	14	142410
19246	454939200	17.6	142410
19246	457531200	19.1	142410
19246	460209600	18.9	142410
19246	462888000	16.6	142410
19246	465480000	13.1	142410
19246	468158400	5.9	142410
19246	470750400	1	142410
19246	473428800	-6	142410
19246	476107200	-3.4	142410
19246	478526400	5.5	142410
19246	481204800	10.9	142410
19246	483796800	16.6	142410
19246	486475200	17.1	142410
19246	489067200	20.6	142410
19246	491745600	20.3	142410
19246	494424000	16.9	142410
19246	497016000	10.6	142410
19246	499694400	3.6	142410
19246	502286400	5.1	142410
19246	504964800	0.7	142410
19246	507643200	-3.7	142410
19246	510062400	3.4	142410
19246	512740800	11.7	142410
19246	515332800	18.1	142410
19246	518011200	17.7	142410
19246	520603200	19.5	142410
19246	523281600	21.3	142410
19246	525960000	15.6	142410
19246	528552000	10.7	142410
19246	531230400	5.9	142410
19246	533822400	-0.4	142410
19246	536500800	-3.4	142410
19246	539179200	0.7	142410
19246	541598400	1.7	142410
19246	544276800	11.4	142410
19246	546868800	14	142410
19246	549547200	18.7	142410
19246	552139200	21.8	142410
19246	554817600	19	142410
19246	557496000	19.5	142410
19246	560088000	12.4	142410
19246	562766400	4.9	142410
19246	565358400	1.2	142410
19246	568036800	3.9	142410
19246	570715200	4.1	142410
19246	573220800	5.6	142410
19246	575899200	10	142410
19246	578491200	15.5	142410
19246	581169600	18.4	142410
19246	583761600	22	142410
19246	586440000	20.4	142410
19246	589118400	16.4	142410
19246	591710400	10.1	142410
19246	594388800	1.4	142410
19246	596980800	0.5	142410
19246	599659200	-1	142410
19246	602337600	4.3	142410
19246	604756800	9.3	142410
19246	607435200	11.9	142410
19246	610027200	14.5	142410
19246	612705600	17.2	142410
19246	615297600	21.2	142410
19246	617976000	20.4	142410
19246	620654400	16	142410
19246	623246400	10.3	142410
19246	625924800	4.1	142410
19246	628516800	3.4	142410
19246	631195200	-0.4	142410
19246	633873600	6.6	142410
19246	636292800	9.7	142410
19246	638971200	10.1	142410
19246	641563200	17	142410
21648	654782400	11.5	142410
21648	657460800	5.7	142410
21648	660052800	0.9	142410
21648	662731200	1.8	142410
21648	665409600	-2.3	142410
21648	667828800	8.4	142410
21648	670507200	9.3	142410
21648	673099200	12.3	142410
21648	675777600	18.6	142410
21648	678369600	22.3	142410
21648	681048000	20.8	142410
